Distance Matrix
---------------

Using the Tamura correction method
Using base positions 123 in the codon
Gap weighting is 0.000000

	    1	    2	    3	    4	    5	    6	    7	    8	    9	    10	    11	    12	    13	    14	    15	    16	    17	    18	    19	    20	    21	    22	    23	    24	    25	    26	    27	    28	    29	    30	    31	    32	    33	    34	    35	    36	    37	    38	    39	    40	    41	    42	    43	    44	    45	    46	    47	    48	    49	    50	    51	    52	    53	    54	    55	    56	    57	    58
	  0.00	188.31	199.16	203.04	168.39	175.09	165.44	184.82	195.77	192.94	191.75	187.35	147.25	193.37	171.22	172.44	174.90	198.76	168.94	170.68	185.44	168.16	164.27	 37.60	219.51	208.48	213.87	188.76	180.31	193.90	167.44	 37.74	215.92	 37.94	201.14	182.97	174.52	163.52	183.34	177.66	223.85	214.97	188.12	187.46	185.84	204.88	183.61	196.56	176.85	185.75	209.63	 39.29	154.65	181.64	171.10	168.50	202.53	176.53		Python_bivittatus 1
		  0.00	 45.31	 41.49	173.60	203.42	206.53	 42.23	188.61	 39.70	191.82	182.24	215.18	 39.52	218.17	134.51	 39.30	 41.64	203.61	 46.65	 59.54	242.84	 38.39	192.85	 55.86	 57.05	 54.49	 41.64	202.91	 38.62	 48.63	192.20	170.78	192.00	242.78	204.39	 55.11	 56.32	183.95	 51.85	 54.18	 57.94	 56.60	 38.81	202.61	214.87	 55.25	223.43	136.72	 46.84	 53.66	191.28	267.67	314.61	134.92	162.52	 58.48	172.22		Anilios_bituberculatus 2
			  0.00	 24.86	208.92	197.76	202.51	 45.35	176.95	 46.77	174.11	178.55	182.49	 45.69	204.21	137.81	 35.96	 46.41	207.36	 37.50	 52.48	229.39	 36.41	210.80	 52.47	 53.04	 54.37	 43.72	236.18	 35.67	 53.34	210.28	186.41	237.24	204.91	169.81	 43.85	 39.95	180.88	 48.46	 46.65	 49.40	 59.72	 45.15	180.63	193.50	 44.45	223.99	132.81	 39.92	 53.87	224.66	254.51	221.09	154.29	162.46	 53.34	193.85		Anolis_carolinensis 3
				  0.00	211.81	186.61	183.33	 46.00	190.28	 44.75	186.88	204.15	239.11	 46.31	231.35	141.73	 35.04	 44.29	191.36	 37.87	 51.67	217.68	 32.92	225.71	 53.38	 52.63	 52.79	 43.05	214.22	 33.12	 55.62	216.49	183.99	211.18	197.52	183.09	 46.64	 43.88	188.00	 49.32	 48.24	 51.49	 58.36	 43.32	210.46	220.06	 47.00	204.04	127.41	 40.97	 51.49	253.55	247.97	249.06	160.66	167.41	 52.65	186.21		Anolis_sagrei 4
					  0.00	206.45	201.78	180.39	206.35	180.96	221.12	237.89	188.80	174.70	180.92	185.13	199.80	181.05	206.42	202.36	211.55	221.21	189.01	195.43	205.51	185.99	212.92	199.80	168.64	185.62	183.55	181.09	202.07	208.93	168.76	216.50	199.14	193.82	190.31	207.92	179.77	182.86	185.38	173.73	202.16	195.19	186.60	185.55	202.73	183.34	218.53	187.69	170.51	214.57	180.30	180.73	224.36	190.01		Arizona_elegans 5
						  0.00	160.10	178.65	191.31	179.00	218.12	186.96	205.47	177.88	178.83	166.46	173.58	185.75	175.39	172.04	175.80	158.29	167.12	159.60	183.13	183.52	188.71	164.77	196.15	178.55	165.61	165.48	193.84	162.03	199.54	199.20	172.18	172.46	200.38	181.10	181.69	192.95	158.17	170.95	205.95	 21.69	161.60	186.41	221.03	171.28	166.25	168.25	200.03	211.28	196.93	175.99	177.34	199.23		Aspidocelis_tigris 6
							  0.00	186.90	179.34	180.64	187.76	171.39	176.00	197.13	206.05	192.76	173.19	183.36	 53.58	157.51	208.91	 34.70	167.24	195.29	167.78	179.68	187.18	167.03	195.80	170.92	178.96	204.75	182.35	176.87	 56.13	179.96	166.89	170.25	178.90	191.82	173.20	190.62	182.19	180.59	180.67	173.42	172.14	 54.12	257.48	162.19	190.14	190.63	197.97	 53.41	213.98	159.48	188.14	163.67		Aspidoscelis_marmoratus 7
								  0.00	155.82	 20.73	179.96	170.79	192.78	 23.81	169.58	147.23	 42.02	 25.72	201.75	 46.66	 64.34	186.23	 41.81	195.90	 57.72	 57.68	 60.14	 29.31	224.27	 40.85	 41.38	186.52	161.23	193.52	211.50	163.41	 56.29	 56.49	180.77	 56.52	 55.82	 56.75	 64.83	 19.97	191.56	175.16	 53.29	193.99	137.59	 47.02	 59.06	208.02	190.27	245.73	141.03	159.39	 56.86	170.57		Azemiops_feae 8
									  0.00	161.17	 27.62	 48.19	172.30	169.03	133.87	190.91	171.72	171.86	208.10	161.58	175.25	165.16	179.66	180.88	204.91	200.94	207.65	170.52	204.10	157.39	175.07	192.89	 26.69	203.18	178.23	 47.34	190.34	191.28	 29.87	179.44	186.05	201.79	195.67	158.77	 26.66	187.34	173.40	174.05	213.10	176.72	191.16	200.94	197.07	194.08	197.51	 29.41	209.11	 27.50		Boaedon_fuliginosus 9
										  0.00	171.40	175.02	194.50	 18.48	173.93	127.50	 41.60	 26.91	181.33	 45.38	 65.90	184.84	 38.53	195.93	 59.73	 58.47	 60.56	 29.29	193.12	 41.44	 40.06	195.13	166.51	218.21	192.80	171.09	 57.18	 59.50	183.10	 53.78	 56.58	 58.21	 60.50	 18.34	187.82	174.98	 57.58	209.90	137.56	 43.36	 55.43	203.19	197.35	264.19	126.84	141.27	 60.04	172.85		Bothrops_jararaca 10
											  0.00	 44.55	173.23	201.57	141.82	206.31	184.82	180.39	194.94	173.88	187.88	171.43	192.01	195.95	191.12	206.90	198.60	191.80	216.44	195.14	171.43	204.42	 23.22	220.94	204.71	 46.14	172.39	178.34	 23.82	207.06	186.99	184.65	193.81	179.99	 22.22	201.14	192.49	201.96	196.77	195.31	201.30	221.56	223.54	216.19	206.45	 29.25	203.83	 22.78		Bungarus_multicintus 11
												  0.00	176.18	187.00	129.22	196.44	173.40	182.96	204.75	166.88	189.94	170.28	167.61	213.87	185.36	189.30	196.40	190.83	208.61	186.18	175.65	227.40	 46.45	230.73	191.63	 39.82	189.27	190.24	 45.84	181.22	200.74	213.86	202.66	181.28	 40.52	202.15	170.13	209.00	195.19	200.02	192.73	231.30	229.15	196.76	181.47	 49.72	204.12	 42.94		Calotes_versicolor 12
													  0.00	178.29	170.30	206.20	197.43	215.85	195.36	178.80	180.53	200.40	190.23	154.44	193.48	203.49	200.44	182.27	191.00	214.21	158.44	155.83	182.51	156.50	213.63	211.74	187.66	193.42	169.63	200.50	201.83	206.88	175.19	173.90	172.57	230.70	189.19	195.08	236.11	172.69	190.44	148.52	160.07	nan	176.51	171.68	182.94	160.49		Charina_bottae 13
														  0.00	184.71	124.43	 39.45	 27.43	207.53	 47.32	 62.99	209.70	 38.20	198.49	 54.06	 55.93	 55.67	 29.49	190.90	 38.74	 38.10	212.49	163.66	214.80	220.15	177.99	 53.10	 55.04	191.05	 56.67	 55.06	 57.12	 55.48	 19.61	210.07	183.90	 53.44	194.05	136.36	 46.10	 54.41	223.35	186.70	226.80	129.77	167.22	 55.88	185.84		Crotalus_tigris 14
															  0.00	191.93	213.47	191.26	199.58	215.91	230.20	190.85	207.97	167.39	215.23	233.96	246.07	184.52	200.07	219.16	203.16	180.37	132.87	191.38	209.70	137.06	221.08	218.17	129.24	210.16	nan	nan	209.04	181.34	129.62	206.82	221.62	202.36	195.59	180.11	235.77	178.84	 50.50	222.32	165.66	125.09	310.07	130.36		Cryptoblepharus_egeriae 15
																  0.00	122.25	137.26	176.53	136.90	131.05	179.19	117.90	179.16	131.65	146.68	141.75	136.57	179.31	127.61	120.37	184.67	176.96	179.45	184.37	189.37	147.38	147.53	176.29	147.91	142.98	149.28	145.69	136.33	169.46	153.68	141.53	187.92	203.12	139.53	128.43	180.94	192.12	185.58	165.62	160.88	153.26	185.73		Ctenosaura_bakeri 16
																	  0.00	 44.47	175.83	 35.27	 51.76	190.06	 17.98	189.26	 55.78	 53.50	 54.59	 40.79	194.66	 33.00	 52.80	216.93	164.44	203.88	193.29	174.77	 41.59	 42.67	167.46	 44.79	 48.47	 50.96	 55.15	 41.46	188.81	176.80	 45.18	193.16	119.45	 38.71	 51.63	214.54	185.40	199.67	134.58	164.29	 54.31	169.80		Cyclura_pinguis 17
																		  0.00	193.74	 48.08	 60.60	190.14	 40.88	206.85	 63.95	 60.75	 60.01	 28.11	185.67	 40.13	 41.23	190.44	163.85	212.96	202.67	175.30	 58.79	 59.16	186.52	 58.75	 57.56	 62.18	 63.65	 25.52	191.97	178.06	 59.31	217.88	140.97	 46.33	 59.68	223.57	215.10	221.57	136.01	159.69	 60.97	174.41		Diadophis_punctatus 18
																			  0.00	197.09	210.40	 49.24	176.80	189.90	191.83	194.15	187.05	162.84	181.20	217.78	168.93	188.80	197.71	207.33	 52.88	202.34	177.92	182.82	193.59	207.31	174.53	178.10	192.66	210.96	190.63	164.70	192.64	 30.70	215.35	190.37	173.74	186.00	128.75	 37.46	210.08	187.89	187.96	191.45		Elgaria_multicarinata 19
																				  0.00	 50.34	204.11	 35.44	182.35	 51.75	 51.81	 51.83	 47.85	186.99	 37.70	 55.82	225.50	168.41	208.76	188.17	169.97	 52.06	 48.71	167.48	 52.26	 48.16	 51.58	 64.00	 46.52	183.01	166.48	 51.46	196.71	130.02	 36.28	 53.98	211.54	214.89	199.84	138.74	147.20	 50.66	171.16		Eublepharis_macularius 20
																					  0.00	199.26	 50.64	197.23	 56.52	 54.44	 53.78	 64.88	119.94	 51.59	 58.14	194.28	182.52	193.59	194.06	191.94	 48.76	 46.58	203.68	 50.24	 52.72	 56.65	 55.38	 64.80	195.92	176.70	 53.23	182.65	230.94	 54.67	 55.32	189.04	206.80	175.23	268.58	167.62	 56.81	180.15		Gekko_japonicus 21
																						  0.00	189.66	176.27	191.31	195.48	189.69	206.04	235.22	194.26	178.17	206.97	163.25	180.62	 59.16	179.72	179.49	172.13	177.65	206.08	186.83	196.63	183.85	188.96	174.10	165.71	176.90	 46.77	260.88	185.66	178.33	179.20	200.18	 47.53	209.98	151.73	199.61	164.51		Hemicordylus_capensis 22
																							  0.00	184.46	 50.44	 49.99	 50.41	 39.67	191.05	 29.83	 50.62	195.18	179.33	182.79	182.52	180.01	 42.18	 41.43	187.14	 42.66	 48.18	 49.84	 54.85	 39.12	190.49	170.22	 43.23	186.81	114.87	 37.14	 49.47	196.30	192.61	194.96	129.84	161.52	 52.20	189.87		Iguana_delicatissima 23
																								  0.00	129.28	130.10	131.30	212.71	164.85	198.30	119.56	 24.54	202.79	 25.32	246.81	179.49	117.68	119.22	192.36	123.07	138.06	137.06	131.71	191.19	190.27	176.86	124.65	199.77	211.00	187.65	124.71	 22.87	169.01	209.86	213.15	174.83	139.78	191.14		Imantodes_cenchoa 24
																									  0.00	 16.01	 14.61	 60.79	214.38	 49.22	 41.11	137.09	189.25	135.31	193.34	172.96	 33.20	 33.22	201.31	 35.43	 22.13	 21.51	 46.55	 56.39	211.91	184.01	 36.17	180.37	215.51	 57.59	 37.72	129.19	215.38	200.30	268.49	174.75	 23.95	192.21		Lacerta_agilis 25
																										  0.00	  7.06	 61.06	206.01	 48.54	 40.41	134.61	192.67	141.02	201.45	195.18	 33.60	 32.20	202.60	 35.90	 24.22	 23.58	 47.48	 56.65	212.34	187.69	 35.49	182.49	227.41	 50.16	 37.86	133.81	228.21	191.30	336.44	189.80	 22.94	196.74		Lacerta_bilineata 26
																											  0.00	 61.94	198.84	 47.60	 41.75	134.64	183.73	143.03	189.83	197.50	 33.50	 32.48	190.38	 36.75	 23.93	 23.75	 47.56	 56.00	209.36	190.50	 37.52	192.32	225.95	 53.86	 38.92	131.98	232.73	204.37	278.27	191.12	 24.38	197.78		Lacerta_viridis 27
																												  0.00	221.00	 43.65	 43.95	184.17	181.95	225.75	189.81	171.05	 55.87	 56.32	197.98	 57.60	 55.72	 58.34	 60.79	 29.00	199.00	172.06	 56.66	188.96	142.02	 48.76	 58.37	211.19	209.61	234.93	140.43	173.47	 61.99	196.15		Laticauda_colubrina 28
																													  0.00	183.18	169.92	173.87	195.08	174.81	192.98	235.76	228.35	228.52	207.76	197.31	211.06	218.35	190.52	202.69	190.61	184.35	218.66	176.94	 55.03	176.35	199.60	170.01	193.85	190.76	 53.04	186.18	219.29	191.78		Lepidodactylus_listeri 29
																														  0.00	 49.42	204.76	156.99	208.25	175.96	183.20	 43.48	 44.55	173.09	 43.13	 46.91	 47.94	 54.21	 37.81	185.08	181.20	 45.43	210.81	122.92	 36.16	 51.30	203.62	193.73	209.41	137.04	161.88	 51.82	165.99		Lerista_edwardsae 30
																															  0.00	121.96	170.86	121.76	204.11	158.26	 37.91	 38.74	187.59	 39.19	 41.53	 39.87	 44.70	 39.66	196.44	163.84	 40.31	175.25	211.51	 56.11	 40.74	117.84	179.88	210.45	193.24	160.20	 41.01	174.22		Morelia_viridis 31
																																  0.00	217.87	 25.55	222.00	198.97	127.22	130.68	204.74	130.69	144.04	139.38	129.41	201.22	201.24	195.43	125.44	209.32	244.08	194.07	131.21	 24.89	178.36	218.12	221.13	187.53	150.15	197.15		Myanophis_thanlyinensis 32
																																	  0.00	216.32	191.64	 46.09	168.45	165.32	 26.09	176.94	178.80	193.91	214.66	162.28	 24.83	183.74	177.62	192.96	190.64	183.05	164.43	219.20	198.03	201.90	189.15	 30.11	238.28	 22.06		Naja_naja 33
																																		  0.00	245.86	195.79	123.95	128.16	209.36	127.09	148.61	143.65	137.94	206.74	218.77	197.72	124.03	188.64	241.74	194.95	131.63	 26.91	168.48	206.70	197.23	168.81	152.71	204.62		Ophiophagus_hannah 34
																																			  0.00	209.50	178.35	199.71	210.46	262.22	193.41	176.24	203.83	210.37	187.25	200.80	193.04	 52.83	252.28	180.08	190.85	226.39	163.72	 58.22	221.52	192.37	203.16	187.23		Paroedura_picta 35
																																				  0.00	172.40	167.10	 45.82	197.76	169.41	195.96	184.35	172.79	 45.54	191.60	175.56	217.03	200.34	194.47	172.86	186.08	213.20	205.50	194.33	 49.19	191.29	 45.60		Phrynocephalus_versicolor 36
																																					  0.00	 13.17	189.52	 31.10	 32.10	 32.42	 43.71	 55.12	183.81	165.88	 21.16	168.72	225.22	 50.02	 35.22	125.87	178.89	184.43	280.33	162.76	 35.32	178.17		Phrynosoma_blainvillii 37
																																						  0.00	174.08	 31.63	 32.67	 32.16	 44.27	 54.00	187.19	165.28	 23.87	170.56	240.86	 51.87	 34.54	126.58	185.43	221.13	nan	159.82	 34.71	169.84		Phrynosoma_platyrhinos 38
																																							  0.00	194.59	194.53	206.48	189.63	191.01	 17.76	189.29	183.79	206.08	199.92	187.83	204.36	203.40	206.44	215.29	187.62	 27.27	209.19	 13.00		Pituophis_catenifer 39
																																								  0.00	 33.54	 36.91	 46.78	 55.77	207.63	218.19	 30.41	210.71	192.97	 51.81	 36.75	132.10	206.75	185.51	216.35	165.08	 38.49	184.65		Plestiodon_gilberti 40
																																									  0.00	 11.86	 43.65	 58.36	200.72	184.91	 30.32	195.79	213.44	 54.17	 36.51	144.60	260.31	204.87	245.18	173.70	 23.93	199.86		Podarci_raffonei 41
																																										  0.00	 43.74	 60.82	229.24	185.96	 33.22	190.09	216.08	 56.68	 35.19	138.94	268.65	228.20	271.27	184.64	 23.82	214.71		Podarcis_muralis 42
																																											  0.00	 59.61	230.13	182.96	 43.65	183.08	198.08	 58.91	 48.84	134.40	191.97	213.14	215.43	177.05	 48.08	189.30		Pogona_vitticeps 43
																																												  0.00	197.17	174.29	 55.47	202.88	131.48	 44.04	 59.51	208.61	179.56	276.18	132.00	165.77	 56.19	185.40		Protobothrops_mucrosquamatus 44
																																													  0.00	196.53	204.47	200.13	184.21	209.45	222.96	199.11	219.38	207.46	184.18	 28.15	235.17	 17.13		Ptyas_mucosa 45
																																														  0.00	168.81	179.94	231.20	179.34	180.18	211.74	176.86	193.98	194.95	175.85	195.49	188.39		Salvator_merianae 46
																																															  0.00	206.30	207.46	 51.64	 33.79	135.29	175.53	197.61	271.19	180.16	 36.11	187.07		Sceloporus_occidentalis 47
																																																  0.00	206.02	196.69	180.21	188.81	123.24	 39.35	221.68	190.87	205.70	200.55		Sceloporus_tristichus 48
																																																	  0.00	129.86	229.82	229.89	201.83	212.41	 38.85	172.18	214.78	215.99		Shinisaurus_crocodilurus 49
																																																		  0.00	 55.05	193.39	192.18	185.63	131.86	157.59	 55.14	195.98		Sphaerodactylus_townsendi 50
																																																			  0.00	140.10	213.19	194.58	201.90	172.26	 40.63	185.13		Sphenodon_punctatus 51
																																																				  0.00	179.51	206.59	192.89	175.58	153.42	190.70		Thermophis_baileyi 52
																																																					  0.00	145.00	191.29	175.08	295.91	187.89		Tropidonophis_doriae 53
																																																						  0.00	223.16	202.96	199.98	209.65		Varanus_komodoensis 54
																																																							  0.00	184.44	259.59	194.94		Varanus_salvator 55
																																																								  0.00	211.19	 27.13		Vipera_latastei 56
																																																									  0.00	199.58		Zootaca_vivipara 57
																																																										  0.00		Pantherophis_guttatus 58
