Distance Matrix
---------------

Using the Tamura correction method
Using base positions 123 in the codon
Gap weighting is 0.000000

	    1	    2	    3	    4	    5	    6	    7	    8	    9	    10	    11	    12	    13	    14	    15	    16	    17	    18	    19	    20	    21	    22	    23	    24	    25	    26	    27	    28	    29	    30	    31	    32	    33	    34	    35	    36	    37	    38	    39	    40	    41	    42	    43	    44	    45	    46	    47	    48	    49	    50	    51	    52	    53	    54	    55	    56	    57	    58	    59	    60
	  0.00	124.63	221.18	211.05	221.00	188.42	188.83	 45.21	197.97	 39.71	194.08	107.41	178.42	 56.03	200.23	 63.58	164.48	240.59	211.28	116.87	188.96	166.53	215.51	146.56	182.66	217.70	201.23	208.58	173.44	163.75	164.40	159.75	 36.72	174.66	157.46	174.39	195.22	188.58	188.03	210.75	217.53	226.27	219.05	169.46	 37.55	199.65	236.99	163.49	161.94	203.15	182.25	211.22	153.16	170.74	162.41	181.49	 35.56	nan	187.30	208.89		Python_bivittatus 1
		  0.00	225.86	196.95	284.39	241.40	193.68	147.02	178.45	120.36	255.16	117.60	187.20	162.07	217.27	170.45	189.75	218.86	192.87	195.12	185.27	 74.70	191.41	182.98	174.69	198.66	193.39	201.97	198.16	 76.77	 93.53	 65.17	124.52	181.19	182.39	 86.74	219.08	196.70	212.16	192.55	241.85	196.47	209.08	180.26	119.42	198.16	221.17	189.90	192.16	226.27	169.98	192.91	174.51	197.56	153.49	173.37	146.49	230.96	196.40	193.00		Anilios_bituberculatus 2
			  0.00	 31.10	228.88	231.36	223.68	199.41	223.96	227.25	241.89	203.02	197.12	178.80	199.92	217.57	198.66	201.45	248.37	199.52	 60.47	227.73	201.54	198.61	226.65	200.38	200.34	200.15	227.19	201.43	267.32	204.78	198.24	202.70	230.44	189.48	207.64	103.91	 37.28	276.70	206.03	185.78	193.40	208.68	211.25	282.25	234.86	193.28	201.69	203.91	207.33	207.71	231.51	249.67	215.56	191.41	193.14	240.11	235.74	270.72		Anolis_carolinensis 3
				  0.00	207.32	250.30	203.31	196.97	214.38	219.23	245.37	204.19	194.82	175.45	199.62	192.14	188.59	186.94	258.89	184.19	 58.50	193.66	196.19	181.70	207.94	196.61	185.66	187.51	190.65	196.28	227.47	189.16	197.27	182.93	236.58	187.57	222.14	100.63	 36.50	246.63	213.51	186.82	185.08	233.77	225.45	254.86	224.16	179.44	196.77	184.60	199.15	242.78	231.86	241.76	200.33	186.96	194.89	233.81	207.71	247.01		Anolis_sagrei 4
					  0.00	121.45	nan	241.51	196.58	240.07	123.59	259.24	224.52	207.56	204.03	193.65	197.15	185.47	211.49	185.93	213.33	262.11	200.90	194.85	217.94	nan	269.64	276.23	216.73	230.50	224.23	196.86	190.86	227.57	227.43	227.26	207.15	187.55	205.73	236.80	229.25	266.29	282.05	225.68	242.35	222.02	174.58	179.06	179.50	247.43	196.28	221.24	205.50	225.36	228.99	202.29	196.16	262.37	184.43	274.47		Arizona_elegans 5
						  0.00	197.72	199.57	230.26	212.67	123.96	267.82	217.62	208.86	259.37	177.39	209.74	209.52	254.28	213.24	213.81	244.57	226.51	202.94	249.46	191.49	228.08	229.80	246.25	224.57	247.51	239.54	180.30	241.00	202.73	227.06	188.04	196.28	214.51	191.36	279.44	217.42	217.64	237.25	197.58	185.06	193.61	196.87	183.75	249.67	230.49	nan	193.33	221.80	201.66	196.93	179.43	211.53	195.04	175.55		Aspidocelis_tigris 6
							  0.00	176.52	190.33	173.38	207.67	168.37	148.80	153.60	206.40	183.16	185.43	279.94	195.66	175.52	194.04	192.07	200.54	180.53	169.57	217.76	200.37	211.46	173.79	193.52	195.24	146.47	178.44	159.99	127.43	221.28	119.52	195.76	197.63	220.18	207.16	210.64	201.72	189.44	182.59	183.70	187.92	203.38	206.07	235.44	187.47	220.03	124.97	136.07	 81.64	204.21	154.63	216.60	184.77	182.11		Aspidoscelis_marmoratus 7
								  0.00	181.87	 38.77	200.72	108.42	137.01	 44.65	233.77	 70.37	170.75	232.87	210.98	116.74	168.54	153.87	214.57	167.43	171.52	232.52	227.37	233.34	194.21	159.48	165.19	159.01	 43.40	167.47	173.80	162.75	202.36	167.80	166.41	172.62	211.89	217.46	226.32	157.35	 33.47	175.86	181.13	168.29	166.67	234.74	195.93	208.90	163.10	173.29	168.84	188.92	 24.39	253.88	183.50	172.71		Azemiops_feae 8
									  0.00	190.47	244.97	211.18	166.39	184.78	229.06	196.19	nan	193.25	157.15	198.93	201.22	186.65	220.62	nan	 37.23	206.39	208.42	210.12	 77.09	185.07	184.71	176.87	193.62	 74.00	167.52	186.15	201.20	271.82	226.10	190.09	285.66	212.64	241.62	215.77	193.33	177.76	188.52	218.62	231.02	247.41	176.71	258.46	168.16	153.36	204.56	246.49	204.45	223.22	107.67	178.10		Boaedon_fuliginosus 9
										  0.00	196.50	106.27	197.90	 43.08	220.01	 69.98	192.22	229.42	206.88	120.58	183.78	154.34	224.13	166.12	162.28	237.82	214.77	224.81	192.18	159.54	161.61	154.92	 36.50	170.21	175.75	171.28	220.77	201.08	179.80	184.88	240.76	233.21	253.97	184.31	 23.11	183.93	207.64	176.00	174.65	219.33	179.24	219.24	165.92	182.08	170.71	177.28	 28.00	277.58	177.96	182.86		Bothrops_jararaca 10
											  0.00	246.69	231.55	197.39	224.96	187.16	207.57	190.90	208.21	203.33	282.50	229.77	228.40	207.43	211.32	285.78	305.85	nan	256.40	243.44	229.90	209.76	197.89	237.03	238.12	307.35	239.72	197.43	232.13	256.02	227.66	267.82	321.93	256.16	209.92	231.29	184.04	205.69	190.28	275.74	247.23	213.98	212.74	228.61	202.56	187.05	161.27	241.37	182.38	226.71		Bungarus_multicintus 11
												  0.00	199.82	 98.18	245.21	105.83	194.69	202.02	249.83	132.66	198.50	114.57	184.93	184.66	185.75	217.50	229.07	222.77	181.01	106.99	118.22	106.93	104.51	182.23	205.65	113.61	193.21	198.12	188.12	206.51	248.20	218.88	215.29	194.57	105.87	209.75	209.42	224.22	221.91	200.54	188.79	197.55	200.96	178.11	200.55	209.14	 96.60	224.06	213.11	205.29		Calotes_versicolor 12
													  0.00	177.55	220.73	187.68	165.42	201.08	189.96	169.72	179.55	195.39	nan	177.84	157.04	221.23	225.17	242.96	167.07	186.69	117.60	159.52	184.22	161.36	159.87	190.33	142.53	169.68	187.40	188.78	215.54	253.09	265.60	 72.16	186.90	188.55	194.09	191.82	192.72	291.75	 71.96	238.44	168.79	171.51	168.47	169.34	169.70	nan	201.37	179.55		Charina_bottae 13
														  0.00	204.11	 64.92	185.04	198.03	200.68	120.56	172.37	161.14	237.74	175.54	172.06	208.29	211.55	207.98	179.90	157.57	164.82	103.20	 53.33	169.01	149.95	163.77	195.30	167.25	159.05	204.48	216.05	215.49	219.71	152.40	 41.08	204.76	200.14	161.33	169.62	229.57	180.81	195.74	151.82	165.64	171.01	173.68	 29.88	246.71	183.37	192.77		Crotalus_tigris 14
															  0.00	189.26	167.07	225.58	184.44	187.45	188.74	221.64	174.63	181.10	211.71	134.21	138.04	144.05	225.99	206.23	251.38	229.93	216.16	216.07	205.37	198.66	224.71	197.43	182.61	194.85	 36.40	140.49	140.55	209.19	216.95	206.35	205.42	184.98	175.50	169.30	176.36	 96.66	212.11	232.20	299.55	190.89	196.74	219.14	194.26	182.66		Cryptoblepharus_egeriae 15
																  0.00	175.56	284.24	203.01	110.00	201.96	153.34	210.16	167.53	189.90	211.70	234.34	238.53	189.45	160.20	157.07	165.98	 71.19	195.18	182.40	182.77	177.15	201.06	172.62	239.15	213.58	224.98	219.81	173.31	 74.56	254.53	199.54	167.79	169.68	211.16	165.02	191.44	167.69	151.79	178.56	207.91	 51.65	231.22	180.87	236.38		Ctenosaura_bakeri 16
																	  0.00	190.82	193.32	178.06	151.86	185.35	188.84	 29.40	230.78	214.49	193.13	192.62	187.76	198.39	180.28	162.72	177.09	168.39	154.60	190.43	183.00	147.15	187.35	192.99	177.78	205.62	207.50	183.11	183.68	211.93	169.45	135.37	133.41	211.28	186.91	211.87	172.98	195.66	200.92	166.93	159.78	195.01	176.25	198.17		Cyclura_pinguis 17
																		  0.00	185.54	281.24	201.56	209.05	194.78	186.60	184.23	220.07	215.31	226.98	212.43	189.92	206.26	201.19	197.87	181.06	203.46	200.99	189.15	200.08	196.02	185.92	216.12	206.24	209.09	218.74	214.00	180.25	104.79	230.71	225.22	283.72	212.24	208.86	191.83	186.68	241.15	221.90	200.18	195.59	166.00	180.45		Daboia_siamensis 18
																			  0.00	197.94	229.77	246.16	217.55	209.56	165.13	206.30	203.32	216.41	165.79	197.54	257.74	214.79	196.73	163.86	162.32	256.62	204.84	261.19	252.56	148.43	189.57	229.86	221.09	225.33	194.92	147.80	163.60	219.62	230.93	214.73	204.31	194.44	181.62	206.45	183.82	236.80	218.93	217.05	152.43	143.06		Diadophis_punctatus 19
																				  0.00	213.03	181.37	202.79	183.78	188.50	224.16	225.92	233.94	209.13	179.07	214.77	202.29	128.32	185.94	185.43	179.78	202.15	203.30	192.36	207.26	196.02	216.98	222.35	210.75	121.71	205.74	204.38	191.93	199.11	214.62	170.96	216.81	174.81	212.08	182.22	153.68	111.30	252.60	207.13	198.61		Elgaria_multicarinata 20
																					  0.00	193.28	182.70	175.72	180.48	176.42	184.11	180.67	205.09	198.53	196.40	178.84	187.96	175.22	197.17	210.79	198.27	115.11	 58.12	244.35	198.73	174.19	167.39	229.04	178.29	228.91	227.51	160.22	161.50	203.60	204.85	191.30	191.36	nan	230.93	201.46	175.72	215.11	239.08	242.49		Eublepharis_macularius 21
																						  0.00	188.24	175.42	178.17	207.18	207.61	208.04	199.15	 46.47	 76.28	 70.58	169.42	193.22	177.96	 58.96	181.98	177.50	193.50	187.16	257.93	215.61	227.91	179.35	157.04	196.09	210.78	183.63	184.09	188.65	171.68	189.37	186.69	207.33	192.82	176.20	145.03	248.30	199.39	194.90		Gekko_japonicus 22
																							  0.00	179.81	195.91	 59.37	 58.19	 60.02	252.83	202.15	193.30	204.49	218.10	242.17	233.09	227.04	203.89	196.27	192.15	189.61	194.63	 57.62	 59.16	232.55	224.67	196.76	198.87	195.49	200.75	 50.84	nan	123.82	223.68	195.35	242.22	178.57	195.09	134.18	190.10	194.23		Hemicordylus_capensis 23
																								  0.00	nan	218.87	191.01	190.36	206.75	201.27	171.68	158.55	160.70	189.09	157.93	214.68	184.65	192.65	189.22	185.44	187.09	202.06	205.80	185.13	161.53	183.86	171.26	177.47	181.70	187.18	211.33	180.25	176.02	207.02	189.91	166.25	149.28	183.41	185.19	182.61		Iguana_delicatissima 24
																									  0.00	201.27	195.36	197.12	 66.62	188.95	187.25	187.96	160.79	 61.12	150.67	191.00	196.30	249.26	205.69	177.46	205.85	196.93	211.54	188.18	159.00	176.74	181.36	203.26	219.71	211.19	168.44	216.13	139.15	140.73	181.24	294.88	164.05	217.75	108.84	169.00		Imantodes_cenchoa 25
																										  0.00	 19.89	 20.74	230.89	189.69	236.79	207.11	229.28	212.30	211.02	229.76	205.56	188.26	191.41	211.60	143.18	 24.32	 23.77	231.43	213.05	202.34	194.69	203.25	189.35	 57.62	282.91	124.53	225.38	212.59	241.58	171.70	206.71	203.72	198.07	203.76		Lacerta_agilis 26
																											  0.00	  6.65	232.67	194.93	214.84	207.78	242.84	225.84	200.50	230.80	210.48	182.53	198.58	193.23	139.62	 24.56	 22.69	248.94	214.48	194.78	190.72	194.70	184.55	 59.20	259.36	125.64	222.96	203.41	242.33	183.04	202.96	214.24	203.81	193.00		Lacerta_bilineata 27
																												  0.00	232.88	204.55	210.61	211.03	244.66	232.66	203.27	225.79	204.87	184.42	199.01	206.00	138.60	 22.93	 21.57	238.48	222.20	203.80	194.15	206.07	195.21	 58.75	258.87	128.53	237.46	205.40	261.06	179.73	210.14	218.45	198.96	208.31		Lacerta_viridis 28
																													  0.00	188.75	176.80	183.92	170.31	 30.46	 76.61	186.66	143.95	214.15	192.06	179.48	209.68	219.04	222.20	212.02	183.73	182.50	190.56	266.92	262.11	345.18	199.79	293.86	 81.36	182.61	211.38	208.84	190.93	251.55	192.23	181.19		Laticauda_colubrina 29
																														  0.00	 83.36	 70.26	162.50	175.20	172.68	 62.04	180.52	188.39	190.79	223.86	221.36	191.01	191.59	198.55	158.36	251.65	203.91	186.10	186.07	176.86	133.78	201.94	154.79	186.86	166.99	173.75	145.36	230.95	195.68	222.21		Lepidodactylus_listeri 30
																															  0.00	 88.08	167.47	169.12	167.18	 89.22	152.46	202.39	211.76	199.55	248.88	226.12	227.69	135.35	162.91	213.54	191.30	210.77	207.15	222.92	127.67	237.09	158.93	167.09	189.96	178.90	165.38	218.66	226.56	188.26		Lerista_edwardsae 31
																																  0.00	151.86	182.39	169.17	 79.09	184.60	202.10	197.74	182.08	271.47	255.34	231.18	148.71	149.70	196.95	200.84	180.99	179.11	210.89	178.55	200.22	159.70	182.68	146.00	180.29	140.28	214.81	183.01	173.58		Morelia_viridis 32
																																	  0.00	164.09	159.60	170.01	180.72	195.04	168.18	201.56	222.90	239.59	257.09	178.53	 34.50	181.09	190.63	175.68	177.96	218.62	170.22	201.94	158.09	173.19	164.59	182.06	 33.70	226.74	171.57	195.98		Myanophis_thanlyinensis 33
																																		  0.00	 67.37	186.40	143.46	217.22	186.72	166.46	237.17	211.14	228.94	179.77	158.04	170.71	176.73	220.87	220.73	332.49	190.51	235.65	 77.39	168.88	185.37	199.00	167.91	219.26	186.13	160.24		Naja_naja 34
																																			  0.00	187.48	 89.87	239.25	214.92	150.49	211.67	216.99	235.96	189.53	166.73	149.62	189.73	218.27	231.83	225.33	185.43	nan	 29.95	169.69	165.71	163.43	156.90	221.80	208.91	138.75		Ophiophagus_hannah 35
																																				  0.00	212.56	183.76	174.73	192.66	218.02	221.05	234.27	194.33	172.32	195.87	201.09	190.26	195.07	203.81	201.95	242.93	178.43	190.09	213.65	187.70	147.93	237.35	222.15	200.24		Paroedura_picta 36
																																					  0.00	211.35	209.81	188.00	206.03	203.59	196.95	163.61	216.41	175.42	185.57	212.28	204.03	206.03	159.44	221.65	 95.55	163.51	146.42	217.41	188.50	219.89	158.86	184.00		Phrynocephalus_versicolor 37
																																						  0.00	 82.11	nan	197.93	185.86	183.00	198.29	189.34	nan	213.00	 54.19	 52.51	198.61	194.21	232.79	228.78	200.22	183.95	190.41	166.68	221.76	199.73	nan		Phrynosoma_blainvillii 38
																																							  0.00	247.40	206.63	186.04	188.81	200.79	186.73	257.96	229.75	182.92	178.45	193.21	191.86	210.24	228.80	nan	245.57	169.75	178.05	210.96	210.69	229.60		Phrynosoma_platyrhinos 39
																																								  0.00	210.11	228.48	217.74	220.80	203.45	 21.95	154.75	nan	293.52	193.57	172.70	212.10	151.49	170.60	188.55	183.41	171.73	259.52	195.74	 15.42		Pituophis_catenifer 40
																																									  0.00	134.25	138.99	224.34	250.35	214.62	213.52	186.42	182.48	172.99	207.03	101.22	193.81	214.23	250.73	196.57	209.15	224.75	207.61	202.11		Plestiodon_gilberti 41
																																										  0.00	 11.59	228.18	219.57	209.11	193.08	211.82	204.74	 61.81	235.68	130.55	236.94	191.89	249.13	177.93	210.61	200.45	207.70	217.17		Podarci_raffonei 42
																																											  0.00	222.84	229.21	205.62	205.51	198.97	190.87	 60.67	244.95	124.81	239.39	188.74	250.03	177.03	196.63	203.58	215.33	212.45		Podarcis_muralis 43
																																												  0.00	176.98	217.21	228.58	214.02	215.53	240.35	 79.24	222.28	193.85	173.62	190.64	220.43	167.87	256.59	206.57	205.65		Pogona_vitticeps 44
																																													  0.00	195.53	204.56	183.95	178.46	219.07	185.77	223.44	166.00	177.40	170.60	186.10	 25.91	264.53	184.37	183.97		Protobothrops_mucrosquamatus 45
																																														  0.00	157.85	nan	nan	203.99	177.17	230.09	154.85	170.53	189.13	189.40	171.09	293.82	185.98	 21.85		Ptyas_mucosa 46
																																															  0.00	224.93	223.53	211.01	217.36	222.74	178.05	183.00	203.07	190.51	172.82	240.10	114.05	151.31		Salvator_merianae 47
																																																  0.00	 15.39	218.34	202.46	209.77	212.96	197.07	182.30	195.13	154.85	217.36	187.93	nan		Sceloporus_occidentalis 48
																																																	  0.00	213.24	214.97	204.95	241.36	203.19	176.33	197.63	148.42	231.73	193.32	nan		Sceloporus_tristichus 49
																																																		  0.00	223.26	117.76	238.91	209.49	233.16	166.40	198.91	167.17	202.24	200.06		Shinisaurus_crocodilurus 50
																																																			  0.00	220.38	171.02	183.87	190.16	180.64	181.78	232.79	188.22	172.60		Sphaerodactylus_townsendi 51
																																																				  0.00	nan	219.91	212.14	195.97	173.96	254.06	239.03	204.84		Sphenodon_punctatus 52
																																																					  0.00	152.54	155.17	168.13	144.58	236.88	190.86	147.06		Thermophis_baileyi 53
																																																						  0.00	122.61	194.89	170.93	246.67	157.77	165.04		Tropidonophis_doriae 54
																																																							  0.00	222.60	161.29	271.53	178.41	182.81		Varanus_komodoensis 55
																																																								  0.00	178.86	233.14	212.71	184.37		Varanus_salvator 56
																																																									  0.00	193.03	181.95	161.60		Vipera_latastei 57
																																																										  0.00	214.45	243.27		Zootaca_vivipara 58
																																																											  0.00	185.54		Thamnophis_elegans 59
																																																												  0.00		Pantherophis_guttatus 60
