Distance Matrix
---------------

Using the Tamura correction method
Using base positions 123 in the codon
Gap weighting is 0.000000

	    1	    2	    3	    4	    5	    6	    7	    8	    9	    10	    11	    12	    13	    14	    15	    16	    17	    18	    19	    20	    21	    22	    23	    24	    25	    26	    27	    28	    29	    30	    31	    32	    33	    34	    35	    36	    37	    38	    39	    40	    41	    42	    43	    44	    45	    46	    47	    48	    49	    50	    51	    52	    53	    54	    55	    56	    57	    58	    59	    60
	  0.00	195.17	 55.33	 57.84	146.47	 71.51	 78.56	 32.34	144.94	 34.18	218.76	109.20	190.93	 29.66	 61.83	 60.74	 54.26	167.88	188.77	 62.15	 68.18	 71.84	 61.89	 49.04	 29.88	 61.19	 60.11	 62.84	 37.61	 70.44	 53.59	 20.82	 43.93	 35.55	 32.24	 78.48	127.97	 56.92	 53.89	 33.67	 64.28	 63.65	 68.69	 99.02	 27.03	 36.98	 76.48	 52.99	 53.01	 63.77	 56.95	 65.80	 35.77	 39.76	 73.70	 66.52	 35.52	 55.24	143.47	 30.53		Python_bivittatus 1
		  0.00	-nan	168.44	nan	201.35	219.25	172.73	176.84	212.70	191.23	-nan	152.56	205.02	179.92	168.91	nan	156.10	184.94	184.07	193.28	315.87	250.13	nan	171.02	-nan	214.69	212.09	179.78	400.86	245.23	201.48	156.01	235.09	186.59	311.68	-nan	271.01	inf	183.81	249.71	217.69	-nan	240.79	206.33	200.51	164.45	168.42	165.62	223.11	218.51	-nan	176.71	214.79	265.87	205.82	216.44	-nan	162.97	206.97		Anilios_bituberculatus 2
			  0.00	 34.14	155.56	 51.35	 52.72	 63.42	183.18	 69.53	196.29	126.88	161.23	 61.98	 48.86	 51.06	 39.87	171.39	175.89	 42.42	 51.83	 60.16	 46.32	 37.45	 61.48	 55.21	 50.90	 56.13	 65.08	 61.09	 46.60	 60.45	 68.53	 63.39	 67.94	 73.44	114.65	 36.98	 40.02	 66.27	 45.48	 58.82	 62.19	101.81	 61.49	 62.29	 54.40	 45.97	 43.40	 40.68	 61.28	 61.04	 69.20	 70.08	 62.05	 59.85	 66.40	 53.17	158.81	 63.70		Anolis_carolinensis 3
				  0.00	172.54	 63.46	 60.55	 65.70	203.82	 68.94	205.15	124.56	192.92	 67.70	 53.49	 48.11	 48.54	188.76	191.47	 55.94	 57.63	 64.05	 46.94	 41.90	 67.90	 62.55	 52.13	 56.63	 69.73	 58.61	 52.75	 67.39	 69.95	 75.45	 69.45	 73.15	105.30	 35.26	 35.23	 63.89	 52.17	 53.92	 55.00	118.57	 67.62	 66.51	 57.30	 49.07	 45.87	 53.39	 54.92	 69.35	 74.16	 75.27	 51.48	 52.62	 67.46	 55.20	170.51	 61.38		Anolis_sagrei 4
					  0.00	121.43	133.09	176.69	154.87	190.64	128.95	144.65	154.97	154.73	156.11	131.78	133.92	209.52	189.57	145.63	133.59	159.91	144.52	126.24	153.84	160.53	160.27	151.96	173.49	133.22	155.39	148.99	171.83	229.71	148.52	157.18	168.91	139.88	130.44	148.59	185.94	164.71	182.58	153.97	137.06	-nan	133.06	147.19	148.71	162.98	143.43	147.54	151.77	309.19	140.68	147.98	133.72	145.20	 21.44	199.04		Arizona_elegans 5
						  0.00	 14.61	 81.10	156.10	 86.11	229.14	121.76	200.64	 69.00	 59.09	 68.61	 51.32	152.33	157.35	 47.89	 49.31	 63.66	 49.13	 46.14	 76.17	 61.55	 56.41	 59.16	 87.36	 61.44	 51.74	 68.96	 86.77	 85.18	 77.65	 74.91	 96.61	 59.32	 55.86	 80.28	 57.11	 63.09	 65.76	 97.98	 74.55	 82.74	 30.46	 55.30	 57.07	 56.75	 59.68	 60.91	 82.99	 83.19	 56.59	 59.92	 75.87	 54.76	127.16	 86.12		Aspidocelis_tigris 6
							  0.00	 80.56	144.26	 84.90	218.07	129.88	179.78	 72.61	 53.85	 67.86	 57.46	153.28	163.28	 55.25	 48.65	 63.04	 48.35	 48.16	 76.41	 63.18	 59.60	 58.77	 80.00	 58.30	 43.40	 68.42	 82.99	 90.32	 79.05	 79.06	 99.16	 56.04	 59.65	 78.13	 54.16	 60.24	 63.41	103.27	 77.39	 77.46	 34.92	 56.33	 57.13	 56.03	 62.35	 60.15	 86.65	 83.94	 56.01	 56.94	 78.61	 67.50	131.95	 75.14		Aspidoscelis_marmoratus 7
								  0.00	221.21	 20.66	234.43	143.21	164.45	 25.26	 64.15	 63.63	 56.21	146.73	202.01	 65.13	 72.35	 73.17	 64.56	 53.30	 34.30	 72.86	 68.38	 66.90	 40.70	 66.77	 62.00	 35.66	 37.25	 37.27	 29.70	 87.99	132.20	 62.17	 58.32	 33.21	 65.69	 70.50	 71.45	114.12	 22.69	 33.60	 78.90	 54.86	 52.69	 80.51	 65.05	 78.68	 35.30	 36.54	 78.53	 63.93	 25.25	 68.74	202.19	 32.53		Azemiops_feae 8
									  0.00	234.19	185.57	nan	147.80	206.86	204.00	205.44	227.37	178.23	 27.06	180.21	188.90	215.06	174.66	141.52	180.26	182.35	189.58	190.29	188.77	201.96	155.30	150.33	171.72	205.87	183.32	nan	249.28	187.41	200.84	168.86	224.28	227.23	220.65	245.07	218.85	172.08	150.82	inf	nan	163.47	164.45	196.85	186.53	232.12	166.81	163.98	169.94	185.58	162.81	170.29		Boaedon_fuliginosus 9
										  0.00	188.06	143.90	186.34	 16.76	 68.27	 68.30	 64.72	215.81	223.12	 69.98	 78.06	 83.48	 70.37	 59.23	 31.14	 86.82	 83.38	 81.70	 36.78	 78.61	 70.76	 34.19	 39.63	 30.59	 29.87	 90.16	126.25	 70.55	 64.90	 31.25	 72.91	 70.16	 83.40	120.87	 18.64	 34.14	 74.81	 64.41	 63.73	 79.66	 69.83	 76.18	 34.50	 36.66	 75.32	 68.64	 22.28	 81.18	192.76	 31.74		Bothrops_jararaca 10
											  0.00	218.26	 39.10	211.52	257.57	inf	216.06	159.82	189.41	-nan	207.78	191.64	212.55	207.56	180.22	-nan	232.25	198.40	182.72	246.16	261.33	214.61	167.47	175.98	185.51	282.79	202.91	191.68	173.61	157.01	-nan	168.50	182.48	174.21	204.38	143.67	217.57	185.95	201.94	211.85	191.87	242.56	173.43	241.55	209.66	268.34	150.82	253.33	134.76	149.89		Bungarus_multicintus 11
												  0.00	186.41	112.04	123.22	108.98	113.71	202.77	282.84	117.83	110.25	116.46	109.90	115.86	114.03	126.09	118.14	131.27	137.72	120.99	 98.77	123.01	135.72	126.71	115.73	130.76	 63.46	115.13	110.67	151.90	113.83	125.85	126.10	 52.91	124.71	132.78	121.94	115.84	115.38	108.78	131.39	125.20	135.17	150.97	112.94	138.91	126.12	124.29	156.91	139.49		Calotes_versicolor 12
													  0.00	169.92	164.90	176.41	202.46	130.03	176.96	188.79	171.30	182.60	148.00	175.81	175.78	274.12	188.26	183.47	209.39	195.85	161.23	155.27	171.06	180.57	163.01	nan	184.18	193.77	174.17	165.77	195.04	153.09	174.60	171.75	152.27	156.97	182.61	167.57	182.25	173.34	211.80	367.86	205.92	250.77	212.71	181.08	144.33	196.52	150.85	165.70		Charina_bottae 13
														  0.00	 65.20	 67.37	 55.69	174.77	210.98	 60.58	 70.71	 74.28	 69.27	 50.65	 30.48	 76.16	 72.53	 76.43	 31.88	 73.70	 62.73	 30.87	 33.97	 28.18	 25.04	 80.59	112.56	 62.39	 60.99	 31.60	 62.08	 68.91	 76.89	100.14	 16.11	 31.64	 76.41	 62.96	 63.22	 76.57	 65.27	 70.89	 29.21	 36.57	 75.68	 67.95	 22.31	 72.45	168.46	 31.98		Crotalus_tigris 14
															  0.00	 56.10	 45.93	184.24	219.71	 46.94	 51.24	 57.27	 49.67	 39.50	 70.64	 52.44	 49.12	 53.78	 80.30	 48.17	 30.27	 65.37	 79.51	 71.48	 67.65	 65.61	124.99	 43.33	 45.26	 70.18	 34.35	 53.85	 55.42	128.10	 70.33	 75.58	 61.94	 40.38	 42.23	 50.24	 53.45	 63.62	 74.07	 70.16	 62.19	 59.94	 72.21	 53.02	143.53	 72.78		Cryptoblepharus_egeriae 15
																  0.00	 26.80	142.98	163.85	 60.51	 57.16	 63.31	 53.81	 21.15	 72.82	 58.30	 54.95	 59.36	 77.53	 57.64	 58.07	 73.03	 71.55	 79.96	 69.95	 86.12	 95.52	 39.19	 43.50	 74.08	 47.82	 59.85	 61.48	 84.11	 72.98	 73.76	 63.79	 41.71	 44.43	 43.54	 60.20	 67.04	 76.19	 66.80	 63.85	 48.29	 71.32	 64.14	122.60	 73.64		Ctenosaura_bakeri 16
																	  0.00	189.02	179.70	 42.41	 51.77	 57.68	 46.83	 20.21	 57.77	 50.93	 45.73	 49.29	 75.47	 53.27	 42.59	 64.22	 67.40	 61.66	 60.46	 69.06	126.92	 33.10	 40.49	 67.06	 43.67	 45.76	 52.28	 96.00	 61.69	 64.23	 55.70	 37.15	 41.21	 44.60	 56.35	 54.80	 69.70	 66.27	 51.65	 55.31	 52.79	 49.68	126.41	 64.57		Cyclura_pinguis 17
																		  0.00	182.42	288.22	153.33	176.43	207.36	148.88	168.79	206.36	166.10	175.87	170.37	182.17	135.85	176.64	156.30	199.21	161.63	176.94	-nan	179.29	175.93	180.25	234.42	201.18	177.06	195.98	198.81	170.33	140.72	187.93	-nan	240.26	175.67	165.60	182.82	218.25	228.43	159.03	152.91	190.41	213.80	167.30		Daboia_siamensis 18
																			  0.00	178.93	148.88	217.68	178.38	135.87	193.78	208.35	177.30	169.25	207.86	200.68	235.47	232.61	171.36	190.06	179.29	nan	-nan	232.14	inf	200.37	233.34	185.54	180.08	235.65	214.11	167.84	161.75	inf	nan	161.73	194.50	176.82	242.79	202.86	211.34	176.15	162.80	216.20	192.33	186.97		Diadophis_punctatus 19
																				  0.00	 57.18	 60.59	 43.64	 37.14	 76.14	 58.92	 57.20	 55.09	 72.61	 51.25	 45.31	 59.85	 78.37	 68.48	 66.13	 72.09	 99.58	 40.92	 40.26	 62.02	 44.28	 54.39	 56.79	 97.37	 68.03	 71.93	 56.88	 41.36	 39.45	 41.26	 60.10	 63.00	 69.78	 78.14	 49.56	 44.53	 63.89	 51.49	143.06	 66.96		Elgaria_multicarinata 20
																					  0.00	 62.61	 54.86	 46.78	 72.83	 61.57	 55.38	 55.42	 79.43	 59.12	 48.99	 79.07	 78.16	 76.70	 78.82	 72.13	 97.23	 53.35	 46.62	 82.23	 58.76	 60.29	 60.22	110.51	 80.09	 74.97	 56.28	 48.20	 48.83	 60.67	 52.08	 64.67	 83.51	 74.72	 58.08	 60.33	 72.54	 55.27	139.83	 82.70		Eublepharis_macularius 21
																						  0.00	 62.29	 51.18	 73.45	 67.83	 70.40	 72.60	 83.59	 37.23	 54.61	 65.54	 77.83	 75.93	 65.91	 63.56	101.90	 58.30	 59.47	 66.87	 55.21	 65.29	 69.56	109.39	 81.85	 75.20	 69.09	 56.33	 52.31	 60.77	 45.95	 64.58	 66.22	 70.09	 62.24	 63.29	 68.71	 67.96	167.51	 67.44		Gekko_japonicus 22
																							  0.00	 41.17	 65.58	 56.13	 51.85	 51.97	 77.92	 55.57	 47.87	 65.06	 75.01	 77.36	 70.63	 72.28	 95.71	 42.59	 43.27	 69.27	 49.11	 52.97	 57.52	 93.97	 63.39	 71.49	 51.02	 46.26	 43.11	 49.54	 52.66	 60.43	 73.18	 72.18	 58.46	 53.33	 66.62	 53.19	128.37	 67.77		Hemicordylus_capensis 23
																								  0.00	 58.75	 43.77	 38.88	 41.28	 63.86	 51.13	 36.05	 52.37	 71.92	 59.66	 55.98	 59.47	105.29	 35.03	 32.28	 56.73	 38.66	 43.80	 51.00	 88.37	 56.69	 58.37	 48.97	 31.78	 32.81	 40.00	 46.60	 41.31	 64.75	 61.50	 44.31	 42.33	 52.84	 44.29	121.57	 58.19		Iguana_delicatissima 24
																									  0.00	 69.94	 62.17	 65.07	 29.16	 71.43	 60.33	 32.42	 32.30	 26.37	 26.70	 87.66	123.95	 66.89	 64.07	 25.77	 66.78	 62.63	 71.25	103.28	 35.23	 27.92	 65.80	 60.69	 58.34	 74.51	 67.22	 79.11	 24.62	 33.43	 68.79	 66.09	 33.49	 64.96	133.93	 25.66		Imantodes_cenchoa 25
																										  0.00	 17.01	 20.41	 76.91	 66.85	 47.04	 68.26	 90.56	 80.07	 78.27	 74.07	122.77	 55.70	 55.47	 76.91	 54.76	 30.71	 29.22	106.36	 74.62	 81.88	 64.60	 51.04	 49.63	 50.21	 61.54	 64.85	 82.06	 80.49	 61.30	 62.90	 76.29	 30.33	166.58	 78.43		Lacerta_agilis 26
																											  0.00	  6.17	 76.91	 65.25	 46.65	 62.16	 78.36	 68.42	 76.73	 72.77	109.12	 52.36	 52.44	 72.40	 52.46	 22.50	 25.51	 95.99	 71.77	 76.75	 54.44	 42.01	 45.27	 50.28	 59.13	 59.84	 76.26	 78.48	 59.82	 55.87	 70.35	 23.52	153.52	 73.17		Lacerta_bilineata 27
																												  0.00	 77.10	 68.05	 53.02	 60.91	 79.70	 73.83	 76.91	 82.90	110.31	 54.63	 54.70	 70.82	 55.73	 25.20	 28.39	 98.24	 72.32	 72.85	 56.84	 45.20	 45.88	 53.10	 65.92	 60.94	 82.30	 86.47	 64.38	 56.05	 69.77	 28.68	149.70	 71.61		Lacerta_viridis 28
																													  0.00	 88.33	 72.96	 38.91	 37.73	 29.59	 24.89	 94.37	130.03	 74.10	 64.74	 35.58	 75.79	 64.17	 69.09	115.22	 36.02	 34.12	 82.51	 69.04	 67.51	 70.34	 75.13	 80.52	 31.22	 36.62	 87.51	 82.26	 35.23	 75.16	175.32	 31.53		Laticauda_colubrina 29
																														  0.00	 48.53	 67.57	 74.38	 84.25	 71.97	 57.34	105.31	 47.38	 57.47	 69.19	 51.37	 63.55	 65.30	 99.78	 73.02	 75.82	 63.05	 57.62	 50.24	 59.34	 47.21	 74.88	 76.71	 68.27	 50.53	 51.89	 68.41	 65.13	140.16	 67.96		Lepidodactylus_listeri 30
																															  0.00	 57.18	 74.77	 69.98	 61.43	 64.58	105.38	 42.70	 47.36	 68.68	 29.93	 47.43	 49.87	106.60	 66.34	 66.13	 59.97	 38.74	 40.09	 46.81	 44.09	 62.36	 72.78	 73.16	 50.61	 55.37	 68.44	 49.60	142.18	 64.60		Lerista_edwardsae 31
																																  0.00	 41.54	 38.10	 33.32	 77.91	105.94	 62.40	 63.82	 32.51	 62.96	 60.66	 67.82	104.75	 33.15	 37.67	 71.65	 52.84	 52.23	 72.07	 56.04	 63.69	 35.92	 40.11	 68.18	 63.83	 32.81	 63.21	154.15	 32.14		Morelia_viridis 32
																																	  0.00	 36.94	 32.97	 89.09	129.98	 66.81	 70.41	 28.83	 81.84	 70.75	 86.08	106.60	 38.83	 30.44	 77.12	 64.16	 67.56	 81.65	 76.29	 90.82	 27.17	 38.57	 87.39	 69.93	 38.71	 84.36	165.21	 32.04		Myanophis_thanlyinensis 33
																																		  0.00	 23.84	100.93	138.66	 69.04	 68.42	 28.97	 72.32	 72.94	 83.74	106.59	 27.26	 30.48	 86.27	 65.12	 70.73	 71.30	 73.44	 81.41	 27.93	 30.28	 83.44	 80.19	 35.67	 68.86	217.12	 30.59		Naja_naja 34
																																			  0.00	 90.83	123.74	 65.39	 60.17	 24.63	 67.76	 69.43	 72.72	107.08	 26.04	 27.36	 74.36	 61.97	 60.48	 74.50	 67.59	 73.12	 24.08	 31.97	 82.58	 73.98	 32.02	 73.61	158.46	 26.64		Ophiophagus_hannah 35
																																				  0.00	136.72	 77.84	 66.41	 86.65	 70.59	 62.26	 71.33	118.06	 86.12	 96.16	 76.98	 70.61	 68.68	 81.78	 60.15	 82.10	 85.50	103.63	 62.94	 73.77	 80.85	 70.09	193.10	 90.06		Paroedura_picta 36
																																					  0.00	115.29	 91.28	123.48	105.00	105.21	 98.83	 56.66	124.65	127.50	105.60	 99.25	107.63	112.73	108.62	118.50	135.30	122.87	120.47	119.94	113.70	117.75	175.62	124.39		Phrynocephalus_versicolor 37
																																						  0.00	 21.39	 69.11	 43.64	 54.72	 52.45	100.23	 64.84	 62.09	 51.28	 32.39	 32.36	 43.94	 53.88	 56.06	 77.34	 67.73	 53.98	 47.42	 66.76	 49.92	120.01	 64.39		Phrynosoma_blainvillii 38
																																							  0.00	 62.70	 43.06	 55.63	 54.99	 99.78	 65.62	 60.68	 47.93	 27.60	 32.31	 44.01	 52.46	 62.43	 70.14	 63.28	 55.29	 52.99	 59.49	 53.31	119.44	 63.26		Phrynosoma_platyrhinos 39
																																								  0.00	 74.59	 65.93	 72.83	111.09	 31.87	 18.26	 69.44	 61.84	 61.63	 71.65	 70.60	 76.32	 23.33	 34.19	 77.28	 63.60	 35.37	 72.20	167.73	  9.09		Pituophis_catenifer 40
																																									  0.00	 54.63	 55.45	134.66	 64.10	 69.75	 60.48	 40.76	 42.73	 44.45	 50.56	 62.13	 80.18	 72.25	 52.84	 54.24	 64.24	 53.24	165.13	 69.08		Plestiodon_gilberti 41
																																										  0.00	 12.52	101.86	 67.56	 63.53	 53.48	 45.18	 49.91	 43.25	 59.78	 59.68	 74.12	 83.17	 53.03	 54.04	 64.75	 32.36	172.79	 65.69		Podarci_raffonei 42
																																											  0.00	117.96	 72.17	 71.28	 53.03	 46.06	 51.48	 48.97	 68.26	 60.65	 87.17	 85.59	 58.28	 59.64	 74.58	 34.12	188.57	 68.55		Podarcis_muralis 43
																																												  0.00	106.12	118.22	104.11	101.26	105.95	 96.58	116.20	114.08	 99.22	125.51	126.36	110.83	101.67	110.21	168.95	108.85		Pogona_vitticeps 44
																																													  0.00	 31.75	 81.00	 63.30	 65.66	 78.79	 70.57	 69.13	 29.83	 36.86	 80.51	 72.30	 29.03	 70.98	172.77	 31.76		Protobothrops_mucrosquamatus 45
																																														  0.00	 74.97	 60.75	 64.91	 68.06	 70.28	 80.49	 30.34	 36.70	 78.73	 69.66	 37.28	 75.79	179.78	 19.31		Ptyas_mucosa 46
																																															  0.00	 48.12	 53.40	 55.14	 67.75	 55.99	 78.93	 77.47	 59.38	 51.37	 76.76	 57.18	122.36	 71.38		Salvator_merianae 47
																																																  0.00	 11.54	 40.82	 46.08	 57.55	 65.17	 62.67	 53.92	 48.21	 60.30	 50.27	126.95	 58.90		Sceloporus_occidentalis 48
																																																	  0.00	 40.75	 44.76	 61.14	 67.07	 58.60	 52.29	 48.77	 60.26	 50.54	138.87	 57.74		Sceloporus_tristichus 49
																																																		  0.00	 62.36	 59.28	 79.23	 77.61	 53.90	 51.38	 76.91	 51.71	154.50	 70.47		Shinisaurus_crocodilurus 50
																																																			  0.00	 75.71	 76.77	 72.67	 51.93	 55.36	 66.83	 61.34	158.87	 73.87		Sphaerodactylus_townsendi 51
																																																				  0.00	 78.04	 81.49	 70.44	 61.67	 73.55	 66.64	154.46	 75.00		Sphenodon_punctatus 52
																																																					  0.00	 32.89	 95.21	 75.15	 34.48	 70.55	148.09	 25.98		Thermophis_baileyi 53
																																																						  0.00	 84.81	 67.94	 36.85	 78.23	189.11	 36.21		Tropidonophis_doriae 54
																																																							  0.00	 25.34	 68.02	 55.20	154.77	 76.63		Varanus_komodoensis 55
																																																								  0.00	 66.99	 58.48	135.18	 65.81		Varanus_salvator 56
																																																									  0.00	 68.61	148.64	 35.90		Vipera_latastei 57
																																																										  0.00	145.58	 77.34		Zootaca_vivipara 58
																																																											  0.00	197.72		Thamnophis_elegans 59
																																																												  0.00		Pantherophis_guttatus 60
