Distance Matrix
---------------

Using the Tamura correction method
Using base positions 123 in the codon
Gap weighting is 0.000000

	    1	    2	    3	    4	    5	    6	    7	    8	    9	    10	    11	    12	    13	    14	    15	    16	    17	    18	    19	    20	    21	    22	    23	    24	    25	    26	    27	    28	    29	    30	    31	    32	    33	    34	    35	    36	    37	    38	    39	    40	    41	    42	    43	    44	    45	    46	    47	    48	    49	    50	    51	    52	    53	    54	    55	    56	    57	    58	    59	    60
	  0.00	176.18	168.44	115.48	 80.65	135.88	142.25	104.10	132.35	 86.06	113.65	198.78	 85.40	 89.05	125.41	149.92	177.03	 88.82	 97.85	248.93	137.96	151.92	147.00	204.80	 84.15	139.29	163.84	166.44	105.73	150.05	146.40	 27.48	 99.34	 99.69	 89.56	205.54	102.29	166.04	233.64	 89.33	158.50	158.56	146.34	132.83	 85.68	 84.13	163.41	266.44	194.87	155.98	123.62	179.84	 98.91	 70.32	176.53	166.82	 37.67	130.69	106.82	 81.81		Python_bivittatus 1
		  0.00	 96.03	148.71	 81.76	122.46	127.80	 96.50	116.05	 93.81	 69.46	112.21	 95.52	 94.31	126.93	100.95	 95.79	119.67	 95.50	100.82	125.26	134.35	101.09	103.05	 90.36	124.90	119.65	118.67	 94.64	107.70	123.93	112.68	 76.08	 70.42	 81.60	118.68	 89.40	112.98	113.61	 75.61	142.41	115.21	116.23	123.34	 99.39	 72.19	119.34	104.56	109.74	 93.84	127.25	119.58	 91.30	 91.55	130.31	101.32	 27.72	133.71	 89.98	 74.49		Anilios_bituberculatus 2
			  0.00	 73.99	122.36	 94.23	 96.32	111.90	145.89	104.34	122.92	 87.70	157.68	 99.75	 64.85	 48.92	 51.26	123.78	128.02	 69.40	 87.98	 83.93	 81.79	 53.71	123.30	 79.36	 69.81	 68.28	 91.92	 86.90	 61.98	110.28	114.39	106.99	108.51	 86.82	 95.24	 57.87	 54.77	108.89	 80.24	 80.95	 72.38	 97.10	117.50	114.39	 90.21	 55.68	 57.62	 66.24	 98.93	106.97	134.70	121.06	 96.93	 86.64	 47.66	 95.83	127.49	114.97		Anolis_carolinensis 3
				  0.00	115.82	 56.06	 54.64	 95.00	 98.31	134.04	106.62	 85.58	128.15	110.70	101.28	 97.75	 82.74	118.99	120.58	107.31	 70.88	122.99	112.72	 95.88	141.23	 97.74	 81.97	 80.54	 81.82	115.31	 80.88	117.05	101.10	 88.13	105.42	 94.32	 98.45	 94.01	 86.41	120.34	 96.80	 97.50	 91.58	 91.84	103.61	100.75	 62.31	 93.43	 85.50	122.23	 92.18	 99.55	121.31	 93.00	 67.05	 93.64	 45.30	103.50	110.40	104.16		Anolis_sagrei 4
					  0.00	102.09	102.37	 63.84	 72.30	 63.48	 63.88	 93.54	 92.31	 68.26	133.80	120.71	104.58	 77.38	 65.00	139.68	144.96	110.88	131.11	110.26	 68.38	139.31	 99.19	102.10	 91.43	162.17	118.47	 77.49	 68.88	 63.44	 60.28	133.09	109.84	127.05	113.09	 48.28	132.26	123.80	129.49	100.88	 57.42	 46.88	104.94	123.80	112.42	130.77	 99.03	116.50	 56.66	 68.51	130.99	115.80	 27.67	146.60	 76.39	 34.87		Arizona_elegans 5
						  0.00	  6.10	 88.74	 78.60	 84.80	118.07	 89.51	 95.80	 80.20	 95.88	 92.30	 93.81	105.37	 95.30	 93.62	 66.42	 92.11	105.17	 93.39	 90.13	 76.12	 76.95	 77.44	 93.20	137.47	 81.64	120.63	 84.91	 89.81	 93.86	 87.34	 93.11	 94.70	 90.99	 89.96	108.43	 71.04	 74.79	 78.22	 80.77	119.43	 29.59	 91.91	 88.01	106.55	 90.50	 86.14	 90.99	118.72	 98.09	 92.90	 39.49	 90.94	107.06	 88.39		Aspidocelis_tigris 6
							  0.00	 88.94	 86.46	 88.73	128.16	 94.20	 95.66	 84.60	100.59	 91.89	 96.42	105.26	 97.79	 93.43	 71.13	103.78	104.61	 93.21	 96.83	 76.04	 81.07	 81.89	 98.50	145.91	 85.50	121.34	 88.36	 92.84	 99.50	 93.91	 88.41	111.31	101.95	 94.43	111.17	 82.09	 80.69	 81.86	 81.00	136.93	 33.51	 95.15	 91.09	111.93	 94.69	 92.08	 97.37	122.87	 89.25	 95.44	 38.16	 88.69	104.06	 97.28		Aspidoscelis_marmoratus 7
								  0.00	 63.06	 49.12	 60.98	102.09	 66.94	 44.44	131.08	110.94	 89.55	 61.14	 41.21	116.66	138.51	107.00	141.11	102.44	 58.62	141.53	110.11	117.86	 83.53	146.87	103.59	 86.47	 61.95	 59.06	 53.35	133.69	 86.95	115.82	102.45	 57.83	119.66	121.42	113.87	 99.36	 44.04	 57.03	103.03	101.50	116.33	135.20	120.01	122.45	 57.03	 55.41	119.04	112.18	 22.61	142.53	 68.34	 51.78		Azemiops_feae 8
									  0.00	 75.61	 47.54	104.16	 77.22	 73.39	161.40	130.97	112.73	 67.14	 59.08	138.30	127.97	108.63	115.80	116.52	 73.80	102.58	100.60	 96.03	 74.95	127.64	112.58	 96.74	 60.96	 53.14	 58.52	115.80	 81.09	112.18	102.87	 59.96	117.18	 88.49	106.95	108.47	 73.59	 63.07	 79.22	113.49	109.34	161.31	116.81	158.29	 56.17	 65.63	105.75	110.10	 29.35	126.33	 58.72	 62.74		Boaedon_fuliginosus 9
										  0.00	 73.21	117.75	 59.21	 42.43	161.17	115.13	118.03	 58.51	 43.08	118.65	111.78	129.99	119.78	106.74	 71.69	135.10	104.94	114.60	106.03	129.23	139.63	 72.60	 73.09	 64.93	 56.73	137.78	114.29	104.56	 97.80	 61.81	138.00	134.69	120.94	116.04	 24.84	 60.53	108.02	104.79	113.51	124.31	104.56	118.33	 54.95	 77.37	137.49	101.55	 26.12	124.61	 75.24	 50.34		Bothrops_jararaca 10
											  0.00	115.53	 66.66	 64.43	152.48	114.62	124.36	 69.05	 48.18	186.87	119.81	124.86	107.06	132.68	 72.06	135.81	136.42	134.53	 76.68	123.97	129.12	 92.91	 63.86	 36.70	 35.37	121.37	 88.28	105.27	104.39	 73.62	120.31	109.61	135.23	 92.44	 69.63	 55.17	 92.35	130.53	112.88	113.11	110.70	116.38	 54.77	 44.61	116.48	107.70	 26.46	119.06	 52.30	 63.02		Bungarus_multicintus 11
												  0.00	138.81	113.04	112.70	 99.10	 80.28	136.65	113.11	 96.70	119.78	 88.19	 89.91	 89.69	 95.46	 88.79	 82.72	 82.92	 92.14	 86.73	 79.25	143.14	100.25	 99.34	116.07	 82.34	 72.93	 77.23	 70.68	 85.81	100.41	 93.17	 91.36	 97.81	 98.20	 99.43	104.39	 71.74	 82.79	 99.69	113.06	130.29	115.38	125.27	 89.98	 73.28	 42.28	 93.74	134.58	 98.46		Calotes_versicolor 12
													  0.00	 64.32	173.10	132.63	131.26	 67.95	 62.22	134.77	102.73	151.07	120.77	142.26	 80.38	144.01	167.68	139.13	105.09	145.73	186.50	 66.37	 80.70	 70.07	 64.67	132.97	 89.67	126.03	144.94	 84.34	208.36	139.73	165.40	102.22	 62.33	 85.46	 98.46	128.42	125.96	121.68	 97.77	112.37	 68.34	 62.70	134.12	105.96	 28.83	132.77	 69.44	 71.64		Charina_bottae 13
														  0.00	125.87	136.96	 99.51	 53.56	 46.28	148.18	115.19	126.05	108.11	115.42	 63.43	 89.77	 88.31	 87.10	 88.43	142.27	127.33	 75.34	 61.71	 59.83	 54.60	113.83	 96.13	122.78	118.36	 56.02	138.62	 94.31	 95.16	102.47	 37.33	 64.17	105.89	124.80	133.57	103.53	120.30	122.30	 58.34	 59.69	115.68	118.15	 27.25	114.87	 62.54	 55.19		Crotalus_tigris 14
															  0.00	 72.31	 81.11	167.55	112.08	 77.70	 94.08	 87.68	108.80	 67.47	125.40	 88.15	 80.36	 86.52	133.87	 80.68	 60.61	108.18	105.02	117.36	116.49	 68.74	104.31	 76.04	 89.60	107.46	 71.26	 78.36	 72.79	 94.17	168.21	130.35	100.95	 76.58	 75.16	 63.41	 91.09	174.72	116.74	105.50	 99.62	 99.20	 51.67	 88.58	158.32	125.95		Cryptoblepharus_egeriae 15
																  0.00	 37.17	146.05	118.86	 64.70	116.81	 89.75	 83.41	 24.34	101.94	101.89	 90.63	 93.14	103.07	 94.76	 66.94	124.63	104.78	106.55	133.98	 99.37	 94.30	 50.40	 57.38	101.77	 79.00	 80.54	 91.23	 92.49	133.52	112.85	101.09	 49.12	 50.67	 72.33	 86.15	106.80	102.25	115.21	106.62	 90.73	 47.04	 99.73	140.14	105.31		Ctenosaura_bakeri 16
																	  0.00	158.27	122.51	 55.41	100.82	 94.47	 89.49	 26.00	105.08	 97.30	 86.82	 83.02	 79.01	 96.76	 64.79	150.77	 82.97	 91.63	102.77	 80.15	 98.99	 54.11	 53.03	 97.15	 65.65	 88.41	 90.91	 92.53	112.48	101.43	 94.37	 53.61	 65.26	 75.36	 90.54	109.72	102.34	110.54	 96.38	 79.62	 42.75	 99.88	116.45	 88.79		Cyclura_pinguis 17
																		  0.00	 59.98	152.95	132.26	113.00	112.16	178.15	 63.52	138.89	121.99	125.73	 79.25	131.34	107.21	 80.61	 73.76	 66.60	 64.92	162.95	 85.48	114.71	110.51	 66.65	117.83	139.92	136.97	131.19	 60.90	 86.00	112.83	122.70	115.11	125.71	140.75	129.58	 71.55	 73.55	107.66	109.63	 22.18	117.69	 72.06	 78.89		Daboia_siamensis 18
																			  0.00	144.22	146.99	112.38	113.12	135.53	 48.16	111.45	106.60	122.90	 99.77	116.73	116.81	 76.77	 62.93	 59.19	 44.10	108.30	 95.35	124.49	134.88	 49.70	139.98	100.68	115.35	102.07	 51.01	 61.08	 92.35	124.98	122.85	136.41	114.06	125.65	 35.50	 51.49	126.43	105.52	 25.32	106.42	 60.74	 53.47		Diadophis_punctatus 19
																				  0.00	108.53	107.82	123.89	 55.08	107.09	114.21	112.92	113.24	 99.61	 97.55	 58.98	159.92	110.56	139.76	148.34	101.31	111.80	 73.21	 69.63	122.30	 77.42	 94.61	 88.54	110.07	125.38	142.87	 91.42	 57.85	 67.86	 71.63	113.00	125.14	145.38	167.03	 98.86	 90.40	 42.75	112.72	192.69	132.45		Elgaria_multicarinata 20
																					  0.00	 93.69	111.31	 97.44	147.77	 91.76	 85.42	 75.81	156.79	124.03	 96.32	161.11	130.57	111.93	102.10	 77.24	 93.66	 84.85	101.27	119.56	124.75	 98.78	 97.58	 75.43	119.61	119.84	 74.44	 95.33	102.70	104.48	 74.01	100.10	121.53	124.06	 73.70	 88.67	 43.32	 90.27	144.71	111.85		Eublepharis_macularius 21
																						  0.00	 98.17	 89.55	113.04	 93.47	 72.81	 76.57	102.89	 72.13	 86.04	122.03	107.48	120.52	 97.30	106.37	101.20	 97.02	 88.95	100.70	 85.73	 71.03	 79.63	 77.92	128.83	 98.40	103.95	 82.07	 99.47	102.08	 87.23	106.73	111.70	116.33	130.60	106.12	 53.54	 88.60	118.17	100.55		Gekko_japonicus 22
																							  0.00	108.16	100.49	 80.25	104.06	 89.54	 81.25	 75.53	101.75	128.12	 94.32	100.36	113.09	107.32	 80.43	 92.91	 82.87	 90.75	 99.19	 82.29	 96.43	127.76	127.01	104.07	112.70	 92.74	 97.74	 83.67	131.98	124.54	112.60	136.92	122.36	132.43	 41.39	 80.92	119.22	100.65		Hemicordylus_capensis 23
																								  0.00	113.63	103.77	 87.95	 85.99	105.47	103.83	 57.64	176.90	 99.22	110.52	127.09	 87.58	 94.20	 50.82	 51.11	110.82	 73.40	 94.15	 86.31	 89.10	109.74	110.87	100.40	 44.59	 52.17	 80.01	 75.43	112.25	 99.37	129.88	 93.94	 74.34	 45.99	104.77	151.48	110.10		Iguana_delicatissima 24
																									  0.00	113.82	125.82	113.79	 75.00	138.33	 86.95	 87.78	 50.73	 79.31	 71.70	131.92	 74.10	132.50	120.29	 52.48	116.31	 98.64	114.45	 96.60	 71.57	 69.72	111.33	106.81	110.71	135.14	136.23	129.70	 51.90	 70.41	159.43	124.18	 27.79	107.50	 81.63	 72.03		Imantodes_cenchoa 25
																										  0.00	 28.81	 25.61	100.39	 88.13	 86.69	132.61	116.85	158.76	144.35	 75.31	 63.44	 89.53	 97.22	126.43	104.19	 34.68	 41.85	102.70	146.14	125.59	 88.89	 89.08	 91.66	 90.89	102.58	131.38	130.52	117.82	115.61	114.34	 43.50	 33.78	129.42	146.57		Lacerta_agilis 26
																											  0.00	  7.70	130.12	 83.94	 75.70	120.23	127.32	132.03	108.70	 87.60	 64.31	 79.28	 86.32	100.65	 93.61	 30.74	 36.85	103.57	119.88	105.81	 99.99	 87.05	 75.71	 89.10	 96.09	110.25	129.10	109.01	113.51	113.45	 42.20	 36.73	169.20	107.89		Lacerta_bilineata 27
																												  0.00	114.23	 95.22	 68.96	121.18	121.13	139.53	113.61	 76.51	 61.14	 75.80	 82.76	103.76	 91.01	 33.01	 40.98	103.70	135.17	103.91	 93.98	 87.27	 77.71	 85.32	 91.55	102.17	132.26	106.65	103.83	116.12	 42.51	 41.63	156.12	114.76		Lacerta_viridis 28
																													  0.00	130.73	 98.39	110.12	 62.43	 73.51	 69.53	 93.80	 83.49	 88.16	 79.31	 79.47	 89.69	102.19	106.61	100.35	 91.02	 81.85	 85.34	 90.00	102.62	 98.89	122.71	107.89	104.40	 87.88	113.23	121.88	 35.33	145.96	 96.05	 77.44		Laticauda_colubrina 29
																														  0.00	102.63	121.99	147.06	128.08	118.12	100.93	 85.12	 93.87	 95.84	126.39	 90.77	 91.93	 83.02	103.63	135.00	114.09	114.85	109.10	116.60	 89.03	102.44	127.04	137.50	116.64	123.08	 95.03	 43.02	 74.49	150.05	130.76		Lepidodactylus_listeri 30
																															  0.00	161.46	103.15	105.53	114.61	 78.56	101.98	 64.01	 58.43	 98.63	 41.99	 85.01	 80.50	 95.78	154.69	117.25	 82.10	 56.74	 55.31	 63.49	101.78	128.96	118.95	112.41	 81.81	 90.03	 44.92	104.38	142.92	108.45		Lerista_edwardsae 31
																																  0.00	 89.25	 84.48	 95.28	174.37	101.63	147.93	172.90	 72.09	165.46	152.33	144.51	105.27	 69.15	 72.95	133.75	140.36	157.64	115.40	116.94	122.51	 82.65	 67.38	166.88	142.84	 33.58	153.65	 80.72	 66.91		Morelia_viridis 32
																																	  0.00	 72.30	 74.01	106.06	 80.24	 86.21	100.69	 66.19	107.48	104.98	103.33	 85.11	 64.76	 66.26	 89.05	106.38	110.40	 96.56	154.73	 99.36	 42.46	 73.94	108.56	116.99	 24.61	108.07	 69.71	 63.52		Myanophis_thanlyinensis 33
																																		  0.00	 28.35	113.28	 99.28	104.66	102.99	 61.65	100.98	151.36	168.69	100.07	 62.63	 79.01	 83.44	110.86	 88.02	101.64	 99.79	108.93	 54.53	 51.58	109.45	 92.98	 35.40	143.44	 76.61	 60.18		Naja_naja 34
																																			  0.00	131.45	 95.27	116.41	114.79	 59.13	106.79	132.81	129.92	 92.63	 56.57	 60.94	 92.91	103.61	104.21	100.85	 88.22	113.55	 52.69	 51.55	124.68	 98.68	 31.10	135.94	 69.02	 50.47		Ophiophagus_hannah 35
																																				  0.00	 87.93	 70.44	 89.18	 96.46	 73.06	 70.38	 79.27	101.11	148.52	110.42	 94.21	 90.41	 85.03	 97.08	113.32	124.21	115.20	136.76	107.00	103.57	 48.59	 84.73	127.63	108.30		Paroedura_picta 36
																																					  0.00	 96.17	 92.21	 84.78	110.13	 70.76	 76.14	116.76	 97.97	 99.16	100.50	110.83	112.03	100.12	120.27	181.30	 84.14	 84.28	nan	144.07	 34.86	 68.83	114.59	105.10		Phrynocephalus_versicolor 37
																																						  0.00	 15.90	 98.53	 59.08	 81.59	 71.17	 99.88	109.75	106.95	 97.78	 38.15	 36.26	 66.12	 97.25	117.05	114.16	120.17	 92.48	 90.76	 44.73	 87.95	122.55	 92.63		Phrynosoma_blainvillii 38
																																							  0.00	100.23	 57.70	 94.90	 79.04	102.88	100.09	109.18	104.03	 36.19	 35.51	 74.70	109.27	127.68	121.26	131.87	 93.11	 99.66	 49.30	103.24	134.10	 98.68		Phrynosoma_platyrhinos 39
																																								  0.00	124.85	120.01	121.63	137.40	 63.93	 29.14	119.26	 88.38	 98.52	119.46	128.01	110.69	 51.48	 63.82	136.08	110.16	 22.04	128.42	 68.76	 34.01		Pituophis_catenifer 40
																																									  0.00	 99.50	 96.93	117.54	150.60	109.12	 99.27	 57.47	 69.28	 71.92	108.73	125.08	109.85	125.59	 94.01	 96.89	 50.55	109.87	118.17	102.16		Plestiodon_gilberti 41
																																										  0.00	 17.23	 80.75	133.77	125.21	 80.40	 83.17	 74.38	 81.55	111.20	104.70	143.89	113.56	118.81	124.11	 46.69	 33.62	156.40	141.18		Podarci_raffonei 42
																																											  0.00	 96.30	116.60	120.20	 91.32	 79.51	 76.38	 83.11	105.18	117.31	127.79	108.76	119.00	123.36	 46.78	 43.10	179.45	135.15		Podarcis_muralis 43
																																												  0.00	113.86	103.25	 66.20	 92.73	 91.15	 88.03	 58.78	 80.05	108.04	105.77	 76.75	 77.36	 36.67	 82.15	123.44	 96.23		Pogona_vitticeps 44
																																													  0.00	 71.48	 95.27	116.40	127.57	143.01	106.39	135.60	 53.04	 82.44	158.72	115.72	 25.19	125.21	 77.69	 51.26		Protobothrops_mucrosquamatus 45
																																														  0.00	113.24	 94.96	109.78	120.03	114.43	134.58	 57.23	 57.79	117.45	110.19	 24.94	116.46	 63.73	 24.93		Ptyas_mucosa 46
																																															  0.00	 85.95	 82.42	 89.98	 71.60	 86.52	 99.87	115.84	 89.47	 81.13	 44.94	101.20	 99.78	 95.85		Salvator_merianae 47
																																																  0.00	 19.80	 63.00	101.29	 97.27	116.36	145.85	 99.54	 95.33	 47.86	 96.73	116.58	 96.30		Sceloporus_occidentalis 48
																																																	  0.00	 69.32	 92.22	109.25	117.42	143.04	 94.76	 91.96	 47.20	 80.41	138.71	114.18		Sceloporus_tristichus 49
																																																		  0.00	101.78	110.12	136.27	 99.02	 92.10	109.23	 40.51	 95.72	126.06	107.75		Shinisaurus_crocodilurus 50
																																																			  0.00	106.45	114.56	101.89	 80.11	 64.37	 38.80	105.89	117.45	100.48		Sphaerodactylus_townsendi 51
																																																				  0.00	115.52	111.03	114.10	 91.84	 40.13	174.40	154.00	101.93		Sphenodon_punctatus 52
																																																					  0.00	 63.71	121.56	112.13	 28.54	131.31	 55.48	 48.56		Thermophis_baileyi 53
																																																						  0.00	114.83	109.26	 25.94	132.12	 60.23	 57.25		Tropidonophis_doriae 54
																																																							  0.00	 43.68	 36.95	110.00	126.43	122.18		Varanus_komodoensis 55
																																																								  0.00	 37.90	118.70	131.69	 92.03		Varanus_salvator 56
																																																									  0.00	 38.90	 23.01	 27.38		Vipera_latastei 57
																																																										  0.00	120.25	149.38		Zootaca_vivipara 58
																																																											  0.00	 59.24		Thamnophis_elegans 59
																																																												  0.00		Pantherophis_guttatus 60
