Distance Matrix
---------------

Using the Tamura correction method
Using base positions 123 in the codon
Gap weighting is 0.000000

	    1	    2	    3	    4	    5	    6	    7	    8	    9	    10	    11	    12	    13	    14	    15	    16	    17	    18	    19	    20	    21	    22	    23	    24	    25	    26	    27	    28	    29	    30	    31	    32	    33	    34	    35	    36	    37	    38	    39	    40	    41	    42	    43	    44	    45	    46	    47	    48	    49	    50	    51	    52	    53	    54	    55	    56	    57	    58	    59	    60
	  0.00	236.00	 36.60	408.46	244.77	 33.38	 34.69	 22.41	220.40	 22.32	224.47	223.34	216.85	 25.02	391.93	122.91	 33.32	225.68	232.90	 34.61	 41.01	192.49	290.81	 33.15	 20.87	 36.38	 35.46	 35.37	 24.35	196.31	279.76	212.72	 22.44	 23.51	 23.74	199.08	 44.95	 35.14	 35.13	 23.83	-nan	 37.89	 38.25	207.83	 19.70	 23.64	 34.94	 33.78	 35.78	 37.30	 36.77	235.67	 21.25	226.02	 37.11	257.80	 19.93	 37.28	201.67	 23.42		Python_bivittatus 1
		  0.00	326.78	 35.14	 32.84	221.03	221.13	223.30	 34.62	208.84	 35.23	290.71	 33.87	224.87	 32.94	205.12	197.55	 35.21	 34.63	239.50	269.23	184.61	 31.21	207.92	217.41	263.57	249.62	244.68	217.88	173.71	 33.94	 33.04	215.43	198.53	193.21	230.76	239.51	217.95	239.89	207.87	 35.85	268.82	-nan	221.91	206.94	209.95	237.85	202.15	211.94	227.47	211.13	194.78	210.28	 34.09	218.54	 32.67	130.63	272.46	 34.93	218.76		Anilios_bituberculatus 2
			  0.00	422.26	348.27	 26.98	 26.15	 37.02	247.91	 39.24	247.50	208.92	242.79	 38.68	-nan	126.78	 25.42	231.29	404.68	 26.97	 28.49	189.19	-nan	 25.16	 36.93	 25.90	 25.88	 24.66	 36.25	197.78	-nan	243.38	 39.21	 39.07	 35.02	224.49	 46.25	 22.38	 22.97	 35.34	-nan	 24.54	 25.89	226.14	 38.56	 37.77	 26.43	 23.24	 24.05	 27.37	 34.31	257.89	 39.10	235.76	 30.93	-nan	 32.57	 25.79	271.70	 35.72		Anolis_carolinensis 3
				  0.00	 34.94	257.64	257.93	252.22	 33.88	265.47	 34.81	360.76	 37.18	269.68	 24.91	252.12	227.77	 36.93	 34.35	261.70	275.14	207.40	 26.11	268.32	292.50	463.60	262.22	254.28	225.62	206.98	 23.88	 34.87	233.44	258.88	314.60	215.11	294.04	333.71	236.26	259.07	 23.97	244.93	275.81	242.69	325.84	231.06	297.31	240.07	243.88	301.77	250.24	228.76	310.62	 36.36	-nan	 31.99	137.12	322.86	 35.01	255.27		Anolis_sagrei 4
					  0.00	220.31	245.99	214.04	 19.75	215.09	 21.48	-nan	 23.85	223.06	 36.82	218.82	219.97	 22.34	 18.88	250.31	254.84	193.20	 33.91	236.78	212.93	276.33	261.10	292.46	208.01	205.34	 32.23	 21.45	224.91	199.70	207.26	232.05	306.22	223.73	236.91	234.12	 34.42	262.51	251.50	306.31	211.42	220.26	225.94	218.10	221.17	244.20	231.52	213.85	234.87	 19.45	240.00	 35.67	126.99	275.44	 18.42	221.73		Arizona_elegans 5
						  0.00	  9.23	 35.89	248.05	 35.88	238.17	204.98	222.40	 37.40	251.29	121.23	 26.10	211.99	235.19	 27.44	 30.89	190.39	311.46	 27.50	 35.25	 28.63	 29.26	 30.69	 36.99	208.58	252.18	234.58	 33.83	 35.29	 34.28	221.51	 46.26	 25.35	 26.02	 33.05	297.34	 29.22	 29.74	204.44	 35.16	 34.95	 20.10	 29.05	 29.23	 27.86	 31.84	242.34	 35.97	220.75	 28.85	233.98	 29.42	 27.38	238.51	 33.00		Aspidocelis_tigris 6
							  0.00	 35.72	258.14	 36.06	244.07	207.33	230.13	 38.25	268.69	115.83	 26.78	235.35	253.67	 27.99	 32.27	196.37	-nan	 28.05	 35.17	 28.53	 28.80	 29.11	 36.68	213.48	-nan	232.14	 35.88	 35.32	 35.56	218.37	 45.67	 27.51	 26.07	 34.64	308.03	 27.73	 28.05	194.14	 37.25	 36.04	 21.19	 28.49	 29.12	 29.72	 32.84	244.45	 36.90	224.17	 30.14	279.70	 30.53	 26.88	239.40	 33.82		Aspidoscelis_marmoratus 7
								  0.00	228.66	 17.95	223.50	214.43	212.38	 19.21	248.70	126.06	 33.75	223.01	210.34	 34.63	 38.42	212.29	259.43	 33.90	 21.59	 37.55	 37.23	 36.13	 22.99	229.12	244.61	201.23	 21.90	 22.73	 19.70	237.74	 46.94	 34.12	 34.91	 21.74	476.16	 36.16	 37.86	193.66	 16.85	 22.24	 37.17	 33.73	 35.60	 39.17	 37.79	224.18	 21.70	215.12	 37.99	228.94	 16.29	 37.40	201.92	 20.86		Azemiops_feae 8
									  0.00	226.18	 22.01	-nan	 20.55	233.71	 36.83	260.29	230.77	 22.23	 21.12	243.35	276.42	192.06	 36.54	239.95	218.87	327.10	308.75	335.45	221.75	173.14	 33.05	 21.79	217.11	211.88	222.56	207.31	244.22	213.91	231.24	216.35	 35.81	307.42	-nan	220.59	218.15	218.85	218.81	210.51	257.54	249.56	266.57	216.73	225.72	 20.39	239.34	 37.14	128.94	279.98	 17.97	204.99		Boaedon_fuliginosus 9
										  0.00	216.30	226.55	194.00	 18.12	227.76	132.70	 34.84	201.30	219.65	 35.04	 40.96	202.78	258.48	 33.46	 22.65	 38.85	 37.97	 37.74	 24.27	251.73	238.40	197.30	 23.96	 21.57	 21.14	247.83	 47.96	 34.56	 36.97	 23.76	256.51	 36.88	 39.40	192.75	 15.47	 24.12	 36.28	 33.74	 35.19	 39.48	 36.24	233.18	 21.23	200.45	 37.34	222.17	 17.99	 39.51	199.93	 23.78		Bothrops_jararaca 10
											  0.00	-nan	 24.00	232.92	 39.07	217.22	217.52	 22.64	 21.48	212.83	261.64	208.23	 36.04	229.90	209.21	284.27	243.85	243.96	216.04	203.61	 35.53	 23.16	223.58	208.04	217.64	247.80	246.59	257.64	246.21	222.98	 38.89	244.44	296.33	304.92	207.12	218.86	217.63	206.65	224.18	230.34	219.70	233.42	222.35	 21.75	287.40	 38.34	125.93	290.88	 21.76	207.52		Bungarus_multicintus 11
												  0.00	-nan	225.23	341.79	237.88	209.20	-nan	266.90	220.60	202.08	276.87	240.72	203.44	181.32	207.94	192.02	208.93	228.80	255.26	357.23	263.63	204.54	209.09	201.44	-nan	160.96	195.94	202.69	235.64	333.99	207.54	202.79	 33.76	222.07	194.59	207.46	209.86	203.76	215.65	218.74	213.18	215.34	325.53	203.03	334.44	131.21	192.39	-nan	191.35		Calotes_versicolor 12
													  0.00	204.30	 35.43	211.43	226.70	 24.14	 23.19	216.93	244.73	195.03	 36.37	247.39	221.03	323.47	252.78	252.40	204.35	191.15	 36.11	 20.69	209.24	211.52	207.05	226.28	234.63	238.08	242.75	227.55	 37.26	259.11	295.04	227.27	202.38	225.36	222.73	218.41	246.11	235.74	209.69	235.45	211.77	 22.92	217.87	 36.76	129.78	357.45	 21.00	208.90		Charina_bottae 13
														  0.00	240.53	134.00	 36.04	214.13	200.36	 39.09	 40.40	196.28	279.35	 35.21	 24.67	 40.68	 38.02	 36.57	 24.89	231.46	267.13	238.51	 24.82	 23.50	 23.42	217.99	 48.38	 36.76	 36.37	 24.92	306.63	 38.65	 38.73	199.61	 18.52	 24.91	 39.87	 36.38	 36.86	 40.86	 39.46	236.54	 22.83	205.41	 37.78	233.46	 18.39	 41.50	201.32	 24.93		Crotalus_tigris 14
															  0.00	248.16	266.21	 38.13	 37.94	-nan	-nan	210.37	 25.28	266.35	267.97	-nan	-nan	-nan	256.32	210.44	 23.25	 36.45	242.83	240.16	237.73	231.06	293.05	399.62	351.24	295.94	 23.60	-nan	-nan	274.58	246.22	307.87	-nan	252.24	297.78	272.98	252.25	226.79	269.01	 37.01	330.75	 30.86	138.71	-nan	 35.78	322.66		Cryptoblepharus_egeriae 15
																  0.00	106.27	256.31	238.98	115.94	122.77	194.03	223.96	106.95	131.42	118.80	116.83	116.48	123.31	188.24	237.47	236.60	121.98	127.56	119.54	205.95	189.57	114.69	114.86	129.08	244.02	116.22	117.54	231.03	125.90	129.67	114.71	114.40	121.87	114.24	112.48	302.75	127.07	239.02	122.43	239.04	119.43	113.84	212.02	131.60		Ctenosaura_bakeri 16
																	  0.00	223.50	219.86	 25.76	 27.39	201.94	257.38	 15.58	 34.43	 25.96	 24.25	 24.15	 33.49	203.78	235.53	209.90	 34.92	 34.08	 31.58	235.43	 44.21	 21.14	 23.00	 33.88	271.80	 23.86	 25.12	195.42	 33.88	 34.21	 27.11	 20.56	 21.64	 26.48	 29.04	228.25	 31.84	209.83	 27.33	221.72	 30.22	 24.40	205.08	 33.88		Cyclura_pinguis 17
																		  0.00	 22.32	207.25	211.67	197.23	 35.69	216.53	202.40	264.08	293.64	248.47	202.57	185.13	 34.61	 23.11	203.16	210.61	205.19	241.43	248.50	247.69	237.03	206.98	 36.50	240.97	314.23	257.24	201.13	202.85	223.80	207.04	200.85	228.05	210.45	197.43	222.75	 21.55	204.19	 37.68	125.08	238.20	 22.19	222.15		Daboia_siamensis 18
																			  0.00	220.23	224.03	193.76	 35.60	232.99	205.29	255.66	241.07	266.70	233.65	183.83	 34.99	 24.19	216.62	208.63	222.40	240.46	254.67	266.31	259.83	231.60	 36.61	247.54	317.74	254.06	208.91	217.69	279.02	226.36	229.53	265.43	219.05	212.29	208.34	 19.97	243.98	 37.63	121.05	249.69	 20.48	218.92		Diadophis_punctatus 19
																				  0.00	 26.04	193.05	262.31	 27.28	 35.23	 27.77	 27.22	 26.64	 35.46	190.72	263.11	209.82	 36.52	 37.40	 36.32	239.62	 46.16	 26.13	 25.56	 35.55	252.21	 27.23	 26.88	197.05	 35.74	 36.32	 28.06	 26.47	 27.41	 25.26	 31.64	229.47	 36.77	224.19	 29.59	230.95	 29.98	 28.75	213.85	 34.15		Elgaria_multicarinata 20
																					  0.00	228.12	318.20	 27.50	 38.49	 29.67	 28.71	 28.71	 38.12	224.40	244.84	220.04	 40.57	 39.95	 39.46	231.62	 45.80	 27.36	 27.26	 36.48	294.08	 26.74	 26.27	190.45	 39.15	 37.13	 29.21	 29.59	 30.50	 30.01	 35.51	247.68	 41.25	235.73	 30.40	279.95	 33.56	 27.69	242.59	 35.36		Eublepharis_macularius 21
																						  0.00	197.69	208.05	199.15	191.96	210.52	203.54	207.53	 71.61	192.52	208.12	199.47	201.66	202.24	 32.15	205.05	174.57	203.10	207.04	207.58	193.63	225.39	281.44	207.31	211.61	209.10	181.05	190.54	211.91	166.37	220.69	189.14	195.56	195.67	195.29	131.00	202.16	184.17	205.34		Gekko_japonicus 22
																							  0.00	275.27	274.09	-nan	298.04	272.68	258.25	199.71	 24.85	 34.17	272.57	256.28	269.11	229.69	336.98	-nan	337.14	284.70	 24.05	-nan	-nan	228.65	266.98	235.61	-nan	252.66	291.25	292.22	248.74	193.54	262.65	 34.73	280.21	 28.84	132.54	-nan	 33.50	263.82		Hemicordylus_capensis 23
																								  0.00	 36.24	 25.37	 24.99	 24.69	 34.47	207.22	325.98	223.85	 34.74	 34.00	 31.68	228.07	 45.49	 22.51	 23.27	 34.72	-nan	 24.40	 26.07	202.97	 33.21	 34.83	 27.85	 22.02	 22.39	 26.44	 28.36	223.83	 33.94	214.76	 27.45	225.28	 28.80	 26.90	216.13	 35.99		Iguana_delicatissima 24
																									  0.00	 37.86	 37.28	 36.72	 22.09	232.80	242.22	202.26	 21.95	 22.09	 20.39	217.73	 45.34	 35.08	 35.76	 19.05	316.39	 35.98	 37.46	186.29	 21.33	 19.07	 36.12	 35.37	 36.08	 37.09	 40.01	236.87	 18.14	205.24	 36.26	218.86	 19.04	 37.54	203.14	 18.77		Imantodes_cenchoa 25
																										  0.00	 16.94	 17.47	 37.42	198.34	-nan	262.52	 37.28	 37.59	 36.04	211.84	 47.94	 25.42	 24.84	 38.30	-nan	 20.46	 19.45	219.18	 37.33	 38.68	 28.61	 27.76	 26.15	 27.49	 35.32	244.69	 38.77	248.46	 32.68	264.94	 31.89	 21.62	274.17	 37.23		Lacerta_agilis 26
																											  0.00	  5.33	 35.59	208.09	335.31	252.56	 38.84	 37.96	 37.20	232.55	 46.87	 25.35	 24.04	 36.93	388.71	 18.56	 19.13	215.38	 37.52	 36.70	 29.92	 26.07	 25.34	 27.49	 34.67	235.21	 37.94	286.38	 31.82	322.77	 30.73	 21.82	270.09	 36.69		Lacerta_bilineata 27
																												  0.00	 35.28	209.28	363.34	258.17	 37.81	 37.49	 36.64	228.56	 46.25	 25.56	 23.68	 35.95	-nan	 17.51	 19.78	209.28	 35.85	 35.37	 30.02	 25.40	 25.07	 27.69	 33.36	236.76	 36.90	299.12	 31.17	313.44	 30.43	 21.39	273.15	 37.49		Lacerta_viridis 28
																													  0.00	227.53	266.75	206.26	 22.96	 20.26	 20.46	216.40	 47.14	 33.74	 33.70	 21.46	-nan	 35.20	 36.27	198.34	 23.33	 21.34	 35.06	 33.94	 36.64	 37.40	 40.60	242.55	 23.45	209.90	 38.86	229.88	 20.22	 36.52	196.64	 21.56		Laticauda_colubrina 29
																														  0.00	194.39	193.07	219.49	210.01	213.42	 78.07	227.37	187.68	203.25	216.52	194.66	201.18	213.85	189.94	232.39	258.21	202.58	206.89	200.97	206.85	210.38	213.78	239.68	186.79	204.70	212.19	138.23	207.62	183.97	213.10		Lepidodactylus_listeri 30
																															  0.00	 34.94	247.70	242.74	265.42	218.75	275.91	270.38	271.18	253.13	 21.23	-nan	317.32	300.55	258.94	245.80	284.45	227.60	251.76	287.64	252.65	215.98	246.04	 34.77	262.23	 29.88	143.29	374.70	 34.35	264.00		Lerista_edwardsae 31
																																  0.00	204.62	201.61	221.51	227.77	234.20	217.33	222.96	227.48	 35.40	240.18	322.65	232.47	215.39	202.53	208.02	203.53	220.54	228.23	210.94	222.56	216.22	 22.07	220.20	 36.88	126.03	275.95	 21.10	205.71		Morelia_viridis 32
																																	  0.00	 22.21	 20.45	204.20	 49.21	 38.35	 36.09	 22.04	271.65	 38.55	 38.90	189.32	 21.46	 22.43	 36.37	 34.96	 37.83	 38.79	 38.28	201.10	 21.92	210.14	 39.38	212.58	 20.00	 38.46	197.52	 21.61		Myanophis_thanlyinensis 33
																																		  0.00	 18.03	238.98	 48.02	 36.40	 36.33	 22.50	260.36	 37.24	 38.67	200.40	 22.72	 22.45	 37.19	 35.78	 37.09	 37.97	 37.85	243.15	 19.59	199.06	 37.96	214.26	 19.93	 38.85	196.77	 22.56		Naja_naja 34
																																			  0.00	256.41	 46.38	 35.49	 34.43	 20.35	390.01	 37.12	 38.76	190.50	 19.47	 21.85	 35.25	 34.31	 34.93	 37.14	 37.87	232.66	 19.62	195.56	 36.29	201.59	 18.17	 36.11	198.99	 21.69		Ophiophagus_hannah 35
																																				  0.00	263.52	213.42	223.63	230.15	204.21	232.07	264.96	315.88	230.02	239.82	214.71	218.73	221.43	227.54	181.37	331.93	219.29	243.13	206.46	210.11	133.25	228.72	233.83	234.38		Paroedura_picta 36
																																					  0.00	 47.10	 47.14	 45.22	-nan	 47.19	 45.50	153.89	 46.99	 47.46	 44.65	 47.49	 47.98	 50.74	 51.20	250.42	 47.98	218.38	 49.17	311.77	 41.85	 46.09	236.87	 44.87		Phrynocephalus_versicolor 37
																																						  0.00	 13.02	 34.63	293.64	 23.85	 25.62	203.01	 33.95	 36.26	 24.55	 19.89	 20.79	 26.09	 32.60	250.97	 36.65	228.40	 29.29	274.06	 30.87	 24.69	234.72	 34.58		Phrynosoma_blainvillii 38
																																							  0.00	 33.86	286.38	 23.44	 23.46	212.60	 34.29	 35.49	 26.11	 21.06	 20.55	 26.20	 32.26	241.74	 38.18	239.79	 29.16	272.80	 29.92	 24.02	257.20	 33.21		Phrynosoma_platyrhinos 39
																																								  0.00	-nan	 37.50	 37.21	199.51	 21.87	 14.28	 36.96	 35.13	 36.55	 38.18	 40.93	241.94	 20.67	202.80	 37.50	210.89	 19.67	 37.33	219.25	 11.82		Pituophis_catenifer 40
																																									  0.00	-nan	-nan	270.83	281.36	-nan	-nan	332.76	-nan	-nan	253.39	228.56	301.78	 35.35	273.87	 29.87	140.92	-nan	 37.49	-nan		Plestiodon_gilberti 41
																																										  0.00	 10.75	200.90	 38.09	 34.68	 28.27	 25.42	 24.00	 27.72	 35.03	218.78	 36.98	274.95	 30.82	338.37	 31.69	 17.42	274.93	 36.68		Podarci_raffonei 42
																																											  0.00	221.68	 39.50	 36.56	 29.06	 26.70	 26.14	 28.96	 36.55	245.08	 40.01	342.78	 32.59	-nan	 33.09	 17.84	290.80	 37.28		Podarcis_muralis 43
																																												  0.00	189.67	204.16	209.13	192.26	200.46	210.82	221.73	181.24	195.31	241.55	204.80	208.26	125.46	211.57	223.90	200.79		Pogona_vitticeps 44
																																													  0.00	 23.14	 35.17	 33.92	 34.42	 39.50	 36.45	228.64	 20.96	199.19	 37.66	208.84	 16.53	 38.96	195.04	 22.33		Protobothrops_mucrosquamatus 45
																																														  0.00	 35.76	 35.56	 36.59	 38.32	 40.69	245.30	 19.64	204.28	 39.40	248.62	 19.30	 35.86	226.92	 15.92		Ptyas_mucosa 46
																																															  0.00	 28.40	 28.35	 28.22	 33.05	284.84	 36.97	210.21	 30.40	227.67	 32.87	 28.59	211.82	 33.84		Salvator_merianae 47
																																																  0.00	 11.53	 28.28	 30.00	213.06	 35.03	220.29	 30.19	227.01	 29.47	 26.50	212.86	 35.66		Sceloporus_occidentalis 48
																																																	  0.00	 27.86	 31.03	232.87	 37.18	223.04	 29.06	239.05	 30.58	 26.47	227.62	 35.74		Sceloporus_tristichus 49
																																																		  0.00	 32.94	254.93	 38.64	242.30	 29.09	244.11	 32.03	 29.66	218.15	 36.63		Shinisaurus_crocodilurus 50
																																																			  0.00	235.60	 36.76	212.95	 33.03	222.70	 33.99	 36.23	196.84	 40.19		Sphaerodactylus_townsendi 51
																																																				  0.00	228.93	213.84	223.95	202.16	149.91	228.98	192.90	252.45		Sphenodon_punctatus 52
																																																					  0.00	204.56	 36.48	228.83	 18.32	 39.44	200.90	 21.37		Thermophis_baileyi 53
																																																						  0.00	197.64	 35.00	121.99	274.50	 18.82	209.87		Tropidonophis_doriae 54
																																																							  0.00	221.07	 31.90	 33.42	205.49	 38.03		Varanus_komodoensis 55
																																																								  0.00	128.89	-nan	 34.93	222.36		Varanus_salvator 56
																																																									  0.00	 32.47	119.85	 17.81		Vipera_latastei 57
																																																										  0.00	279.12	 37.45		Zootaca_vivipara 58
																																																											  0.00	218.08		Thamnophis_elegans 59
																																																												  0.00		Pantherophis_guttatus 60
