Distance Matrix
---------------

Using the Tamura correction method
Using base positions 123 in the codon
Gap weighting is 0.000000

	    1	    2	    3	    4	    5	    6	    7	    8	    9	    10	    11	    12	    13	    14	    15	    16	    17	    18	    19	    20	    21	    22	    23	    24	    25	    26	    27	    28	    29	    30	    31	    32	    33	    34	    35	    36	    37	    38	    39	    40	    41	    42	    43	    44	    45	    46	    47	    48	    49	    50	    51	    52	    53	    54	    55	    56	    57	    58	    59	    60
	  0.00	 72.32	150.65	151.91	 27.08	146.30	148.78	 23.68	 28.11	 28.09	 28.31	162.76	 20.49	 27.72	156.49	164.88	142.05	 27.90	 27.34	152.11	164.06	161.99	148.30	138.16	 26.29	151.65	155.45	192.91	 30.38	151.79	138.85	 14.01	 28.21	 26.28	 25.27	158.95	188.17	138.21	144.08	 27.72	248.40	173.44	173.62	157.26	 26.07	 25.01	147.10	143.43	147.37	159.94	142.46	139.72	 23.92	 26.93	138.08	144.13	 25.76	177.08	195.22	 25.81		Python_bivittatus 1
		  0.00	 95.44	 99.89	 76.39	 99.96	 98.76	 77.96	 74.03	 75.59	 74.17	118.32	 70.68	 73.40	 99.98	152.21	102.01	 73.07	 76.88	105.48	 99.48	 97.55	100.09	 97.94	 70.66	100.82	 99.55	161.64	 76.20	 91.21	 90.25	 73.49	 78.32	 70.24	 74.10	 97.43	103.22	 99.54	103.52	 77.42	220.88	 97.52	 98.29	113.10	 73.18	 74.31	 97.01	 98.53	 97.99	100.36	 96.93	 97.96	 75.34	 73.68	100.08	100.03	 65.48	104.63	226.82	 74.36		Anilios_bituberculatus 2
			  0.00	 23.19	146.00	 35.19	 37.04	156.32	159.03	153.24	161.06	 46.40	153.98	151.79	 26.56	139.30	 23.84	153.52	145.21	 32.39	 31.55	 32.36	 29.61	 23.84	144.45	 28.13	 29.13	141.39	148.28	 29.50	 25.81	155.47	165.44	149.80	150.39	 45.98	 43.23	 24.46	 26.27	153.45	272.24	 28.07	 27.18	 46.85	152.17	146.53	 34.12	 26.48	 24.17	 25.87	 29.38	 39.56	154.32	144.64	 34.54	 31.81	133.80	 29.18	215.87	138.92		Anolis_carolinensis 3
				  0.00	139.74	 35.98	 38.14	147.79	132.99	147.97	150.97	 47.77	145.67	140.45	 23.26	140.40	 27.75	139.20	138.49	 30.51	 32.04	 33.52	 28.98	 28.43	138.75	 28.76	 31.23	147.10	148.44	 33.79	 24.41	140.27	142.11	136.57	140.65	 44.16	 46.06	 24.97	 25.34	141.75	nan	 29.07	 29.40	 47.32	136.64	145.33	 31.05	 24.69	 24.10	 31.63	 35.60	 37.37	147.21	138.07	 34.11	 36.55	130.39	 28.70	194.40	139.87		Anolis_sagrei 4
					  0.00	164.35	167.26	 25.90	 30.13	 26.15	 24.60	179.32	 29.04	 25.78	147.17	180.00	144.68	 26.62	 22.87	156.55	150.75	176.61	164.23	141.97	 22.01	157.35	154.47	147.99	 25.52	150.86	138.53	 26.94	 24.70	 25.29	 22.92	158.16	161.61	150.87	154.39	 14.32	nan	166.30	170.06	160.09	 27.82	 13.75	152.40	151.62	146.74	170.98	143.15	162.61	 21.23	 23.48	152.89	166.26	 22.96	156.17	199.27	 13.86		Arizona_elegans 5
						  0.00	  8.84	145.51	145.67	148.05	152.41	 54.36	155.38	149.90	 37.04	157.93	 37.23	150.61	146.75	 35.36	 38.49	 39.20	 38.48	 36.31	146.82	 37.62	 37.55	155.51	155.51	 43.24	 37.02	147.01	155.56	146.92	150.59	 48.54	 46.91	 36.74	 36.21	162.29	330.75	 38.97	 40.04	 49.61	132.65	149.16	 21.83	 37.13	 36.26	 34.51	 42.28	 40.12	158.63	137.07	 39.93	 40.89	134.62	 35.49	199.96	153.20		Aspidocelis_tigris 6
							  0.00	147.94	149.11	144.24	151.52	 55.24	157.11	157.13	 37.89	160.82	 38.95	148.27	145.88	 36.46	 39.88	 41.14	 40.57	 38.27	143.56	 38.71	 37.66	152.73	160.68	 42.96	 37.58	153.69	154.90	145.79	155.45	 48.37	 47.96	 39.25	 38.46	165.39	294.39	 39.37	 39.03	 51.54	145.12	156.47	 22.23	 38.24	 35.53	 37.17	 44.10	 41.55	169.23	137.48	 44.88	 40.84	131.50	 38.83	209.04	161.99		Aspidoscelis_marmoratus 7
								  0.00	 25.88	 18.15	 26.51	161.81	 28.00	 21.30	153.18	172.62	136.76	 21.85	 27.20	141.60	139.15	154.14	148.53	136.44	 24.43	148.85	149.17	166.84	 28.20	143.57	147.14	 23.76	 22.99	 25.27	 23.67	165.66	176.11	140.69	137.06	 24.37	385.10	170.51	167.41	169.12	 17.40	 23.22	146.38	137.83	135.49	161.20	151.92	138.19	 24.98	 24.38	150.97	156.84	 18.33	150.39	200.82	 24.90		Azemiops_feae 8
									  0.00	 27.67	 28.26	153.44	 28.53	 32.13	154.43	162.39	148.55	 26.18	 24.62	144.69	156.57	165.41	147.75	145.94	 24.90	149.18	154.09	171.28	 28.90	151.03	132.27	 25.84	 26.25	 26.27	 24.56	162.25	160.50	143.61	152.20	 25.13	nan	170.49	161.34	148.89	 27.51	 25.24	136.74	154.60	143.96	154.08	143.24	143.36	 28.30	 25.80	146.83	141.85	 25.56	165.91	187.20	 24.87		Boaedon_fuliginosus 9
										  0.00	 27.07	148.33	 29.73	 17.27	151.73	174.33	136.73	 21.79	 23.18	144.17	146.59	153.13	150.67	129.16	 25.20	149.96	148.74	170.63	 30.97	145.68	134.92	 27.21	 25.07	 25.80	 22.63	165.05	147.26	135.08	138.70	 24.23	238.33	161.55	160.14	153.28	 15.56	 24.20	150.38	133.23	136.98	156.39	144.14	134.50	 23.96	 24.60	148.35	144.68	 17.41	154.39	189.21	 26.12		Bothrops_jararaca 10
											  0.00	177.00	 31.20	 30.64	155.54	185.03	162.54	 27.57	 26.20	162.37	161.94	175.56	149.10	166.52	 24.85	157.93	156.35	163.92	 20.20	148.22	150.81	 29.06	 27.36	 20.74	 18.71	153.53	159.15	153.07	155.36	 22.82	266.04	180.16	173.61	159.47	 26.71	 22.44	146.71	151.03	152.38	164.83	161.52	157.57	 27.44	 23.32	153.68	154.18	 24.82	162.25	194.71	 24.99		Bungarus_multicintus 11
												  0.00	162.35	149.08	 46.25	162.01	 45.53	146.88	143.83	 44.26	 52.53	 53.86	 50.75	 42.69	148.54	 49.14	 52.45	165.41	165.34	 51.94	 47.63	162.44	149.07	148.56	160.24	 60.04	 34.94	 50.81	 46.98	163.55	302.24	 51.16	 52.59	 38.45	142.27	159.35	 49.86	 47.67	 46.12	 46.49	 50.36	 46.78	161.42	145.68	 50.30	 44.31	128.91	 54.21	nan	153.97		Calotes_versicolor 12
													  0.00	 28.70	150.67	161.20	155.08	 30.12	 23.33	161.71	161.74	158.56	153.53	143.70	 24.28	151.26	153.65	158.58	 31.46	147.15	141.55	 20.14	 28.15	 26.17	 25.27	149.65	164.63	144.94	144.91	 28.20	291.57	171.30	168.77	157.29	 28.31	 26.11	147.05	152.81	150.65	179.46	145.56	153.32	 25.68	 26.70	169.34	162.62	 26.18	161.71	188.02	 24.12		Charina_bottae 13
														  0.00	136.83	166.29	137.28	 25.38	 26.10	137.80	150.15	154.06	154.96	133.52	 25.06	141.62	155.54	166.71	 29.38	143.78	134.65	 25.90	 26.70	 25.91	 26.22	154.87	166.45	145.61	147.76	 24.62	-nan	146.75	152.09	160.60	 18.51	 26.54	154.65	127.34	133.90	161.53	154.05	143.18	 22.68	 26.33	150.05	160.98	 20.92	149.84	187.91	 25.76		Crotalus_tigris 14
															  0.00	134.56	 22.16	148.93	145.31	 30.05	 31.22	 30.84	 25.85	 21.15	156.25	 25.57	 24.69	134.11	160.43	 28.77	 19.78	156.67	149.09	139.35	153.83	 37.07	 44.09	 25.89	 25.53	154.09	nan	 26.24	 27.65	 43.01	139.97	144.95	 33.08	 22.42	 22.01	 26.63	 28.47	 33.36	146.76	148.68	 35.74	 33.85	129.38	 27.05	193.72	137.76		Cryptoblepharus_egeriae 15
																  0.00	135.62	182.12	175.77	142.26	151.97	147.58	142.34	139.99	165.57	142.38	152.50	151.80	168.50	140.82	146.24	166.73	178.12	166.02	169.79	171.60	173.15	145.12	141.86	176.80	225.32	141.51	143.49	155.19	169.97	168.98	158.45	139.09	137.04	132.21	137.52	160.81	174.02	167.30	162.29	163.06	137.75	147.73	231.20	173.73		Ctenosaura_bakeri 16
																	  0.00	137.64	144.11	 28.53	 29.14	 31.64	 29.17	 17.20	147.90	 29.47	 28.89	132.89	147.76	 29.67	 22.60	146.81	150.86	140.67	147.96	 43.00	 46.40	 25.69	 23.64	152.63	298.80	 28.27	 27.91	 42.47	135.50	147.97	 34.05	 21.88	 19.37	 27.27	 27.87	 35.46	152.81	137.30	 31.72	 31.31	124.17	 28.32	192.65	144.49		Cyclura_pinguis 17
																		  0.00	 23.08	137.65	149.56	157.07	147.58	129.88	 23.75	142.71	147.92	175.52	 28.97	146.18	141.60	 27.17	 24.29	 29.30	 26.39	154.99	159.22	126.53	126.64	 26.11	367.42	143.14	148.75	148.01	 23.04	 24.58	152.71	136.85	132.80	150.01	147.59	137.80	 27.82	 24.38	154.40	159.01	 14.37	146.56	220.23	 24.56		Daboia_siamensis 18
																			  0.00	149.85	142.04	161.25	142.89	136.91	 17.15	148.56	151.11	158.44	 26.05	144.15	128.81	 26.05	 21.42	 23.97	 22.16	157.02	141.30	134.13	136.66	 20.56	242.57	162.24	159.87	145.27	 23.58	 20.36	149.76	137.45	140.32	145.12	143.03	153.28	 17.13	 22.48	153.19	140.65	 23.20	148.00	193.80	 20.35		Diadophis_punctatus 19
																				  0.00	 34.83	 35.86	 30.47	 26.95	150.81	 34.84	 31.97	139.83	151.78	 33.11	 28.74	159.18	149.71	141.49	160.88	 45.38	 45.88	 31.25	 30.32	150.82	220.44	 34.49	 32.93	 43.48	143.79	149.85	 36.26	 32.06	 27.54	 27.81	 33.51	 31.00	153.96	152.03	 37.70	 34.87	122.57	 34.66	197.94	145.17		Elgaria_multicarinata 20
																					  0.00	 33.39	 30.72	 31.93	149.82	 29.84	 32.05	137.74	151.07	 30.87	 26.28	150.70	148.60	139.50	152.26	 43.51	 46.52	 30.10	 31.15	149.08	nan	 31.78	 29.72	 50.11	140.21	148.21	 37.20	 30.06	 29.73	 33.34	 36.25	 40.83	162.49	143.75	 37.35	 36.27	137.20	 31.84	187.20	152.68		Eublepharis_macularius 21
																						  0.00	 32.47	 30.33	153.61	 34.16	 35.39	148.89	165.94	 24.62	 31.59	156.75	154.40	158.86	162.16	 46.26	 52.10	 35.49	 34.63	176.75	235.77	 35.95	 36.02	 53.06	153.43	174.16	 42.71	 33.23	 31.67	 33.96	 32.68	 40.34	168.95	150.54	 41.25	 38.90	138.93	 34.52	nan	170.94		Gekko_japonicus 22
																							  0.00	 27.97	147.04	 26.94	 27.60	138.16	152.63	 32.50	 26.39	153.21	157.83	137.80	139.58	 39.72	 43.95	 27.37	 29.15	160.11	nan	 29.53	 29.03	 44.88	142.95	148.34	 33.61	 27.81	 29.16	 29.05	 30.26	 35.22	153.44	147.90	 33.08	 33.85	136.48	 32.08	242.53	154.13		Hemicordylus_capensis 23
																								  0.00	145.33	 29.64	 27.13	135.68	149.97	 28.56	 21.68	136.34	149.28	140.33	143.26	 45.87	 43.74	 22.82	 23.76	147.53	250.85	 28.16	 29.28	 42.08	131.87	146.01	 33.19	 24.68	 20.14	 27.66	 26.52	 35.95	149.12	133.50	 32.29	 31.15	115.28	 28.19	203.16	138.70		Iguana_delicatissima 24
																									  0.00	143.05	151.27	147.33	 24.94	153.33	150.39	 26.67	 24.88	 23.10	 22.20	148.46	151.78	137.92	141.73	 20.35	308.59	158.80	156.54	151.94	 24.48	 18.58	145.31	140.25	141.54	154.85	137.98	146.47	 19.43	 20.27	148.49	141.66	 21.39	146.95	209.50	 18.93		Imantodes_cenchoa 25
																										  0.00	 13.80	133.29	146.81	 31.73	 27.13	145.85	148.04	139.98	146.26	 46.24	 44.27	 28.26	 29.96	159.85	262.18	 17.96	 20.34	 50.55	135.36	139.12	 36.01	 30.31	 26.93	 30.34	 35.11	 37.45	159.42	147.37	 35.45	 35.83	130.62	 22.32	186.32	138.44		Lacerta_agilis 26
																											  0.00	130.49	149.87	 31.74	 26.65	157.43	148.27	136.69	147.67	 45.69	 49.12	 28.80	 30.72	161.24	292.24	 19.82	 20.46	 48.11	137.66	144.89	 33.93	 30.42	 26.02	 29.82	 31.53	 38.04	166.57	154.99	 38.78	 37.18	129.37	 23.30	191.53	149.51		Lacerta_bilineata 27
																												  0.00	154.69	150.94	131.84	157.67	150.76	160.47	157.72	152.93	149.18	142.30	143.86	150.62	nan	130.93	136.52	148.16	163.25	158.10	156.87	153.59	147.40	126.34	127.78	149.70	154.06	157.76	159.91	149.91	140.34	134.11	187.15	156.02		Lacerta_viridis 28
																													  0.00	144.12	143.95	 28.27	 27.44	 23.32	 21.30	158.51	161.26	140.14	152.16	 23.01	nan	166.19	161.24	160.36	 27.37	 24.69	143.87	147.16	149.31	175.27	140.94	159.00	 28.06	 21.92	148.95	151.66	 26.64	151.94	177.99	 23.14		Laticauda_colubrina 29
																														  0.00	 24.64	143.89	150.59	139.24	142.53	 38.59	 51.11	 31.95	 31.88	147.30	239.63	 31.26	 29.93	 47.25	142.87	139.87	 36.84	 30.62	 28.14	 31.52	 30.75	 39.21	150.45	135.25	 35.84	 35.39	134.03	 33.63	204.42	148.70		Lepidodactylus_listeri 30
																															  0.00	138.13	150.56	140.42	145.12	 42.52	 43.80	 23.71	 26.25	136.36	285.83	 25.76	 23.81	 44.35	132.88	131.59	 31.73	 23.90	 22.61	 27.17	 30.41	 36.34	149.72	138.48	 34.51	 31.92	129.25	 28.40	177.86	132.79		Lerista_edwardsae 31
																																  0.00	 25.24	 28.13	 24.43	149.96	176.44	138.41	137.53	 24.87	230.07	172.34	170.20	152.98	 22.86	 27.07	148.73	152.05	148.44	168.27	146.84	149.75	 24.35	 24.32	146.93	154.12	 23.05	174.14	174.72	 25.32		Morelia_viridis 32
																																	  0.00	 24.42	 24.55	173.84	152.06	150.10	154.59	 25.46	nan	166.47	166.69	149.04	 24.14	 24.82	145.65	142.89	152.02	161.38	147.79	134.62	 23.58	 23.24	164.29	150.21	 24.45	160.33	176.74	 24.35		Myanophis_thanlyinensis 33
																																		  0.00	 17.27	148.08	151.40	145.84	143.95	 23.94	292.38	164.86	161.08	150.43	 22.29	 22.25	133.02	133.32	143.60	150.10	139.57	136.60	 23.00	 18.91	147.41	143.24	 24.18	146.56	197.06	 23.47		Naja_naja 34
																																			  0.00	161.27	155.23	143.19	151.47	 19.88	nan	173.75	161.72	144.28	 22.62	 21.93	144.58	140.49	142.11	160.58	139.65	147.28	 22.60	 18.04	154.13	156.44	 22.96	154.30	201.12	 21.46		Ophiophagus_hannah 35
																																				  0.00	 56.36	 45.28	 44.85	154.43	nan	 44.89	 45.57	 55.27	149.52	146.49	 43.86	 42.95	 42.42	 43.03	 45.43	 51.01	159.98	143.51	 50.62	 48.66	136.14	 46.80	204.91	158.19		Paroedura_picta 36
																																					  0.00	 45.04	 46.16	159.65	286.15	 51.79	 50.41	 34.85	163.08	150.79	 45.83	 47.20	 44.66	 47.55	 47.41	 47.26	165.94	153.02	 52.20	 49.06	127.13	 47.79	228.17	147.72		Phrynocephalus_versicolor 37
																																						  0.00	 15.06	143.89	325.65	 31.13	 29.66	 48.43	143.01	143.85	 35.29	 20.26	 19.86	 29.91	 32.21	 36.08	155.73	138.63	 34.35	 36.13	121.93	 30.60	inf	141.17		Phrynosoma_blainvillii 38
																																							  0.00	151.67	nan	 28.44	 30.78	 46.17	141.80	148.23	 37.25	 20.07	 17.56	 30.17	 32.72	 38.99	163.16	137.70	 34.46	 37.39	121.91	 28.80	inf	149.58		Phrynosoma_platyrhinos 39
																																								  0.00	nan	183.37	174.05	165.97	 26.02	 14.19	151.04	149.76	143.65	175.75	155.33	151.02	 24.05	 20.75	160.46	153.94	 22.58	166.54	198.49	 12.90		Pituophis_catenifer 40
																																									  0.00	231.84	283.50	233.51	282.87	nan	251.65	nan	nan	nan	nan	nan	304.36	267.65	nan	233.76	174.32	nan	227.68	nan		Plestiodon_gilberti 41
																																										  0.00	 10.39	 49.95	143.94	160.07	 33.85	 27.67	 27.98	 29.26	 34.46	 39.08	167.43	172.00	 39.15	 37.62	134.35	 20.12	192.35	160.56		Podarci_raffonei 42
																																											  0.00	 51.18	152.43	151.91	 34.70	 27.27	 27.32	 29.04	 35.87	 38.55	177.77	167.99	 37.23	 36.17	135.31	 20.81	189.74	165.37		Podarcis_muralis 43
																																												  0.00	148.63	148.46	 49.82	 46.16	 42.67	 44.22	 48.75	 48.44	165.41	147.95	 48.97	 45.59	120.79	 52.66	158.43	149.91		Pogona_vitticeps 44
																																													  0.00	 24.92	138.21	133.05	138.70	150.76	141.65	140.97	 23.61	 21.84	143.95	146.27	 17.39	136.97	184.69	 25.97		Protobothrops_mucrosquamatus 45
																																														  0.00	142.85	143.29	146.00	159.00	155.53	152.75	 20.60	 23.26	148.12	146.87	 21.23	154.68	175.71	 11.29		Ptyas_mucosa 46
																																															  0.00	 36.17	 35.40	 35.65	 35.35	 36.81	153.33	135.66	 41.78	 38.56	131.45	 36.08	205.62	146.51		Salvator_merianae 47
																																																  0.00	 12.49	 29.10	 31.17	 38.35	150.65	137.87	 35.21	 35.81	129.17	 27.73	224.23	144.75		Sceloporus_occidentalis 48
																																																	  0.00	 26.81	 28.42	 35.26	155.98	138.35	 35.31	 32.48	119.63	 29.44	218.39	143.58		Sceloporus_tristichus 49
																																																		  0.00	 30.30	 36.68	159.04	159.51	 34.27	 33.92	133.89	 30.31	206.30	159.14		Shinisaurus_crocodilurus 50
																																																			  0.00	 39.19	145.39	128.53	 37.71	 34.45	129.10	 35.62	182.21	153.35		Sphaerodactylus_townsendi 51
																																																				  0.00	167.59	142.95	 38.86	 41.05	121.63	 40.23	253.69	149.80		Sphenodon_punctatus 52
																																																					  0.00	 22.80	157.32	150.33	 23.68	166.12	171.18	 21.29		Thermophis_baileyi 53
																																																						  0.00	146.11	140.23	 23.11	148.17	200.86	 22.42		Tropidonophis_doriae 54
																																																							  0.00	 17.54	136.93	 34.53	222.92	151.73		Varanus_komodoensis 55
																																																								  0.00	140.77	 39.00	208.24	153.96		Varanus_salvator 56
																																																									  0.00	127.12	149.28	 22.34		Vipera_latastei 57
																																																										  0.00	nan	152.31		Zootaca_vivipara 58
																																																											  0.00	181.00		Thamnophis_elegans 59
																																																												  0.00		Pantherophis_guttatus 60
