Distance Matrix
---------------

Using the Tamura correction method
Using base positions 123 in the codon
Gap weighting is 0.000000

	    1	    2	    3	    4	    5	    6	    7	    8	    9	    10	    11	    12	    13	    14	    15	    16	    17	    18	    19	    20	    21	    22	    23	    24	    25	    26	    27	    28	    29	    30	    31	    32	    33	    34	    35	    36	    37	    38	    39	    40	    41	    42	    43	    44	    45	    46	    47	    48	    49	    50	    51	    52	    53	    54	    55	    56	    57	    58	    59	    60
	  0.00	104.51	124.08	103.53	 86.57	144.05	138.76	147.61	 76.89	130.26	 78.93	141.37	 30.37	144.33	117.84	110.93	111.39	 77.19	 68.40	 91.89	 96.91	110.92	127.63	112.66	 70.52	122.56	126.07	128.46	153.23	 98.23	102.26	 17.72	 81.21	 79.65	133.84	102.85	126.35	107.78	103.82	 87.42	111.43	116.06	109.47	155.70	136.81	175.88	111.32	106.01	110.05	105.24	114.50	108.57	136.77	 67.15	111.93	107.34	nan	155.10	 68.08	 85.78		Python_bivittatus 1
		  0.00	 79.18	 92.54	101.46	nan	nan	159.51	119.88	156.57	105.96	nan	105.08	163.43	 71.38	 72.67	 69.58	109.39	110.89	101.08	106.71	114.52	 74.49	 72.81	113.01	104.73	 97.82	 97.33	184.26	 98.91	 84.37	 98.36	 88.97	111.75	240.92	 82.00	161.35	 87.04	 93.34	103.07	 81.62	104.32	100.82	144.54	125.08	162.05	 96.73	 89.09	 82.05	 84.25	 80.14	 80.31	172.40	118.23	 94.73	 84.95	nan	nan	 97.49	 99.73		Anilios_bituberculatus 2
			  0.00	 58.50	103.68	158.54	158.99	168.31	122.10	151.11	130.91	167.18	127.48	169.50	 47.77	 38.82	 41.43	127.45	114.03	 93.56	 79.22	 91.94	 54.01	 40.52	121.70	 79.03	 77.76	 75.53	191.52	 81.07	 71.07	110.27	110.38	128.30	nan	 80.66	184.03	 64.51	 68.02	116.19	 48.87	 88.40	 89.31	146.53	193.17	nan	 86.94	 64.46	 60.10	 47.48	 64.21	 52.68	153.80	119.30	 88.52	 85.10	nan	163.34	122.96	109.81		Anolis_carolinensis 3
				  0.00	117.35	137.02	137.02	126.15	111.57	126.65	100.78	183.38	106.95	134.44	 65.74	 56.30	 57.91	119.79	104.38	 83.27	 68.38	 78.15	 75.24	 59.25	112.49	 79.33	 83.52	 82.94	169.51	 81.33	 49.63	107.26	114.26	106.14	214.96	 74.61	nan	 37.56	 37.05	109.46	 65.58	 79.99	 81.41	149.48	153.44	140.63	 82.64	 36.95	 38.41	 73.73	 70.30	 74.14	nan	105.98	 91.88	 80.42	nan	125.84	102.15	113.16		Anolis_sagrei 4
					  0.00	162.30	159.58	132.95	 81.24	136.15	 74.81	157.10	 75.91	134.48	117.56	107.81	119.90	 84.61	 68.53	111.80	109.41	112.63	120.71	110.50	 73.93	112.07	109.65	107.73	214.82	110.44	107.69	 83.88	 64.52	 65.79	163.88	102.32	147.01	112.45	108.45	 45.85	112.52	106.02	106.41	132.27	169.87	165.18	117.04	118.55	117.91	107.97	106.42	105.25	148.75	 78.38	109.75	111.94	nan	157.12	 71.45	 44.34		Arizona_elegans 5
						  0.00	  7.88	145.66	148.12	143.28	124.23	 94.76	141.38	142.18	155.67	145.04	157.87	182.43	129.30	149.67	131.70	155.65	148.57	151.97	134.91	145.97	164.86	153.65	138.17	nan	116.67	132.78	145.54	128.53	149.86	155.65	 91.99	132.86	132.34	165.96	145.87	148.12	153.72	 84.12	205.93	nan	 77.50	119.03	118.37	155.63	179.25	160.69	142.66	174.06	165.14	175.44	nan	141.58	166.76	147.13		Aspidocelis_tigris 6
							  0.00	153.07	143.63	149.51	125.08	 95.71	141.94	144.21	161.86	156.12	163.81	161.40	127.11	150.69	127.86	166.60	147.40	155.28	136.05	144.55	156.95	148.78	147.25	nan	117.47	125.43	145.91	132.20	160.21	186.97	 90.00	139.03	135.20	162.70	156.79	139.96	142.35	 82.20	253.01	nan	 76.97	130.95	119.23	160.99	181.71	163.08	148.23	166.01	164.20	178.96	nan	137.23	151.59	146.33		Aspidoscelis_marmoratus 7
								  0.00	178.46	 31.12	141.64	174.58	158.80	 31.38	148.20	161.35	188.50	183.51	166.70	137.52	221.83	167.40	149.23	192.52	160.69	nan	nan	nan	 77.67	nan	112.05	163.57	142.34	151.18	 69.79	178.35	202.62	133.45	123.40	149.73	153.02	nan	nan	nan	 62.48	172.22	169.78	119.94	122.22	145.89	136.65	132.14	 69.38	194.69	146.15	123.82	nan	158.45	147.36	156.19		Azemiops_feae 8
									  0.00	179.13	 72.26	131.76	 75.22	nan	114.08	111.72	122.52	 53.54	 36.54	111.52	 91.35	 89.09	113.89	123.49	 37.50	111.89	110.22	108.93	157.16	111.75	120.17	 77.18	 79.25	 68.17	140.85	128.44	115.15	112.73	111.61	 71.18	111.67	107.29	106.90	139.71	156.91	133.92	125.76	116.86	117.98	144.29	131.53	109.53	137.53	 35.35	106.27	112.84	245.22	177.77	 32.75	 66.90		Boaedon_fuliginosus 9
										  0.00	153.38	160.42	147.60	 25.69	150.91	141.84	144.16	nan	235.39	132.58	228.40	nan	155.87	148.53	238.45	235.96	nan	nan	 70.67	nan	103.47	137.54	172.00	157.25	 66.52	202.42	inf	130.53	129.62	170.74	129.49	197.17	195.89	163.67	 58.07	nan	158.30	118.68	128.77	144.22	126.83	151.00	 65.83	nan	146.24	138.88	nan	174.49	nan	153.50		Bothrops_jararaca 10
											  0.00	149.43	 77.66	150.86	116.86	112.57	116.38	 69.70	 60.05	105.10	112.54	102.36	123.19	114.32	 63.37	106.70	110.72	115.22	180.01	121.69	101.35	 80.85	 66.43	 62.35	257.46	103.45	128.43	 97.45	 94.38	 68.70	113.39	113.10	108.71	161.81	175.53	138.67	104.75	101.34	102.89	128.87	114.30	104.98	135.51	 56.27	114.19	108.60	123.76	182.73	 57.40	 69.13		Bungarus_multicintus 11
												  0.00	130.79	177.54	188.60	nan	204.29	145.83	131.53	158.67	145.80	116.49	201.47	inf	122.44	172.42	184.13	175.27	nan	137.60	147.70	138.03	141.55	inf	nan	193.28	 74.56	185.79	189.10	139.74	163.41	170.72	181.43	 74.76	nan	162.60	nan	147.02	150.33	165.59	164.29	161.35	165.49	135.07	140.61	144.95	218.13	191.34	122.64	137.39		Calotes_versicolor 12
													  0.00	152.27	109.12	112.94	118.87	 71.61	 64.00	109.11	111.30	121.01	132.10	120.57	 69.14	119.99	120.17	116.22	158.06	 86.24	104.03	 31.33	 72.62	 67.67	145.27	105.76	132.67	108.89	104.48	 79.26	117.57	113.58	112.99	139.46	138.56	159.22	105.66	101.95	100.51	103.11	108.89	117.86	132.22	 64.43	106.99	105.31	nan	173.22	 67.14	 72.88		Charina_bottae 13
														  0.00	201.95	187.85	nan	188.50	254.47	126.95	nan	154.66	205.37	190.00	199.79	209.61	239.45	nan	 72.74	nan	118.98	137.35	178.02	156.69	 70.56	nan	nan	131.24	138.40	175.46	134.19	174.54	165.80	nan	 58.85	nan	163.09	129.05	128.95	nan	143.12	159.51	 68.16	213.65	132.38	130.33	nan	188.68	198.39	162.69		Crotalus_tigris 14
															  0.00	 40.10	 40.09	123.86	105.39	 91.98	 69.93	 81.41	 58.25	 39.75	105.33	 81.32	 76.69	 74.75	175.30	 68.35	 53.38	112.23	103.65	107.85	143.24	 71.89	172.37	 59.88	 65.76	118.14	 35.87	 78.52	 78.28	146.95	154.21	132.54	 83.32	 60.88	 61.18	 41.73	 48.34	 53.00	144.30	107.74	 89.09	 85.39	nan	143.78	108.83	104.20		Cryptoblepharus_egeriae 15
																  0.00	 17.57	127.49	104.66	 81.63	 66.90	 75.06	 48.50	 17.57	112.54	 81.73	 81.77	 79.30	nan	 71.87	 54.23	109.93	117.28	109.77	nan	 69.54	126.42	 51.85	 54.69	114.34	 39.28	 87.75	 86.73	146.40	138.25	161.76	 79.61	 52.98	 52.62	 37.57	 50.97	 44.51	162.12	108.08	 90.01	 81.31	nan	159.58	117.87	109.60		Ctenosaura_bakeri 16
																	  0.00	125.43	110.02	 77.37	 73.29	 78.86	 51.47	 17.96	122.21	 76.94	 74.87	 74.87	nan	 71.75	 50.52	108.82	114.39	112.64	nan	 66.57	143.33	 52.61	 55.04	119.06	 39.91	 79.65	 80.61	141.42	161.88	176.98	 73.98	 53.86	 53.80	 39.50	 46.60	 43.84	nan	111.68	 88.03	 82.58	nan	140.30	116.98	117.21		Cyclura_pinguis 17
																		  0.00	 43.99	103.17	114.98	 92.80	117.18	138.34	 43.89	108.54	109.76	106.68	157.86	110.31	112.68	 77.35	 74.09	 75.74	170.80	131.54	130.02	119.36	108.98	 74.20	111.30	103.08	 97.77	146.34	146.69	144.34	114.99	118.08	121.19	122.95	129.66	110.81	159.42	 42.73	116.96	107.50	192.07	158.96	 42.61	 75.95		Daboia_siamensis 18
																			  0.00	101.16	100.12	 90.64	115.94	109.30	 23.39	100.96	 96.18	 95.79	168.49	 96.71	105.04	 68.20	 65.62	 58.09	186.45	103.14	114.42	 94.32	 97.26	 66.07	101.04	 95.51	 93.20	155.26	132.88	119.98	101.92	 98.92	101.24	120.17	120.39	 97.67	113.23	 30.74	110.04	106.26	168.90	154.29	 26.66	 60.67		Diadophis_punctatus 19
																				  0.00	 89.26	 85.74	 83.73	 80.61	105.30	 79.14	 77.90	 79.60	175.75	 82.99	 82.83	 95.63	114.45	124.37	172.73	 92.41	143.07	 74.59	 73.79	103.52	 74.43	 79.49	 79.82	140.88	103.82	172.83	103.01	 85.24	 82.54	 85.00	 79.29	 88.17	149.96	102.81	 99.37	 96.51	nan	 93.29	100.36	106.72		Elgaria_multicarinata 20
																					  0.00	 76.51	 72.32	 69.45	103.22	 56.74	 59.11	 60.47	222.99	 76.51	 75.49	106.89	103.80	114.16	160.59	 90.03	117.54	 71.00	 74.70	108.37	 74.02	 60.00	 56.67	145.53	nan	138.92	 81.58	 73.41	 73.61	 74.48	 81.80	 74.38	169.17	 99.68	 86.81	 81.10	nan	136.53	 99.93	108.31		Eublepharis_macularius 21
																						  0.00	 81.09	 75.75	 80.71	 82.27	 83.15	 83.99	152.15	 57.03	 74.56	107.38	103.39	129.18	149.56	 88.56	117.14	 75.40	 83.47	113.29	 73.55	 80.66	 80.74	137.90	211.63	135.47	 76.58	 78.99	 77.77	 86.58	 77.95	 79.87	130.49	 83.21	 95.20	 92.80	nan	146.90	 88.74	117.87		Gekko_japonicus 22
																							  0.00	 46.72	116.42	 78.51	 81.57	 81.01	183.24	 84.19	 71.35	119.22	107.03	114.36	162.03	 73.84	136.93	 70.26	 67.95	110.57	 49.33	 78.79	 77.50	179.16	151.31	146.90	 77.64	 70.25	 69.28	 52.85	 63.33	 55.59	167.47	120.87	 79.24	 75.83	nan	223.04	130.24	104.03		Hemicordylus_capensis 23
																								  0.00	114.52	 82.57	 80.80	 81.29	nan	 77.11	 55.17	109.04	108.39	104.27	nan	 69.49	151.82	 53.87	 56.33	115.40	 39.21	 82.96	 83.28	157.16	146.85	162.82	 78.38	 54.19	 55.02	 39.51	 49.12	 47.40	171.27	107.41	 86.99	 87.43	nan	156.40	113.43	109.95		Iguana_delicatissima 24
																									  0.00	108.58	105.48	103.01	141.38	 98.45	117.04	 71.51	 65.29	 62.29	153.67	104.06	120.60	103.84	107.27	 63.68	114.56	 98.14	 95.54	168.73	139.37	121.58	103.92	107.21	103.58	132.82	113.77	104.06	111.71	 28.24	112.56	107.29	122.64	144.09	 27.19	 63.45		Imantodes_cenchoa 25
																										  0.00	 14.95	 14.90	nan	 89.57	 79.27	114.13	111.11	124.92	186.79	 93.30	140.73	 73.52	 74.14	101.44	 73.16	 22.05	 20.95	149.43	187.04	136.25	 83.33	 76.16	 71.60	 77.91	 76.17	 83.29	151.36	121.09	 98.85	 95.26	nan	137.75	 98.34	109.50		Lacerta_agilis 26
																											  0.00	  4.67	nan	 82.93	 75.48	110.07	106.17	117.89	nan	 93.63	146.05	 73.03	 73.72	 99.84	 76.23	 22.56	 22.59	141.54	nan	136.13	 84.07	 78.94	 73.22	 79.16	 73.65	 77.60	162.79	112.05	100.92	 92.50	nan	147.86	 98.06	103.21		Lacerta_bilineata 27
																												  0.00	nan	 82.37	 75.48	111.60	105.60	118.41	nan	 96.37	143.66	 73.81	 74.05	101.10	 78.80	 23.59	 23.62	135.33	nan	141.71	 82.71	 75.74	 69.34	 79.65	 75.44	 78.63	151.26	107.84	100.90	 93.08	nan	148.75	 95.77	102.78		Lacerta_viridis 28
																													  0.00	167.75	158.34	136.13	145.36	149.20	 28.55	154.11	217.49	199.75	nan	168.02	203.23	nan	206.29	154.17	 75.20	164.07	163.24	166.15	161.14	249.81	242.00	242.18	 55.71	203.83	nan	172.82	nan	175.88	167.44	143.65		Laticauda_colubrina 29
																														  0.00	 73.16	 87.76	104.45	127.04	184.89	 83.98	125.45	 75.83	 84.55	119.91	 70.74	 88.42	 89.67	128.06	inf	155.88	 84.72	 77.64	 82.32	 68.99	 72.77	 75.94	inf	 95.21	 89.21	 90.66	nan	133.99	 95.47	110.25		Lepidodactylus_listeri 30
																															  0.00	104.06	101.43	101.83	143.88	 80.07	143.61	 39.43	 40.11	115.22	 51.04	 80.07	 79.09	133.70	149.89	167.69	 74.81	 39.77	 37.17	 63.96	 64.43	 66.85	130.07	108.01	 92.26	 86.43	nan	133.51	103.84	107.07		Lerista_edwardsae 31
																																  0.00	 77.07	 79.60	123.72	104.46	119.84	111.51	116.04	 86.33	103.36	111.38	105.16	148.57	136.81	193.39	 99.94	103.67	108.87	101.04	102.23	102.83	128.81	 66.02	107.32	102.34	nan	163.70	 70.81	 86.69		Morelia_viridis 32
																																	  0.00	 80.26	133.69	108.36	144.46	105.01	104.99	 68.09	111.08	107.12	108.83	125.47	162.05	143.78	 97.81	115.09	104.67	108.87	103.40	 96.63	 69.20	 68.54	113.81	110.63	138.84	161.04	 65.42	 63.93		Myanophis_thanlyinensis 33
																																		  0.00	159.02	113.46	145.84	113.24	110.62	 73.53	109.31	108.21	111.05	135.41	137.12	146.73	113.24	106.52	105.31	116.36	109.20	103.46	152.06	 61.69	102.93	113.93	174.75	165.92	 65.38	 66.66		Naja_naja 34
																																			  0.00	249.41	inf	nan	nan	147.17	158.42	nan	188.35	138.34	 72.10	169.36	nan	173.63	153.58	176.15	187.74	168.31	 51.09	239.34	nan	174.94	nan	186.95	172.80	140.82		Ophiophagus_hannah 35
																																				  0.00	156.70	 74.24	 78.96	105.05	 72.05	 96.11	 98.16	159.70	148.01	145.87	 84.31	 75.73	 75.80	 81.75	 69.18	 74.13	147.20	109.31	105.42	100.60	nan	173.02	103.81	100.18		Paroedura_picta 36
																																					  0.00	150.14	168.18	128.74	134.38	133.31	121.66	 72.39	199.21	162.87	157.52	145.96	148.04	170.46	180.42	165.59	157.25	117.95	139.81	127.31	nan	145.69	111.82	128.10		Phrynocephalus_versicolor 37
																																						  0.00	 16.24	118.78	 65.83	 74.51	 77.73	169.58	134.98	159.10	 77.82	 27.76	 29.87	 63.28	 68.29	 75.95	141.90	109.64	 86.19	 83.19	nan	133.81	104.16	103.27		Phrynosoma_blainvillii 38
																																							  0.00	115.55	 68.37	 72.34	 73.60	158.08	134.68	168.72	 78.13	 32.76	 34.58	 66.25	 77.26	 79.07	181.65	113.06	 96.25	 88.75	nan	131.87	104.01	106.42		Phrynosoma_platyrhinos 39
																																								  0.00	115.72	 96.80	 97.85	121.27	203.15	 67.75	120.83	114.54	112.84	138.06	117.07	 94.70	161.34	 68.54	112.94	114.05	nan	175.26	 64.29	 12.48		Pituophis_catenifer 40
																																									  0.00	 81.55	 77.87	156.03	143.03	148.90	 80.54	 59.99	 63.06	 43.53	 48.02	 50.32	146.44	104.42	 90.63	 87.64	nan	138.01	105.06	109.37		Plestiodon_gilberti 41
																																										  0.00	  7.23	134.02	248.14	147.94	 86.90	 78.23	 78.41	 83.53	 81.43	 81.47	157.70	107.66	 94.92	 87.52	nan	146.55	 97.29	 93.56		Podarci_raffonei 42
																																											  0.00	140.55	202.99	141.01	 83.73	 82.78	 79.81	 82.40	 84.24	 80.96	155.72	104.65	 97.28	 86.52	nan	143.68	 93.61	 96.37		Podarcis_muralis 43
																																												  0.00	186.12	151.14	212.02	171.57	202.25	155.25	132.25	138.39	135.26	158.62	135.21	133.74	nan	141.05	150.28	123.72		Pogona_vitticeps 44
																																													  0.00	222.91	nan	133.62	145.60	150.49	130.08	186.81	 72.23	147.31	146.97	116.51	nan	128.22	134.05	155.06		Protobothrops_mucrosquamatus 45
																																														  0.00	146.68	148.50	154.27	182.59	141.68	129.80	154.80	136.79	165.54	151.61	238.58	114.94	133.93	 65.67		Ptyas_mucosa 46
																																															  0.00	 73.40	 75.65	 86.67	 79.78	 84.04	150.89	108.03	 96.16	 98.25	nan	145.80	111.64	115.08		Salvator_merianae 47
																																																  0.00	 16.94	 62.84	 74.61	 71.95	173.45	104.01	 85.04	 80.80	nan	148.40	 97.79	105.96		Sceloporus_occidentalis 48
																																																	  0.00	 67.89	 76.23	 72.46	165.50	103.15	 85.19	 86.94	nan	143.99	 97.38	104.48		Sceloporus_tristichus 49
																																																		  0.00	 56.47	 53.08	147.60	144.97	 88.43	 88.17	nan	149.71	137.29	125.97		Shinisaurus_crocodilurus 50
																																																			  0.00	 58.63	139.50	129.49	 88.64	 88.88	nan	134.49	121.35	113.09		Sphaerodactylus_townsendi 51
																																																				  0.00	154.04	101.37	 94.69	 90.11	nan	148.22	102.27	 96.87		Sphenodon_punctatus 52
																																																					  0.00	134.45	161.15	156.89	163.02	154.63	129.23	146.89		Thermophis_baileyi 53
																																																						  0.00	117.00	106.94	119.33	152.52	 28.20	 65.79		Tropidonophis_doriae 54
																																																							  0.00	 29.53	nan	170.27	104.64	107.54		Varanus_komodoensis 55
																																																								  0.00	nan	168.57	100.46	105.72		Varanus_salvator 56
																																																									  0.00	nan	nan	nan		Vipera_latastei 57
																																																										  0.00	137.70	179.14		Zootaca_vivipara 58
																																																											  0.00	 61.29		Thamnophis_elegans 59
																																																												  0.00		Pantherophis_guttatus 60
