Distance Matrix
---------------

Using the Tamura correction method
Using base positions 123 in the codon
Gap weighting is 0.000000

	    1	    2	    3	    4	    5	    6	    7	    8	    9	    10	    11	    12	    13	    14	    15	    16	    17	    18	    19	    20	    21	    22	    23	    24	    25	    26	    27	    28	    29	    30	    31	    32	    33	    34	    35	    36	    37	    38	    39	    40	    41	    42	    43	    44	    45	    46	    47	    48	    49	    50	    51	    52	    53	    54	    55	    56	    57	    58	    59	    60
	  0.00	 48.31	336.85	305.32	254.53	204.24	254.26	 28.95	183.80	 31.17	nan	196.16	215.87	 30.97	273.54	252.70	205.83	181.42	254.16	214.21	306.94	257.66	279.03	238.17	168.41	274.44	291.00	256.79	 35.58	259.49	258.18	224.60	 29.95	 31.73	 28.12	312.87	nan	255.56	240.71	 27.91	235.74	273.28	258.10	213.95	 31.05	 28.16	198.07	278.04	nan	253.20	295.32	-nan	 29.15	218.00	230.77	221.40	 29.70	384.29	nan	 29.04		Python_bivittatus 1
		  0.00	-nan	263.63	264.94	230.10	266.31	 52.64	187.47	 51.14	248.95	194.24	281.54	 54.03	237.26	311.68	262.14	183.41	223.98	216.02	286.53	229.24	298.79	258.27	209.42	361.63	-nan	327.03	 58.12	325.34	398.41	223.95	 49.14	 51.72	 48.49	243.60	282.14	271.78	309.38	 53.47	290.99	255.30	-nan	245.49	 52.29	 53.08	201.41	276.85	251.25	225.20	213.71	276.15	 53.37	266.21	217.24	219.19	 46.66	-nan	nan	 51.55		Anilios_bituberculatus 2
			  0.00	 26.64	254.43	267.08	236.44	289.04	276.91	255.89	324.41	230.10	238.16	287.98	194.62	 30.40	 31.56	263.58	288.69	216.40	 36.81	 35.86	194.50	 29.10	-nan	181.92	189.49	192.87	396.59	 35.48	193.05	205.52	263.57	-nan	351.74	208.86	204.12	 28.56	 26.97	285.68	221.45	215.32	193.69	 54.07	329.91	270.29	240.09	 29.97	 30.12	235.04	 36.13	203.98	265.29	320.75	186.47	196.62	305.73	192.75	224.28	266.95		Anolis_carolinensis 3
				  0.00	216.51	213.79	221.10	325.22	232.07	294.93	nan	359.93	228.91	278.29	199.27	 29.55	 29.11	205.32	238.98	178.91	 34.21	 35.86	207.80	 27.25	-nan	213.63	198.31	201.76	nan	 31.40	213.89	196.88	242.33	263.15	nan	200.83	208.57	 26.04	 27.03	270.11	235.37	187.43	181.65	 48.47	291.06	256.53	216.45	 26.04	 27.28	217.10	 37.39	197.96	233.81	330.63	201.88	209.43	256.67	189.60	196.75	252.21		Anolis_sagrei 4
					  0.00	268.65	256.91	224.04	185.96	266.80	240.30	239.79	248.55	244.52	215.05	191.77	188.78	212.08	 24.66	266.74	223.50	243.32	250.02	201.31	280.80	210.19	250.66	269.57	248.80	228.22	219.06	 29.13	222.48	213.31	199.64	290.48	228.41	203.72	207.23	242.75	255.41	237.32	226.93	219.04	345.34	246.33	352.70	204.61	186.02	201.75	193.34	248.21	245.25	216.92	235.44	251.14	233.26	221.14	 25.92	274.63		Arizona_elegans 5
						  0.00	194.20	233.48	467.96	227.49	266.85	192.95	196.72	239.16	180.22	216.36	215.76	283.99	227.39	211.55	252.45	289.03	183.82	206.00	187.19	174.65	172.03	178.46	222.06	229.35	174.03	223.69	202.50	214.14	223.44	223.33	205.53	214.13	265.86	232.44	194.86	176.74	174.62	276.11	221.95	226.56	 26.24	233.90	225.87	222.36	210.01	186.66	210.85	218.50	234.93	260.21	206.52	197.80	214.79	232.98		Aspidocelis_tigris 6
							  0.00	334.01	239.37	276.46	293.19	228.28	214.81	287.06	 37.94	222.37	nan	251.37	216.22	231.65	203.27	191.13	 40.52	nan	207.85	 42.25	 40.56	 40.12	281.83	209.57	 36.02	236.84	nan	300.44	301.09	inf	237.68	202.63	197.46	317.77	 38.60	 37.07	 42.85	190.78	nan	nan	195.93	204.38	198.98	228.26	195.85	 44.06	nan	nan	223.73	222.05	281.75	 39.33	214.79	nan		Aspidoscelis_marmoratus 7
								  0.00	193.10	 20.56	240.57	187.06	228.05	 22.09	267.14	304.06	nan	197.18	195.89	241.89	nan	408.05	-nan	nan	196.15	325.70	-nan	-nan	 33.44	303.15	312.36	198.99	 32.00	 30.04	 28.35	407.07	245.61	326.20	386.01	 26.80	247.89	-nan	-nan	238.36	 19.75	 27.34	241.31	280.86	nan	223.75	nan	358.29	 28.08	229.86	296.14	244.11	 24.55	-nan	226.89	 27.89		Azemiops_feae 8
									  0.00	211.49	215.77	288.41	306.19	214.39	222.66	212.48	211.22	 29.15	194.30	nan	235.62	242.83	246.67	228.20	200.40	320.73	284.24	-nan	213.31	241.53	275.77	192.81	185.79	191.60	186.80	nan	212.02	222.75	244.28	204.41	nan	251.38	381.57	204.03	213.02	192.27	nan	242.36	232.79	-nan	233.90	262.69	185.25	197.98	nan	301.01	202.06	264.69	218.88	197.31		Boaedon_fuliginosus 9
										  0.00	257.52	167.86	266.41	 20.52	271.73	209.68	211.97	213.78	265.68	236.67	309.87	240.05	-nan	240.16	205.00	280.30	-nan	-nan	 32.79	261.80	249.23	218.73	 32.05	 31.36	 27.18	414.79	213.87	278.66	290.10	 27.19	256.36	-nan	-nan	254.89	 21.84	 27.75	225.16	286.98	279.58	253.86	245.34	-nan	 29.64	243.29	236.65	233.61	 22.75	-nan	nan	 27.03		Bothrops_jararaca 10
											  0.00	207.07	226.42	268.62	nan	nan	nan	241.28	228.59	242.82	nan	nan	246.98	267.49	234.59	292.68	287.39	310.98	251.37	nan	nan	233.45	221.30	253.78	271.15	275.10	252.63	320.68	319.01	263.30	inf	254.13	-nan	284.98	280.68	239.79	-nan	232.80	nan	313.36	nan	269.16	227.98	 30.23	300.49	299.39	211.03	272.07	155.97	252.50		Bungarus_multicintus 11
												  0.00	308.84	192.02	227.12	239.41	232.01	265.48	204.33	200.69	233.75	223.24	226.20	233.05	274.70	254.57	238.89	243.73	196.12	278.29	235.84	204.80	189.32	200.88	192.87	199.62	236.67	260.36	350.08	188.21	229.85	229.56	228.25	244.98	176.43	187.42	186.29	270.97	250.11	198.71	217.28	222.58	188.98	204.61	192.58	182.11	187.28	269.02	222.75	185.72		Calotes_versicolor 12
													  0.00	240.29	212.83	202.21	239.91	257.70	214.30	204.26	282.76	220.30	287.52	203.04	181.02	276.64	236.12	237.23	-nan	223.60	194.86	255.62	220.98	249.60	230.22	183.94	206.75	238.27	232.16	262.40	211.41	204.44	263.97	300.60	215.21	255.40	203.32	239.63	227.84	180.03	194.22	278.71	243.61	195.55	183.16	187.27	271.21	331.82	285.62	236.44		Charina_bottae 13
														  0.00	255.44	291.83	281.69	207.44	262.73	225.45	313.91	256.63	-nan	256.16	206.24	274.96	277.95	303.80	 35.01	280.95	467.62	206.41	 32.49	 31.61	 27.35	nan	219.62	274.27	270.42	 29.02	281.09	-nan	-nan	230.66	 23.62	 28.00	219.03	248.72	266.98	273.02	272.03	-nan	 26.45	269.06	237.91	243.39	 25.74	-nan	nan	 29.13		Crotalus_tigris 14
															  0.00	174.22	188.92	269.22	196.84	215.80	203.80	164.83	 29.63	183.35	187.39	 32.99	 31.73	 33.04	317.94	189.31	 23.28	201.84	271.90	inf	341.55	nan	244.35	171.78	176.05	inf	 26.64	 29.20	 33.11	174.03	269.22	nan	179.87	184.35	175.74	204.58	169.22	 36.79	330.84	nan	219.03	210.14	257.48	 34.82	179.58	373.38		Cryptoblepharus_egeriae 15
																  0.00	 20.68	184.39	200.03	154.34	 37.45	 30.27	184.36	 15.99	351.76	199.39	182.09	189.66	nan	 32.26	181.60	178.14	nan	nan	nan	167.73	180.78	 26.76	 28.90	248.09	185.87	189.70	206.85	 45.82	271.60	241.33	210.01	 22.90	 23.13	179.55	 30.40	197.37	235.66	291.62	158.97	164.96	295.52	199.50	153.83	234.47		Ctenosaura_bakeri 16
																	  0.00	187.27	187.99	150.32	 36.13	 31.76	188.58	 18.00	nan	187.78	187.65	186.97	305.38	 31.92	186.81	185.91	271.69	nan	nan	171.37	184.11	 28.62	 29.01	245.65	203.19	199.94	197.80	 46.05	nan	220.93	228.00	 27.54	 27.50	202.04	 32.60	194.87	196.88	306.98	190.57	170.73	230.93	203.06	180.62	223.97		Cyclura_pinguis 17
																		  0.00	200.50	nan	204.72	312.72	317.04	198.22	237.73	-nan	332.74	327.81	214.02	215.56	313.32	196.99	199.46	212.71	198.02	-nan	242.84	205.89	257.08	202.48	318.63	314.54	-nan	203.08	202.12	215.74	nan	209.78	199.19	-nan	200.54	376.79	182.19	202.71	321.21	269.28	205.52	292.61	286.46	201.34		Daboia_siamensis 18
																			  0.00	193.40	211.77	271.55	224.39	213.90	inf	201.49	224.34	214.54	221.73	213.11	208.79	 28.52	204.98	235.12	216.60	219.92	234.42	235.70	245.72	259.37	207.14	217.84	260.70	269.41	216.96	258.78	243.84	201.77	192.15	193.46	199.19	211.56	221.94	257.35	208.74	206.48	196.38	265.60	 21.22	227.67		Diadophis_punctatus 19
																				  0.00	174.33	176.07	214.17	162.94	nan	223.78	215.75	214.69	266.32	185.83	198.06	185.57	223.70	313.05	234.41	 40.85	216.99	192.42	186.96	278.66	216.14	196.81	217.62	176.52	216.55	279.74	194.64	173.48	172.53	 39.01	177.06	199.00	221.77	246.69	 43.11	 41.15	203.95	230.57	171.92	240.69		Elgaria_multicarinata 20
																					  0.00	 36.89	193.23	 35.99	-nan	208.65	209.36	207.44	nan	 38.54	198.58	230.75	nan	nan	nan	168.45	203.25	 37.54	 36.22	320.10	234.36	198.93	205.80	 58.11	nan	286.05	252.71	 39.07	 39.92	199.75	 40.82	186.19	nan	nan	197.13	181.97	294.79	204.42	182.59	nan		Eublepharis_macularius 21
																						  0.00	175.97	 29.88	278.32	231.59	217.83	219.58	nan	 29.33	173.95	233.10	314.23	nan	nan	188.42	213.48	 35.44	 35.81	264.29	211.56	199.15	230.06	 51.29	341.26	302.77	234.15	 35.15	 33.82	245.72	 34.33	183.25	322.58	nan	183.53	188.73	263.99	204.59	228.63	255.56		Gekko_japonicus 22
																							  0.00	178.74	202.67	 34.51	 34.20	 32.78	-nan	200.27	 29.79	205.73	385.53	347.63	-nan	231.25	219.06	180.72	174.53	-nan	 33.58	 34.21	 36.03	173.13	-nan	inf	181.20	181.91	192.40	206.54	163.88	 37.81	nan	246.98	217.96	204.67	nan	 33.97	183.48	nan		Hemicordylus_capensis 23
																								  0.00	nan	191.48	188.75	187.92	nan	 28.78	183.55	188.57	265.95	nan	nan	172.23	189.37	 26.12	 27.35	273.23	207.53	191.25	193.64	 47.40	279.10	250.07	218.85	 24.96	 25.19	190.53	 30.97	193.59	241.45	237.41	175.97	165.89	255.83	182.06	152.57	267.30		Iguana_delicatissima 24
																									  0.00	359.34	245.65	233.85	190.92	298.74	187.41	nan	185.24	177.52	191.28	325.79	199.28	385.73	-nan	205.21	232.25	229.74	240.16	241.13	192.64	183.70	190.88	316.00	405.15	-nan	330.63	251.48	180.65	230.00	328.89	nan	210.45	238.37	nan	184.97		Imantodes_cenchoa 25
																										  0.00	 15.87	 16.97	302.53	233.86	 30.89	218.65	-nan	-nan	-nan	247.66	244.58	177.25	171.34	528.35	 32.28	 23.09	 22.26	196.78	-nan	-nan	167.76	195.12	204.36	221.45	202.33	 38.40	328.14	292.50	193.08	216.24	-nan	 24.27	200.19	-nan		Lacerta_agilis 26
																											  0.00	  6.91	354.83	258.39	 30.03	235.41	312.91	-nan	381.08	253.20	243.50	165.39	168.50	-nan	 30.98	 22.98	 23.46	182.85	311.24	-nan	181.60	183.61	183.41	232.71	206.94	 38.38	301.84	nan	221.91	214.05	312.51	 23.55	190.96	439.22		Lacerta_bilineata 27
																												  0.00	336.28	228.82	 30.20	234.09	287.76	-nan	307.40	259.97	255.57	172.90	168.89	290.32	 31.70	 22.49	 24.76	193.64	294.05	-nan	174.80	193.27	183.93	238.31	195.30	 39.65	-nan	312.91	219.44	222.05	-nan	 25.47	203.08	384.91		Lacerta_viridis 28
																													  0.00	329.49	292.68	212.99	 32.44	 28.07	 26.78	363.54	243.32	266.63	-nan	 29.89	322.78	-nan	290.60	264.62	 35.28	 29.13	248.72	354.87	309.53	290.10	nan	-nan	 30.90	257.47	339.16	322.24	 31.56	-nan	279.12	 31.32		Laticauda_colubrina 29
																														  0.00	191.92	189.54	nan	nan	nan	201.34	197.33	 32.67	 34.57	270.29	207.94	232.20	227.73	 50.22	nan	262.87	236.46	 31.23	 32.05	225.56	 32.18	188.27	274.48	nan	182.55	178.12	inf	220.47	195.87	287.89		Lepidodactylus_listeri 30
																															  0.00	212.79	nan	372.39	328.51	227.26	226.36	189.79	188.52	391.56	 25.39	 28.10	 30.95	178.73	311.87	291.53	167.89	201.82	190.71	213.82	173.16	 36.40	324.92	nan	219.69	206.38	305.54	 34.31	173.50	329.08		Lerista_edwardsae 31
																																  0.00	207.87	213.19	193.63	239.15	229.80	197.41	196.90	216.75	253.69	201.77	257.81	219.83	222.88	203.66	244.69	189.61	175.67	195.36	171.85	227.94	204.62	237.28	203.24	194.19	214.33	349.99	 23.48	207.63		Morelia_viridis 32
																																	  0.00	 30.11	 24.82	339.96	238.94	238.90	280.30	 29.42	246.50	280.54	-nan	244.56	 31.18	 27.90	205.93	246.30	258.32	249.45	275.34	414.20	 26.43	216.42	252.86	264.60	 29.77	-nan	232.09	 29.72		Myanophis_thanlyinensis 33
																																		  0.00	 20.05	480.52	246.38	262.74	358.20	 30.55	253.52	-nan	-nan	238.60	 30.61	 27.97	207.18	267.52	242.71	276.64	nan	307.59	 29.76	242.41	277.98	264.40	 29.19	-nan	254.28	 30.57		Naja_naja 34
																																			  0.00	-nan	246.26	241.85	287.85	 25.51	263.91	357.70	-nan	246.69	 25.72	 23.33	225.63	275.49	260.17	247.35	nan	-nan	 24.17	235.62	258.35	241.20	 25.71	-nan	295.47	 24.51		Ophiophagus_hannah 35
																																				  0.00	199.63	190.10	208.48	-nan	216.26	238.54	252.95	183.89	-nan	338.94	219.71	182.28	188.42	 38.17	209.56	251.39	-nan	260.37	 41.38	 42.13	283.01	273.27	233.99	-nan		Paroedura_picta 36
																																					  0.00	196.17	183.69	280.07	nan	277.50	287.46	194.98	230.72	inf	251.95	188.86	183.23	206.87	189.99	232.87	238.78	nan	190.52	205.80	217.11	273.12	190.04	255.57		Phrynocephalus_versicolor 37
																																						  0.00	 15.80	215.69	187.03	179.54	169.69	 46.82	296.22	219.60	212.81	 23.50	 21.91	213.56	 34.82	182.30	237.23	227.53	195.96	205.92	251.34	184.26	193.15	216.83		Phrynosoma_blainvillii 38
																																							  0.00	272.97	178.16	175.39	162.40	 51.67	313.59	242.70	222.97	 23.61	 27.10	230.05	 36.98	188.45	275.54	232.93	226.50	212.12	285.31	182.79	180.92	241.03		Phrynosoma_platyrhinos 39
																																								  0.00	278.32	391.84	311.27	236.03	 27.59	 16.45	227.45	264.31	292.64	258.87	268.27	inf	 25.26	228.16	251.09	289.24	 28.89	-nan	266.88	 12.04		Pituophis_catenifer 40
																																									  0.00	 30.28	 33.66	191.66	248.53	284.94	185.16	200.52	199.19	227.61	192.69	 38.89	286.56	nan	214.58	212.23	244.09	 33.50	209.65	306.30		Plestiodon_gilberti 41
																																										  0.00	 13.76	200.64	327.41	-nan	179.77	210.75	205.05	204.55	223.25	 36.42	-nan	275.73	207.73	211.33	-nan	 25.59	182.46	360.52		Podarci_raffonei 42
																																											  0.00	214.10	-nan	-nan	187.05	193.84	194.89	293.20	217.08	 39.32	271.68	nan	223.71	242.94	255.43	 23.73	213.28	278.45		Podarcis_muralis 43
																																												  0.00	313.48	203.19	nan	 48.45	 49.81	213.43	 50.86	190.79	245.80	257.22	198.40	189.47	207.49	195.48	224.63	217.56		Pogona_vitticeps 44
																																													  0.00	 28.43	213.72	290.37	nan	206.98	nan	368.13	 26.75	220.62	225.18	219.25	 24.72	-nan	250.94	 27.89		Protobothrops_mucrosquamatus 45
																																														  0.00	227.04	277.76	246.53	244.59	267.78	-nan	 25.00	254.85	252.05	233.89	 27.47	-nan	259.70	 16.61		Ptyas_mucosa 46
																																															  0.00	224.61	219.22	202.27	214.08	173.67	220.30	219.55	215.67	214.28	220.46	197.98	228.73	243.08		Salvator_merianae 47
																																																  0.00	 15.22	213.06	 32.94	185.81	262.94	269.10	184.02	188.89	266.58	185.81	185.33	243.95		Sceloporus_occidentalis 48
																																																	  0.00	208.59	 32.36	179.75	nan	306.47	169.89	183.25	274.21	182.75	190.06	257.00		Sceloporus_tristichus 49
																																																		  0.00	221.20	275.06	247.27	282.09	 40.48	 42.21	252.13	240.73	202.44	260.19		Shinisaurus_crocodilurus 50
																																																			  0.00	187.82	245.94	297.94	188.29	172.38	250.30	205.55	171.72	247.07		Sphaerodactylus_townsendi 51
																																																				  0.00	367.11	nan	207.88	219.49	286.44	 39.92	201.61	-nan		Sphenodon_punctatus 52
																																																					  0.00	217.69	217.42	261.70	 27.08	338.72	214.49	 26.53		Thermophis_baileyi 53
																																																						  0.00	290.80	258.63	220.48	nan	168.41	256.61		Tropidonophis_doriae 54
																																																							  0.00	 21.16	250.18	218.48	226.99	237.18		Varanus_komodoensis 55
																																																								  0.00	213.60	232.43	218.73	258.42		Varanus_salvator 56
																																																									  0.00	-nan	189.71	 28.69		Vipera_latastei 57
																																																										  0.00	207.23	-nan		Zootaca_vivipara 58
																																																											  0.00	248.12		Thamnophis_elegans 59
																																																												  0.00		Pantherophis_guttatus 60
