Distance Matrix
---------------

Uncorrected for Multiple Substitutions
Using base positions 123 in the codon
Gap weighting is 0.000000

	    1	    2	    3	    4	    5	    6	    7	    8	    9	    10	    11	    12	    13	    14	    15	    16	    17	    18	    19	    20	    21	    22	    23	    24	    25	    26	    27	    28	    29	    30	    31	    32	    33	    34	    35	    36	    37	    38	    39	    40	    41	    42	    43	    44	    45	    46	    47	    48	    49	    50	    51	    52	    53	    54	    55	    56	    57	    58	    59	    60
	  0.00	 38.87	 41.28	 43.12	 66.47	 40.29	 41.47	 29.45	 66.77	 28.38	 69.27	 65.49	 22.45	 29.83	 40.60	 51.12	 39.24	 29.45	 27.08	 41.64	 41.28	 58.41	 45.70	 39.15	 27.99	 43.22	 40.50	 40.60	 28.77	 60.04	 38.21	 16.13	 29.83	 28.57	 28.09	 42.73	 38.86	 40.31	 39.63	 29.45	 40.05	 42.15	 42.27	 63.44	 28.47	 29.25	 41.01	 38.76	 38.78	 39.44	 40.60	 44.19	 29.06	 28.45	 42.15	 40.21	 31.78	 42.83	 65.97	 29.65		Python_bivittatus 1
		  0.00	 43.44	 41.50	 69.66	 39.41	 40.43	 40.14	 70.77	 40.04	 72.37	 67.94	 39.55	 39.07	 41.40	 51.80	 39.55	 40.72	 40.57	 41.45	 42.18	 59.48	 48.66	 40.52	 39.55	 42.86	 42.76	 42.66	 41.79	 58.09	 39.67	 40.43	 41.21	 39.55	 41.30	 43.05	 43.05	 40.43	 39.94	 40.91	 38.00	 42.57	 43.54	 68.33	 40.23	 40.04	 42.08	 39.07	 39.07	 43.83	 43.15	 44.51	 42.66	 41.84	 44.51	 42.18	 42.76	 43.54	 69.07	 41.01		Anilios_bituberculatus 2
			  0.00	 27.63	 67.47	 36.96	 37.49	 42.18	 67.87	 42.37	 69.17	 66.96	 40.82	 42.27	 35.95	 44.51	 30.82	 42.86	 41.94	 35.68	 36.71	 58.99	 43.82	 30.43	 42.47	 38.66	 36.43	 37.40	 42.86	 59.36	 34.41	 43.25	 43.25	 41.79	 42.18	 41.26	 41.18	 31.49	 31.10	 42.76	 32.51	 37.50	 37.51	 67.94	 41.79	 41.30	 38.00	 30.81	 31.10	 35.94	 38.45	 42.90	 42.95	 42.03	 38.57	 39.42	 45.00	 38.18	 68.67	 43.02		Anolis_carolinensis 3
				  0.00	 67.27	 35.10	 36.14	 41.30	 66.37	 42.27	 68.37	 67.75	 41.69	 42.95	 32.85	 45.77	 30.34	 43.05	 42.33	 35.87	 37.00	 57.24	 42.24	 31.59	 43.05	 37.02	 36.43	 37.02	 41.98	 57.80	 31.09	 42.37	 42.47	 40.52	 42.47	 40.68	 40.60	 30.04	 30.43	 42.18	 31.00	 34.88	 36.73	 68.13	 41.59	 40.43	 35.28	 29.55	 29.35	 34.20	 38.65	 41.35	 44.80	 43.89	 38.47	 39.81	 45.87	 36.63	 66.67	 42.73		Anolis_sagrei 4
					  0.00	 65.37	 64.27	 67.27	 53.65	 66.47	 64.56	 66.67	 67.56	 68.16	 66.47	 63.77	 65.57	 67.47	 67.76	 67.56	 66.27	 67.17	 65.37	 66.27	 65.47	 68.76	 68.06	 68.66	 66.07	 67.37	 66.17	 68.96	 66.77	 67.07	 66.37	 69.06	 66.47	 67.47	 66.17	 65.97	 67.35	 67.86	 68.36	 67.27	 67.47	 64.97	 65.87	 67.76	 67.66	 68.36	 67.37	 69.16	 66.97	 67.27	 68.76	 66.47	 70.46	 69.06	 50.85	 66.07		Arizona_elegans 5
						  0.00	 11.08	 41.27	 65.57	 41.27	 68.97	 63.63	 41.67	 42.84	 35.78	 47.35	 34.31	 42.25	 41.27	 35.88	 36.57	 56.76	 43.32	 35.29	 41.67	 38.43	 37.45	 37.25	 41.96	 56.67	 36.18	 40.49	 41.37	 41.96	 43.63	 40.69	 37.06	 35.49	 35.69	 41.57	 33.74	 36.76	 36.18	 65.10	 39.71	 39.61	 22.06	 35.69	 35.39	 37.55	 40.59	 39.02	 43.73	 43.04	 42.75	 41.37	 43.63	 38.82	 67.07	 41.57		Aspidocelis_tigris 6
							  0.00	 41.89	 66.17	 41.11	 68.67	 64.31	 42.37	 43.34	 36.14	 48.01	 35.17	 43.83	 42.03	 35.87	 39.50	 56.75	 43.62	 34.98	 41.30	 39.34	 37.98	 38.76	 42.76	 57.21	 37.82	 41.01	 41.59	 42.66	 43.63	 41.81	 37.89	 36.05	 35.76	 41.98	 34.29	 37.21	 37.03	 65.10	 40.33	 39.55	 22.64	 35.56	 35.08	 39.13	 42.39	 40.08	 44.51	 42.03	 43.41	 43.57	 44.80	 40.12	 67.37	 42.64		Aspidoscelis_marmoratus 7
								  0.00	 67.17	 21.87	 69.57	 65.10	 29.15	 21.19	 41.40	 51.90	 37.61	 22.74	 27.76	 41.64	 43.05	 58.50	 47.58	 38.19	 27.70	 43.93	 41.98	 41.50	 28.09	 60.33	 39.67	 28.77	 30.42	 27.70	 27.50	 43.15	 40.23	 39.75	 39.26	 28.47	 40.60	 40.72	 42.47	 65.98	 20.21	 26.82	 43.25	 40.04	 38.00	 40.82	 42.95	 44.12	 28.47	 28.93	 43.54	 43.15	 24.78	 43.54	 65.57	 28.77		Azemiops_feae 8
									  0.00	 68.27	 38.94	 69.17	 67.57	 68.97	 68.67	 68.17	 67.07	 67.87	 67.17	 66.07	 68.17	 66.77	 65.67	 67.47	 67.67	 68.77	 68.57	 69.27	 67.47	 67.27	 66.47	 66.87	 66.77	 67.17	 67.87	 66.77	 67.07	 67.37	 67.37	 66.97	 69.55	 66.77	 67.77	 67.47	 67.17	 66.87	 65.17	 66.77	 68.07	 69.07	 65.97	 67.27	 68.67	 67.77	 67.77	 66.97	 69.87	 69.57	 23.22	 66.47		Boaedon_fuliginosus 9
										  0.00	 70.67	 64.71	 29.25	 19.53	 40.52	 51.80	 38.19	 24.20	 29.52	 42.42	 43.44	 57.92	 48.66	 38.10	 28.38	 44.80	 43.05	 43.25	 28.57	 58.87	 39.47	 27.99	 30.22	 29.35	 27.31	 45.29	 39.94	 40.82	 40.82	 28.09	 41.29	 41.98	 42.37	 66.37	 19.44	 28.28	 41.79	 41.40	 41.01	 42.95	 43.05	 45.09	 29.15	 29.33	 43.73	 42.86	 27.70	 44.61	 67.17	 28.77		Bothrops_jararaca 10
											  0.00	 69.57	 69.47	 69.47	 69.97	 69.47	 69.37	 70.87	 69.07	 68.67	 67.07	 68.47	 67.67	 69.67	 68.47	 71.37	 68.77	 68.67	 67.67	 68.17	 69.17	 68.67	 69.07	 67.77	 67.87	 66.47	 69.37	 68.97	 69.77	 67.57	 70.23	 69.57	 70.17	 67.07	 69.97	 68.57	 68.87	 68.17	 68.97	 71.07	 69.27	 69.57	 70.67	 68.37	 68.67	 69.17	 71.17	 69.67	 38.44	 66.87		Bungarus_multicintus 11
												  0.00	 66.67	 64.51	 68.04	 68.92	 66.47	 64.71	 66.27	 67.06	 64.51	 68.92	 68.74	 68.14	 65.88	 68.53	 65.78	 66.57	 67.06	 68.82	 68.24	 66.86	 67.45	 66.18	 66.18	 67.55	 66.86	 67.06	 67.25	 65.39	 68.59	 66.76	 67.55	 36.86	 65.10	 65.88	 65.59	 66.37	 67.25	 68.63	 68.24	 65.10	 66.08	 67.06	 69.61	 70.20	 68.04	 66.47	 67.87	 65.98		Calotes_versicolor 12
													  0.00	 30.03	 39.36	 51.90	 37.90	 30.13	 28.84	 41.64	 42.27	 58.60	 47.18	 37.80	 27.79	 43.25	 41.79	 41.30	 30.13	 59.36	 38.40	 22.74	 30.22	 28.96	 27.89	 42.66	 40.72	 39.07	 38.19	 29.74	 40.33	 42.08	 42.76	 66.18	 29.15	 29.64	 42.86	 37.61	 38.29	 40.14	 41.40	 44.61	 29.93	 28.84	 43.54	 40.62	 32.46	 44.80	 66.77	 30.32		Charina_bottae 13
														  0.00	 41.01	 51.41	 39.26	 24.39	 27.76	 42.42	 42.37	 60.06	 50.35	 39.55	 27.21	 45.00	 43.25	 43.05	 27.31	 60.04	 40.74	 30.52	 29.45	 27.60	 25.46	 43.73	 41.30	 40.82	 40.72	 28.18	 42.11	 41.89	 43.34	 64.71	 18.46	 27.99	 43.83	 41.21	 39.65	 42.47	 44.61	 43.34	 28.18	 28.74	 44.02	 44.02	 25.95	 43.93	 67.87	 28.47		Crotalus_tigris 14
															  0.00	 45.48	 30.04	 41.89	 42.82	 34.51	 37.60	 57.05	 39.76	 30.33	 41.59	 39.53	 37.89	 37.69	 43.05	 57.50	 27.49	 41.21	 41.79	 40.33	 42.66	 41.38	 40.79	 32.56	 32.85	 41.89	 25.51	 36.05	 37.32	 69.21	 38.87	 41.79	 37.32	 31.10	 30.13	 37.50	 36.34	 38.86	 42.86	 42.62	 40.02	 36.14	 44.12	 38.95	 67.37	 42.54		Cryptoblepharus_egeriae 15
																  0.00	 37.12	 54.81	 54.06	 47.41	 47.13	 50.63	 46.49	 36.93	 52.87	 50.34	 46.65	 46.84	 52.58	 50.29	 44.25	 52.58	 53.45	 54.52	 52.58	 52.28	 47.91	 43.63	 43.05	 53.35	 39.23	 46.06	 47.04	 69.01	 51.41	 52.19	 47.52	 42.47	 42.27	 49.17	 48.01	 51.70	 54.03	 52.59	 50.92	 49.27	 55.49	 48.20	 67.37	 53.45		Ctenosaura_bakeri 16
																	  0.00	 40.14	 41.54	 32.65	 35.36	 54.42	 41.05	 16.81	 40.33	 37.11	 33.62	 34.01	 41.30	 56.04	 27.78	 39.16	 41.50	 40.04	 40.43	 40.39	 38.95	 24.52	 25.58	 40.82	 30.86	 32.66	 34.21	 65.30	 37.41	 38.78	 35.28	 26.55	 26.04	 34.01	 35.46	 42.03	 40.33	 40.96	 38.57	 36.91	 43.05	 34.88	 66.47	 40.70		Cyclura_pinguis 17
																		  0.00	 26.69	 41.64	 42.57	 60.84	 47.87	 41.01	 27.02	 46.65	 43.73	 43.05	 28.18	 60.72	 41.33	 29.83	 29.15	 26.82	 26.72	 43.73	 40.62	 41.40	 42.86	 28.28	 41.56	 43.25	 43.54	 65.00	 23.32	 26.72	 43.15	 41.40	 41.50	 40.91	 43.73	 44.51	 28.18	 28.25	 43.93	 42.57	 21.48	 45.38	 68.07	 28.28		Daboia_siamensis 18
																			  0.00	 40.76	 41.94	 57.87	 48.96	 40.57	 20.33	 43.70	 43.60	 43.11	 26.59	 58.26	 39.88	 27.96	 25.32	 24.24	 23.95	 44.77	 40.76	 40.86	 40.76	 22.87	 42.94	 42.52	 43.60	 64.32	 26.59	 22.09	 42.13	 39.78	 39.49	 40.96	 43.70	 46.14	 17.99	 25.12	 44.48	 42.52	 29.81	 43.50	 67.97	 22.58		Diadophis_punctatus 19
																				  0.00	 36.56	 57.09	 44.51	 32.55	 40.66	 39.78	 37.63	 36.66	 41.45	 56.30	 34.51	 41.74	 42.13	 42.13	 43.01	 42.52	 39.98	 34.90	 34.21	 40.76	 32.92	 36.85	 37.44	 66.57	 41.35	 40.76	 36.07	 33.14	 34.51	 32.84	 38.61	 41.15	 42.62	 41.06	 39.98	 38.61	 44.28	 39.20	 69.07	 41.94		Elgaria_multicarinata 20
																					  0.00	 57.34	 44.21	 35.65	 41.69	 39.15	 38.18	 37.31	 43.63	 56.82	 38.01	 41.21	 41.98	 42.37	 42.08	 38.34	 39.92	 36.43	 37.11	 42.76	 34.29	 37.40	 38.19	 66.37	 41.69	 39.94	 37.03	 36.14	 36.44	 37.20	 39.21	 41.71	 42.66	 42.42	 38.95	 39.71	 43.34	 38.95	 66.37	 43.12		Eublepharis_macularius 21
																						  0.00	 54.10	 55.00	 58.41	 59.18	 59.09	 59.86	 59.28	 27.78	 56.04	 58.99	 57.73	 58.79	 58.99	 58.31	 55.98	 56.46	 58.02	 57.92	 54.46	 58.11	 58.70	 64.03	 58.70	 57.82	 56.75	 57.73	 57.05	 58.99	 56.66	 58.11	 57.43	 59.34	 57.82	 57.05	 61.32	 58.70	 66.57	 58.89		Gekko_japonicus 22
																							  0.00	 40.95	 48.47	 46.29	 45.80	 45.00	 48.66	 56.78	 40.36	 46.88	 48.66	 46.98	 47.18	 49.85	 44.51	 42.04	 42.73	 47.48	 31.14	 45.20	 45.80	 69.34	 47.28	 46.59	 42.63	 42.04	 41.35	 44.02	 44.81	 48.66	 49.46	 48.27	 45.40	 45.40	 50.25	 46.39	 66.07	 47.48		Hemicordylus_capensis 23
																								  0.00	 39.46	 37.69	 34.21	 34.79	 41.21	 56.82	 29.63	 38.87	 39.84	 40.23	 39.94	 39.23	 39.63	 25.19	 26.36	 40.72	 30.18	 33.62	 35.67	 67.74	 38.48	 39.36	 35.08	 26.26	 25.95	 33.33	 35.94	 42.51	 41.21	 39.49	 36.82	 35.17	 42.95	 36.72	 66.27	 40.89		Iguana_delicatissima 24
																									  0.00	 43.34	 43.93	 43.83	 27.31	 60.53	 39.96	 29.15	 26.82	 26.04	 25.56	 44.70	 41.59	 40.43	 41.21	 22.45	 41.56	 42.95	 44.02	 64.81	 26.24	 22.74	 43.54	 38.87	 39.94	 41.21	 43.34	 45.09	 22.84	 24.73	 44.22	 41.98	 28.38	 45.19	 66.67	 23.03		Imantodes_cenchoa 25
																										  0.00	 24.61	 24.32	 45.48	 60.04	 36.45	 42.86	 46.16	 45.00	 46.26	 41.38	 43.41	 36.24	 36.53	 43.05	 36.08	 29.17	 28.67	 69.79	 43.73	 43.44	 40.72	 35.37	 37.32	 41.57	 39.83	 44.77	 45.29	 44.77	 43.31	 41.57	 47.13	 27.91	 67.87	 43.60		Lacerta_agilis 26
																											  0.00	  6.59	 44.12	 58.48	 35.96	 40.91	 43.44	 42.76	 44.02	 39.44	 41.57	 34.01	 33.91	 41.69	 34.16	 24.42	 23.71	 66.18	 41.01	 42.57	 38.00	 34.98	 35.37	 38.57	 37.79	 43.22	 42.47	 41.15	 39.24	 39.83	 44.31	 25.48	 66.67	 41.57		Lacerta_bilineata 27
																												  0.00	 43.54	 58.48	 35.48	 41.11	 43.83	 42.76	 43.25	 39.15	 42.05	 34.50	 34.88	 42.18	 34.98	 25.29	 24.49	 66.76	 41.50	 42.76	 38.19	 34.98	 35.57	 39.05	 38.37	 43.41	 43.05	 41.54	 40.21	 39.05	 44.90	 26.36	 68.17	 42.25		Lacerta_viridis 28
																													  0.00	 61.40	 39.77	 28.77	 27.50	 21.38	 21.28	 44.61	 40.82	 40.91	 41.01	 28.38	 42.11	 44.22	 42.66	 64.13	 27.70	 25.95	 43.93	 41.69	 41.50	 42.37	 44.70	 45.48	 26.43	 25.12	 43.93	 43.73	 30.22	 45.48	 67.97	 26.72		Laticauda_colubrina 29
																														  0.00	 58.48	 61.60	 58.58	 59.55	 59.36	 57.12	 57.02	 56.73	 58.19	 58.87	 54.87	 57.89	 58.38	 65.98	 58.67	 58.09	 58.38	 58.28	 55.85	 59.26	 58.48	 57.31	 59.84	 60.90	 60.04	 58.97	 62.38	 59.65	 66.37	 59.55		Lepidodactylus_listeri 30
																															  0.00	 37.82	 41.42	 39.86	 40.45	 40.16	 38.40	 29.73	 29.73	 39.18	 23.32	 35.48	 35.87	 69.70	 38.60	 39.57	 37.23	 29.04	 28.75	 34.02	 36.84	 40.84	 40.35	 39.10	 39.18	 36.55	 43.47	 36.35	 67.67	 39.86		Lerista_edwardsae 31
																																  0.00	 30.81	 29.64	 29.06	 43.83	 40.33	 40.23	 39.65	 30.22	 40.60	 41.59	 41.30	 65.59	 29.45	 29.35	 41.21	 38.97	 38.58	 40.04	 43.63	 44.51	 29.93	 28.15	 41.40	 41.01	 32.36	 43.25	 64.66	 30.22		Morelia_viridis 32
																																	  0.00	 25.75	 26.24	 44.80	 41.79	 42.37	 42.95	 26.72	 42.25	 43.83	 44.80	 64.22	 28.38	 26.34	 43.63	 41.11	 41.59	 41.01	 44.80	 44.12	 27.60	 27.66	 43.63	 43.54	 33.43	 45.00	 66.07	 25.85		Myanophis_thanlyinensis 33
																																		  0.00	 17.78	 43.83	 40.23	 39.55	 40.23	 25.17	 41.43	 42.76	 43.63	 65.00	 27.21	 24.30	 42.86	 40.23	 39.46	 42.27	 43.93	 45.19	 26.53	 23.85	 42.86	 42.95	 31.39	 44.12	 66.47	 24.98		Naja_naja 34
																																			  0.00	 44.41	 39.55	 43.25	 41.59	 24.88	 42.11	 42.18	 42.37	 64.52	 25.56	 23.71	 44.12	 40.14	 40.33	 42.76	 42.47	 45.48	 25.36	 23.95	 44.70	 42.76	 28.96	 43.73	 66.77	 25.46		Ophiophagus_hannah 35
																																				  0.00	 42.73	 41.09	 41.47	 42.66	 40.47	 39.83	 40.33	 66.47	 42.76	 43.05	 41.21	 39.63	 39.84	 43.29	 36.42	 43.83	 45.87	 43.01	 44.77	 43.86	 46.36	 42.54	 66.97	 43.31		Paroedura_picta 36
																																					  0.00	 39.53	 40.12	 39.16	 36.08	 42.44	 41.21	 67.55	 38.78	 37.71	 39.16	 39.34	 39.75	 41.09	 43.02	 41.86	 42.66	 40.18	 41.76	 42.15	 43.44	 41.96	 67.37	 39.44		Phrynocephalus_versicolor 37
																																						  0.00	 13.47	 41.21	 31.00	 33.62	 34.89	 67.94	 39.36	 39.65	 35.96	 22.58	 23.32	 34.30	 38.08	 41.18	 42.95	 41.25	 39.05	 38.57	 43.25	 35.37	 67.57	 41.76		Phrynosoma_blainvillii 38
																																							  0.00	 41.79	 29.77	 35.08	 35.18	 68.04	 40.14	 39.16	 36.35	 22.58	 22.93	 34.59	 38.37	 40.99	 43.83	 41.64	 39.63	 38.18	 43.63	 35.85	 68.47	 41.76		Phrynosoma_platyrhinos 39
																																								  0.00	 39.09	 41.59	 42.08	 65.30	 27.70	 18.46	 41.89	 40.91	 39.26	 42.37	 44.22	 43.15	 22.93	 25.32	 42.95	 42.18	 30.71	 43.83	 66.87	 10.69		Pituophis_catenifer 40
																																									  0.00	 33.74	 33.74	 70.92	 40.74	 41.43	 35.12	 30.04	 28.94	 35.12	 36.08	 37.72	 43.21	 40.47	 40.60	 38.27	 43.76	 34.98	 69.27	 40.33		Plestiodon_gilberti 41
																																										  0.00	 10.69	 68.82	 39.46	 41.21	 36.83	 35.47	 35.37	 37.31	 37.02	 43.12	 44.41	 43.40	 41.09	 41.57	 44.70	 23.74	 68.47	 42.83		Podarci_raffonei 42
																																											  0.00	 68.13	 40.82	 41.59	 38.39	 37.22	 36.15	 38.87	 39.26	 42.27	 44.70	 43.70	 42.57	 42.08	 46.26	 24.68	 68.27	 43.34		Podarcis_muralis 43
																																												  0.00	 65.59	 64.32	 66.57	 68.13	 68.04	 67.74	 67.94	 66.57	 64.91	 65.88	 70.09	 70.09	 68.62	 69.60	 66.37	 65.69		Pogona_vitticeps 44
																																													  0.00	 26.53	 41.01	 38.10	 38.29	 40.82	 42.08	 44.12	 27.60	 29.13	 43.83	 41.79	 25.75	 42.76	 67.47	 28.28		Protobothrops_mucrosquamatus 45
																																														  0.00	 41.79	 38.39	 38.00	 40.72	 42.95	 43.05	 22.64	 26.00	 42.08	 41.40	 29.93	 43.15	 66.57	 17.49		Ptyas_mucosa 46
																																															  0.00	 34.11	 35.47	 37.22	 40.23	 41.50	 42.76	 42.42	 42.47	 41.89	 44.70	 38.48	 67.47	 42.76		Salvator_merianae 47
																																																  0.00	 11.76	 34.69	 35.66	 41.76	 40.82	 40.18	 39.53	 37.89	 43.73	 36.82	 67.67	 40.50		Sceloporus_occidentalis 48
																																																	  0.00	 35.08	 36.54	 41.21	 41.01	 40.86	 39.55	 38.68	 44.61	 36.73	 68.07	 40.23		Sceloporus_tristichus 49
																																																		  0.00	 40.58	 41.16	 42.95	 42.13	 39.05	 38.07	 44.02	 38.86	 68.17	 42.93		Shinisaurus_crocodilurus 50
																																																			  0.00	 44.51	 44.02	 44.57	 42.54	 42.61	 45.97	 41.18	 66.37	 45.06		Sphaerodactylus_townsendi 51
																																																				  0.00	 46.45	 45.55	 44.19	 44.25	 47.13	 44.09	 68.47	 43.60		Sphenodon_punctatus 52
																																																					  0.00	 24.73	 45.38	 43.15	 30.42	 43.63	 68.07	 22.64		Thermophis_baileyi 53
																																																						  0.00	 43.89	 43.21	 30.30	 43.89	 66.87	 25.61		Tropidonophis_doriae 54
																																																							  0.00	 22.67	 44.80	 43.02	 67.17	 43.41		Varanus_komodoensis 55
																																																								  0.00	 45.09	 42.83	 66.07	 42.93		Varanus_salvator 56
																																																									  0.00	 47.42	 70.37	 32.07		Vipera_latastei 57
																																																										  0.00	 69.17	 43.70		Zootaca_vivipara 58
																																																											  0.00	 66.67		Thamnophis_elegans 59
																																																												  0.00		Pantherophis_guttatus 60
