Distance Matrix
---------------

Uncorrected for Multiple Substitutions
Using base positions 123 in the codon
Gap weighting is 0.000000

	    1	    2	    3	    4	    5	    6	    7	    8	    9	    10	    11	    12	    13	    14	    15	    16	    17	    18	    19	    20	    21	    22	    23	    24	    25	    26	    27	    28	    29	    30	    31	    32	    33	    34	    35	    36	    37	    38	    39	    40	    41	    42	    43	    44	    45	    46	    47	    48	    49	    50	    51	    52	    53	    54	    55	    56	    57	    58	    59	    60
	  0.00	 71.45	 28.66	 72.96	 71.51	 26.74	 27.56	 19.20	 70.53	 19.14	 70.66	 70.70	 70.53	 21.01	 74.12	 60.27	 26.80	 70.73	 70.99	 27.60	 31.30	 69.00	 72.94	 26.67	 18.07	 28.60	 28.08	 28.02	 20.58	 68.91	 72.75	 70.07	 19.32	 19.95	 20.14	 69.52	 33.53	 27.83	 27.83	 20.14	 73.66	 29.44	 29.64	 69.77	 17.20	 20.01	 27.72	 27.06	 28.22	 29.20	 29.01	 71.16	 18.32	 70.99	 29.10	 72.25	 28.96	 29.06	 69.55	 19.87		Python_bivittatus 1
		  0.00	 72.50	 27.83	 26.46	 70.73	 70.66	 70.92	 27.57	 70.20	 27.90	 72.50	 27.11	 70.99	 26.46	 69.87	 69.35	 27.89	 27.57	 71.32	 71.77	 68.50	 25.41	 70.01	 70.60	 71.58	 71.32	 71.19	 70.33	 67.45	 27.11	 26.59	 70.60	 69.55	 69.09	 71.45	 71.38	 70.33	 70.99	 70.01	 28.29	 71.64	 72.56	 70.86	 70.07	 70.07	 71.12	 69.74	 70.20	 70.79	 70.53	 69.09	 70.33	 27.24	 70.20	 26.39	 73.87	 71.64	 27.77	 70.60		Anilios_bituberculatus 2
			  0.00	 71.60	 72.63	 22.50	 21.92	 29.05	 71.32	 30.35	 71.05	 69.66	 71.58	 29.96	 74.18	 60.58	 21.27	 70.87	 72.56	 22.40	 23.41	 68.81	 73.59	 21.14	 28.79	 21.66	 21.66	 20.82	 28.47	 69.33	 73.01	 71.38	 30.29	 30.09	 27.76	 70.56	 34.24	 19.13	 19.58	 27.89	 72.92	 20.62	 21.53	 70.82	 29.90	 29.31	 21.98	 19.71	 20.30	 22.70	 27.37	 71.60	 30.09	 71.32	 25.00	 72.96	 38.33	 21.47	 72.17	 28.15		Anolis_carolinensis 3
				  0.00	 27.70	 71.30	 71.14	 71.66	 26.98	 72.18	 27.64	 72.90	 28.95	 71.92	 20.98	 71.62	 70.88	 28.87	 27.37	 71.42	 71.53	 69.97	 21.83	 72.37	 71.98	 72.05	 71.79	 71.47	 70.43	 69.84	 20.26	 27.57	 71.08	 71.85	 72.24	 70.43	 71.73	 72.18	 70.69	 71.53	 20.30	 70.69	 71.14	 71.60	 72.63	 70.56	 71.17	 71.47	 71.34	 72.31	 72.11	 70.69	 72.89	 28.55	 72.40	 25.68	 74.58	 71.92	 27.70	 71.53		Anolis_sagrei 4
					  0.00	 70.46	 71.45	 70.20	 17.09	 70.46	 18.40	 73.02	 20.17	 70.60	 28.88	 70.69	 70.60	 19.09	 16.50	 71.58	 71.38	 69.09	 27.11	 71.58	 70.07	 72.10	 71.77	 72.23	 69.68	 69.81	 26.06	 18.47	 70.86	 69.48	 69.81	 71.32	 72.04	 70.53	 70.86	 70.99	 27.42	 71.71	 71.19	 72.43	 70.14	 70.27	 70.27	 70.60	 70.73	 71.45	 71.58	 69.61	 71.45	 16.96	 71.32	 28.23	 73.08	 71.91	 16.18	 70.40		Arizona_elegans 5
						  0.00	  8.55	 28.38	 71.64	 28.31	 71.12	 69.67	 70.79	 29.22	 72.03	 59.96	 21.92	 70.01	 71.19	 22.83	 25.11	 68.88	 72.61	 22.90	 27.92	 23.61	 24.07	 24.98	 28.96	 70.06	 71.76	 71.25	 27.07	 27.98	 27.40	 70.78	 34.25	 21.33	 21.79	 26.55	 72.24	 24.01	 24.33	 69.80	 27.92	 27.66	 17.48	 23.87	 24.01	 23.09	 25.83	 71.43	 28.44	 70.73	 23.81	 70.91	 36.33	 22.83	 71.38	 26.48		Aspidocelis_tigris 6
							  0.00	 28.27	 71.91	 28.47	 71.25	 69.79	 71.12	 29.70	 72.35	 58.82	 22.37	 71.06	 71.71	 23.18	 26.01	 69.33	 72.81	 23.28	 27.82	 23.54	 23.74	 23.93	 28.73	 70.30	 73.07	 71.12	 28.27	 28.02	 28.15	 70.62	 33.98	 22.83	 21.85	 27.50	 72.11	 23.02	 23.22	 69.07	 29.12	 28.27	 18.26	 23.48	 23.93	 24.32	 26.46	 71.40	 28.92	 70.86	 24.61	 71.98	 36.96	 22.44	 71.32	 26.98		Aspidoscelis_marmoratus 7
								  0.00	 70.92	 15.70	 70.66	 70.31	 70.20	 16.64	 72.16	 60.89	 26.99	 70.60	 69.74	 27.60	 29.90	 70.29	 72.29	 27.12	 18.64	 29.38	 29.18	 28.53	 19.64	 70.92	 71.76	 69.55	 18.89	 19.45	 17.20	 71.53	 34.69	 27.25	 27.70	 18.70	 73.05	 28.53	 29.51	 69.13	 14.82	 19.07	 29.16	 27.06	 28.16	 30.30	 29.52	 70.78	 18.64	 70.46	 29.62	 71.19	 26.14	 29.26	 69.61	 18.06		Azemiops_feae 8
									  0.00	 70.92	 18.86	 73.80	 17.81	 71.12	 28.88	 72.24	 71.12	 19.03	 18.14	 71.32	 71.64	 69.02	 28.62	 71.64	 70.40	 72.89	 72.89	 73.08	 70.53	 67.26	 26.52	 18.73	 70.53	 70.27	 70.66	 70.07	 71.19	 70.14	 70.79	 70.20	 28.23	 72.50	 72.69	 70.46	 70.53	 70.20	 70.20	 70.27	 72.10	 71.84	 72.63	 70.27	 71.05	 17.68	 71.25	 29.08	 73.48	 72.17	 15.78	 69.55		Boaedon_fuliginosus 9
										  0.00	 70.40	 71.09	 69.22	 15.82	 71.31	 62.13	 27.70	 69.55	 70.46	 27.86	 31.30	 69.90	 72.22	 26.86	 19.32	 30.09	 29.57	 29.44	 20.51	 71.79	 71.57	 69.42	 20.39	 18.57	 18.26	 71.85	 35.28	 27.51	 28.93	 20.14	 71.98	 28.99	 30.42	 69.06	 13.76	 20.39	 28.57	 27.06	 27.90	 30.49	 28.62	 71.42	 18.26	 69.68	 29.23	 71.00	 27.45	 30.42	 69.55	 20.19		Bothrops_jararaca 10
											  0.00	 72.63	 20.30	 71.12	 30.12	 70.59	 70.46	 19.36	 18.47	 70.01	 71.51	 70.07	 28.29	 71.25	 69.81	 72.10	 71.38	 71.32	 70.14	 69.68	 28.03	 19.65	 70.86	 70.01	 70.40	 71.64	 70.99	 71.77	 71.25	 70.46	 29.97	 71.25	 71.97	 72.76	 69.88	 70.14	 70.07	 70.01	 70.86	 70.86	 71.05	 70.99	 70.86	 18.53	 71.77	 29.86	 72.89	 71.91	 18.66	 69.61		Bungarus_multicintus 11
												  0.00	 73.67	 70.96	 73.53	 71.62	 70.05	 72.83	 71.77	 70.64	 69.33	 72.45	 70.78	 69.85	 67.90	 69.79	 68.81	 69.85	 70.89	 72.06	 73.01	 72.04	 69.72	 70.11	 69.46	 73.36	 65.63	 68.94	 69.27	 70.89	 72.78	 69.59	 69.27	 26.97	 70.76	 68.81	 69.73	 70.18	 69.79	 70.44	 70.96	 69.98	 70.31	 72.89	 69.60	 72.90	 73.75	 68.55	 73.61	 68.62		Calotes_versicolor 12
													  0.00	 69.88	 28.09	 70.38	 71.12	 20.47	 19.71	 70.53	 71.45	 69.29	 28.62	 72.04	 70.66	 73.15	 72.10	 72.04	 69.74	 68.96	 28.36	 17.81	 70.20	 70.33	 70.01	 71.05	 70.92	 71.51	 71.58	 70.99	 29.03	 72.17	 72.76	 71.12	 69.74	 70.73	 70.73	 70.73	 71.97	 71.51	 70.46	 71.19	 70.40	 19.58	 70.66	 28.95	 73.74	 73.67	 18.14	 70.01		Charina_bottae 13
														  0.00	 71.83	 62.23	 28.41	 70.21	 69.42	 30.27	 31.04	 69.32	 72.75	 27.96	 20.76	 31.19	 29.64	 28.79	 20.89	 71.23	 72.48	 71.45	 20.95	 19.95	 19.89	 70.75	 35.47	 28.80	 28.61	 20.95	 72.92	 30.03	 30.03	 69.58	 16.14	 20.95	 30.66	 28.67	 28.93	 31.27	 30.56	 71.42	 19.45	 69.94	 29.49	 71.44	 27.77	 31.52	 69.61	 20.97		Crotalus_tigris 14
															  0.00	 72.14	 72.61	 29.66	 29.54	 73.20	 74.31	 70.33	 21.24	 72.75	 72.55	 74.05	 73.66	 73.59	 72.29	 70.39	 19.74	 28.68	 71.96	 71.90	 71.76	 71.57	 73.14	 73.59	 73.46	 73.20	 19.96	 73.86	 74.44	 73.01	 72.03	 73.20	 73.53	 72.03	 73.07	 72.29	 72.35	 71.24	 72.88	 28.95	 72.94	 25.16	 75.23	 73.79	 28.36	 73.33		Cryptoblepharus_egeriae 15
																  0.00	 56.66	 72.24	 71.62	 58.82	 60.06	 68.73	 71.00	 56.86	 61.82	 59.34	 59.03	 58.93	 60.27	 68.63	 71.62	 71.52	 60.17	 61.09	 59.65	 69.14	 68.73	 58.51	 58.51	 61.40	 71.83	 58.72	 58.93	 71.41	 60.89	 61.51	 58.51	 58.51	 59.96	 58.51	 58.10	 73.07	 61.09	 71.72	 60.06	 71.72	 61.30	 58.31	 70.38	 61.82		Ctenosaura_bakeri 16
																	  0.00	 70.67	 70.53	 21.68	 22.65	 69.77	 72.09	 13.85	 27.44	 21.79	 20.56	 20.49	 26.80	 69.84	 71.31	 70.14	 27.83	 27.25	 25.70	 71.53	 33.27	 18.25	 19.55	 27.06	 72.04	 20.23	 21.08	 69.26	 27.12	 27.31	 22.57	 17.86	 18.64	 22.07	 24.01	 70.94	 25.83	 70.20	 22.66	 70.74	 36.76	 20.58	 69.88	 27.06		Cyclura_pinguis 17
																		  0.00	 19.09	 69.75	 69.69	 69.36	 28.22	 70.54	 69.42	 71.46	 71.98	 71.26	 69.36	 68.31	 27.56	 19.75	 69.69	 70.14	 69.69	 71.52	 71.26	 71.39	 70.87	 69.62	 28.70	 70.87	 71.72	 72.05	 69.49	 69.23	 70.41	 70.01	 69.55	 70.93	 70.54	 68.96	 70.87	 18.57	 69.55	 29.33	 72.77	 70.80	 19.03	 70.41		Daboia_siamensis 18
																			  0.00	 70.40	 70.27	 69.16	 28.09	 71.19	 69.55	 71.51	 71.19	 71.64	 70.86	 68.24	 27.77	 20.43	 70.53	 69.81	 70.46	 71.64	 71.05	 71.84	 71.71	 70.53	 28.76	 71.25	 71.91	 71.64	 69.88	 69.88	 71.71	 71.05	 71.19	 71.77	 70.92	 69.81	 70.01	 17.35	 71.12	 29.40	 71.97	 71.25	 17.62	 70.01		Diadophis_punctatus 19
																				  0.00	 21.74	 69.14	 71.96	 22.72	 27.93	 22.98	 22.59	 22.20	 28.06	 68.82	 72.09	 70.07	 28.78	 29.17	 28.58	 71.29	 34.31	 21.81	 21.48	 28.12	 71.64	 22.53	 22.27	 69.34	 28.26	 28.52	 23.22	 22.14	 22.79	 21.16	 25.72	 70.90	 28.91	 70.92	 24.22	 71.03	 36.72	 23.50	 70.07	 27.28		Elgaria_multicarinata 20
																					  0.00	 70.94	 72.48	 22.78	 29.90	 24.25	 23.54	 23.54	 29.64	 70.61	 71.37	 70.33	 31.17	 30.73	 30.47	 71.08	 33.98	 22.72	 22.65	 28.69	 72.04	 22.31	 21.98	 68.74	 30.28	 29.07	 23.94	 24.21	 24.79	 24.29	 28.04	 71.10	 31.49	 70.99	 24.74	 71.76	 38.74	 22.91	 71.12	 27.96		Eublepharis_macularius 21
																						  0.00	 69.48	 70.23	 69.45	 69.00	 70.17	 69.78	 69.90	 46.08	 69.08	 70.14	 69.64	 69.71	 69.77	 25.88	 69.77	 67.51	 69.51	 69.97	 70.16	 69.07	 70.69	 72.94	 69.90	 70.29	 69.86	 68.22	 69.00	 70.42	 66.80	 70.81	 68.61	 69.35	 69.34	 69.32	 73.79	 69.64	 68.43	 69.77		Gekko_japonicus 22
																							  0.00	 72.88	 72.22	 73.53	 72.68	 72.29	 72.09	 69.48	 20.98	 27.24	 72.75	 72.22	 72.35	 71.31	 72.88	 73.40	 73.07	 72.29	 20.36	 73.46	 74.64	 70.98	 72.55	 71.11	 72.61	 72.03	 72.81	 72.61	 72.29	 68.89	 72.48	 27.50	 72.16	 23.86	 74.12	 73.33	 26.85	 72.03		Hemicordylus_capensis 23
																								  0.00	 28.54	 21.34	 21.01	 20.82	 27.38	 70.10	 73.27	 71.05	 27.70	 27.18	 25.70	 71.27	 33.98	 19.22	 19.74	 27.64	 73.25	 20.56	 21.66	 69.84	 26.73	 27.70	 23.09	 18.90	 19.16	 22.07	 23.56	 71.00	 27.12	 70.60	 22.72	 71.07	 35.86	 22.27	 70.66	 28.41		Iguana_delicatissima 24
																									  0.00	 29.51	 29.18	 28.86	 18.95	 71.04	 71.50	 69.55	 18.89	 18.95	 17.70	 70.62	 33.72	 27.83	 28.22	 16.64	 72.45	 28.40	 29.25	 68.41	 18.39	 16.64	 28.38	 27.96	 28.35	 29.07	 30.88	 71.23	 15.88	 69.81	 28.58	 70.68	 28.27	 29.26	 69.61	 16.44		Imantodes_cenchoa 25
																										  0.00	 14.98	 15.37	 29.12	 69.39	 74.31	 71.97	 29.25	 29.31	 28.40	 70.30	 35.21	 21.34	 20.95	 29.77	 73.45	 17.57	 16.86	 70.69	 29.25	 29.96	 23.61	 22.96	 21.85	 22.76	 27.95	 71.53	 30.09	 71.84	 26.24	 71.92	 37.94	 18.42	 72.10	 29.18		Lacerta_agilis 26
																											  0.00	  5.06	 28.08	 69.97	 72.81	 71.91	 30.16	 29.51	 29.12	 71.21	 34.63	 21.27	 20.36	 28.99	 72.65	 16.15	 16.60	 70.49	 29.31	 28.79	 24.46	 21.79	 21.27	 22.70	 27.56	 71.21	 29.51	 72.69	 25.65	 72.83	 37.16	 18.42	 72.10	 28.86		Lacerta_bilineata 27
																												  0.00	 27.89	 70.04	 72.88	 71.97	 29.57	 29.25	 28.79	 71.01	 34.31	 21.40	 20.10	 28.40	 72.72	 15.37	 17.06	 70.10	 28.34	 28.02	 24.53	 21.34	 21.08	 22.83	 26.78	 71.21	 28.92	 72.82	 25.26	 72.70	 36.96	 18.09	 72.17	 29.31		Lacerta_viridis 28
																													  0.00	 70.86	 72.29	 69.74	 19.57	 17.45	 17.64	 70.56	 34.76	 26.99	 26.93	 18.51	 72.92	 27.82	 28.40	 69.32	 19.82	 18.39	 27.79	 27.12	 28.67	 29.20	 31.20	 71.36	 19.82	 70.07	 30.08	 71.12	 29.21	 28.54	 69.16	 18.58		Laticauda_colubrina 29
																														  0.00	 69.15	 69.02	 70.54	 70.17	 70.23	 48.38	 70.81	 68.48	 69.58	 70.29	 69.22	 69.46	 70.23	 68.87	 70.67	 71.98	 69.60	 69.97	 69.51	 70.03	 70.41	 70.26	 71.23	 68.57	 69.86	 70.37	 74.55	 69.84	 68.30	 70.23		Lepidodactylus_listeri 30
																															  0.00	 27.77	 71.96	 71.70	 72.22	 70.78	 72.29	 72.22	 72.09	 71.83	 18.35	 73.59	 73.01	 73.01	 72.22	 71.57	 71.90	 71.05	 71.76	 72.48	 72.42	 70.26	 71.96	 27.57	 71.70	 24.38	 75.75	 73.27	 27.37	 72.09		Lerista_edwardsae 31
																																  0.00	 69.81	 69.68	 70.73	 71.12	 70.79	 70.40	 70.46	 70.86	 27.96	 71.38	 72.56	 71.32	 70.46	 69.42	 69.81	 69.81	 70.79	 70.99	 70.53	 70.53	 70.60	 18.93	 70.60	 29.01	 73.02	 72.17	 18.21	 69.68		Morelia_viridis 32
																																	  0.00	 19.07	 17.76	 69.97	 35.86	 29.77	 28.48	 18.95	 72.45	 29.90	 30.09	 68.80	 18.57	 19.20	 28.64	 27.83	 29.51	 30.10	 29.84	 69.56	 18.82	 70.27	 30.47	 70.43	 29.08	 29.84	 69.42	 18.64		Myanophis_thanlyinensis 33
																																		  0.00	 15.76	 71.66	 35.21	 28.54	 28.48	 19.20	 71.91	 29.12	 29.90	 69.64	 19.39	 19.14	 29.03	 28.28	 29.00	 29.52	 29.59	 71.74	 17.07	 69.55	 29.62	 70.50	 28.96	 30.03	 69.35	 19.22		Naja_naja 34
																																			  0.00	 72.05	 34.37	 28.03	 27.38	 17.64	 73.12	 28.99	 29.90	 68.87	 17.01	 18.70	 27.92	 27.38	 27.70	 29.07	 29.59	 71.03	 17.07	 69.22	 28.65	 69.68	 27.64	 28.35	 69.42	 18.64		Ophiophagus_hannah 35
																																				  0.00	 72.05	 70.23	 70.36	 71.21	 69.89	 71.08	 71.92	 73.28	 71.27	 71.53	 70.38	 70.82	 70.88	 71.14	 68.22	 73.02	 70.88	 71.84	 70.05	 70.36	 74.32	 70.88	 71.38	 71.40		Paroedura_picta 36
																																					  0.00	 34.76	 34.76	 33.66	 73.39	 34.70	 33.85	 64.98	 34.69	 34.76	 33.46	 35.08	 35.28	 36.63	 36.96	 71.46	 35.15	 70.46	 35.87	 72.94	 43.95	 34.17	 70.92	 33.46		Phrynocephalus_versicolor 37
																																						  0.00	 11.65	 27.51	 72.51	 20.17	 21.34	 69.64	 27.12	 28.48	 20.81	 17.22	 17.93	 21.75	 26.28	 71.52	 28.80	 71.05	 23.96	 71.84	 37.15	 20.78	 71.19	 27.51		Phrynosoma_blainvillii 38
																																							  0.00	 27.06	 72.31	 19.91	 19.91	 70.16	 27.31	 28.03	 21.85	 18.06	 17.73	 21.81	 26.08	 71.13	 29.64	 71.38	 23.89	 71.72	 36.57	 20.32	 71.77	 26.67		Phrynosoma_platyrhinos 39
																																								  0.00	 73.66	 29.25	 29.05	 69.45	 18.76	 12.76	 28.83	 27.83	 28.54	 29.72	 31.40	 71.23	 17.76	 69.61	 29.36	 70.18	 28.71	 29.06	 70.46	 10.68		Pituophis_catenifer 40
																																									  0.00	 73.39	 73.66	 72.72	 72.65	 73.05	 72.38	 72.92	 73.12	 73.05	 72.31	 71.03	 72.85	 28.02	 71.84	 24.40	 75.47	 73.72	 29.30	 73.12		Plestiodon_gilberti 41
																																										  0.00	  9.73	 69.52	 29.64	 27.56	 23.35	 21.34	 20.36	 22.89	 27.76	 70.23	 28.92	 72.56	 25.00	 72.89	 37.74	 15.24	 72.17	 28.79		Podarci_raffonei 42
																																											  0.00	 70.69	 30.42	 28.66	 23.81	 22.18	 21.79	 23.67	 28.66	 71.08	 30.61	 73.15	 26.04	 73.41	 38.59	 15.56	 72.17	 29.12		Podarcis_muralis 43
																																												  0.00	 68.80	 69.71	 69.93	 69.06	 69.64	 70.29	 71.07	 68.03	 69.32	 71.77	 69.92	 70.10	 72.82	 70.10	 70.73	 69.51		Pogona_vitticeps 44
																																													  0.00	 19.70	 27.92	 27.18	 27.44	 30.49	 28.75	 71.03	 18.07	 69.48	 29.43	 70.18	 26.27	 30.03	 69.16	 19.09		Protobothrops_mucrosquamatus 45
																																														  0.00	 28.18	 28.09	 28.67	 29.72	 31.27	 71.23	 17.01	 69.61	 30.47	 71.63	 28.46	 28.22	 70.66	 14.05		Ptyas_mucosa 46
																																															  0.00	 23.42	 23.35	 23.29	 26.61	 71.95	 28.96	 70.07	 24.72	 70.38	 38.49	 23.55	 69.94	 27.01		Salvator_merianae 47
																																																  0.00	 10.55	 23.30	 24.66	 70.36	 27.83	 70.86	 24.48	 70.87	 36.31	 22.07	 70.46	 28.16		Sceloporus_occidentalis 48
																																																	  0.00	 23.04	 25.31	 71.07	 29.13	 70.92	 23.83	 71.26	 37.02	 22.07	 71.19	 28.16		Sceloporus_tristichus 49
																																																		  0.00	 26.49	 71.77	 29.97	 71.64	 23.83	 71.58	 37.92	 24.14	 70.46	 28.80		Shinisaurus_crocodilurus 50
																																																			  0.00	 71.64	 28.94	 70.66	 26.56	 71.19	 39.28	 28.48	 69.61	 30.94		Sphaerodactylus_townsendi 51
																																																				  0.00	 71.16	 69.74	 70.57	 69.62	 76.36	 70.61	 68.76	 71.39		Sphenodon_punctatus 52
																																																					  0.00	 69.74	 28.78	 71.31	 27.70	 30.23	 69.68	 18.25		Thermophis_baileyi 53
																																																						  0.00	 69.42	 27.90	 72.30	 72.43	 16.50	 70.01		Tropidonophis_doriae 54
																																																							  0.00	 70.51	 37.96	 26.63	 69.81	 29.69		Varanus_komodoensis 55
																																																								  0.00	 73.07	 73.07	 27.83	 70.74		Varanus_salvator 56
																																																									  0.00	 38.19	 71.84	 27.70		Vipera_latastei 57
																																																										  0.00	 72.23	 29.19		Zootaca_vivipara 58
																																																											  0.00	 70.33		Thamnophis_elegans 59
																																																												  0.00		Pantherophis_guttatus 60
