Distance Matrix
---------------

Uncorrected for Multiple Substitutions
Using base positions 123 in the codon
Gap weighting is 0.000000

	    1	    2	    3	    4	    5	    6	    7	    8	    9	    10	    11	    12	    13	    14	    15	    16	    17	    18	    19	    20	    21	    22	    23	    24	    25	    26	    27	    28	    29	    30	    31	    32	    33	    34	    35	    36	    37	    38	    39	    40	    41	    42	    43	    44	    45	    46	    47	    48	    49	    50	    51	    52	    53	    54	    55	    56	    57	    58	    59	    60
	  0.00	 66.03	 65.45	 57.41	 47.71	 61.54	 62.18	 53.09	 58.02	 50.00	 54.32	 68.55	 48.15	 50.62	 60.49	 63.64	 67.27	 50.62	 53.09	 68.52	 61.73	 64.15	 63.46	 69.09	 49.69	 62.26	 64.71	 64.71	 55.35	 64.10	 63.58	 22.02	 53.46	 52.47	 49.38	 69.18	 54.49	 65.45	 69.09	 50.33	 65.45	 64.78	 62.89	 61.44	 48.77	 49.02	 65.38	 70.30	 67.88	 64.24	 60.49	 67.97	 53.70	 45.06	 65.41	 66.67	 71.60	 60.38	 54.09	 47.80		Python_bivittatus 1
		  0.00	 53.85	 63.46	 49.02	 59.62	 60.90	 53.85	 57.69	 53.21	 44.87	 57.05	 53.85	 53.21	 60.26	 55.13	 53.21	 58.97	 53.21	 55.13	 60.26	 62.18	 55.13	 55.13	 51.92	 60.26	 58.82	 58.82	 53.21	 57.05	 60.26	 57.69	 47.44	 45.51	 49.36	 58.97	 51.28	 57.69	 57.69	 47.06	 62.82	 58.33	 58.33	 58.82	 54.49	 45.75	 58.97	 55.77	 57.05	 53.21	 60.26	 59.48	 52.56	 52.56	 61.54	 53.85	 67.31	 61.54	 51.92	 46.79		Anilios_bituberculatus 2
			  0.00	 46.30	 59.48	 53.21	 53.85	 57.41	 62.96	 56.17	 59.26	 50.94	 65.43	 54.32	 43.21	 35.76	 36.97	 59.26	 60.49	 45.06	 51.23	 50.31	 49.36	 38.18	 59.75	 48.43	 45.10	 44.44	 52.20	 51.28	 41.98	 56.97	 57.86	 56.17	 56.79	 50.94	 53.21	 40.00	 38.18	 56.21	 49.09	 49.06	 45.91	 54.25	 58.64	 57.52	 51.92	 38.79	 39.39	 43.64	 54.94	 56.86	 61.73	 59.26	 54.09	 51.23	 76.54	 53.46	 59.75	 57.86		Anolis_carolinensis 3
				  0.00	 57.52	 39.10	 38.46	 51.85	 53.09	 61.73	 54.94	 50.31	 59.88	 56.17	 54.94	 53.70	 49.38	 57.41	 58.64	 56.17	 45.06	 57.86	 56.41	 53.70	 61.64	 53.46	 49.02	 48.37	 48.43	 58.33	 48.77	 56.79	 54.09	 51.23	 55.56	 52.83	 53.21	 52.47	 50.00	 56.86	 53.70	 53.46	 51.57	 52.29	 54.32	 53.59	 41.67	 52.47	 50.00	 59.26	 53.09	 54.90	 59.26	 52.47	 44.03	 53.09	 75.31	 54.72	 56.60	 54.72		Anolis_sagrei 4
					  0.00	 54.90	 54.90	 41.83	 43.79	 42.48	 41.18	 52.94	 50.98	 43.14	 61.44	 59.48	 55.56	 47.06	 42.48	 62.75	 62.75	 57.52	 59.48	 57.52	 43.79	 62.09	 54.25	 54.90	 50.98	 66.01	 58.82	 46.41	 44.44	 41.18	 39.87	 61.44	 56.21	 59.48	 56.86	 33.33	 61.44	 59.48	 60.13	 54.90	 39.22	 32.03	 55.56	 59.48	 56.86	 60.78	 54.90	 58.82	 39.22	 44.44	 61.44	 58.82	 67.97	 62.75	 45.10	 25.49		Arizona_elegans 5
						  0.00	  5.77	 51.28	 48.08	 50.64	 58.33	 51.92	 53.85	 48.72	 53.85	 52.56	 53.21	 55.77	 53.21	 53.21	 43.59	 52.56	 55.77	 53.21	 51.92	 47.44	 47.71	 47.71	 52.56	 62.82	 49.36	 58.33	 50.00	 51.28	 52.56	 51.28	 52.56	 53.21	 51.92	 51.63	 57.05	 45.51	 46.79	 48.37	 48.72	 58.17	 24.36	 51.92	 50.64	 56.41	 52.56	 50.98	 51.92	 58.33	 54.49	 52.56	 74.36	 51.92	 56.41	 51.28		Aspidocelis_tigris 6
							  0.00	 51.28	 50.64	 51.92	 60.26	 53.21	 53.85	 50.00	 55.13	 52.56	 53.85	 55.77	 53.85	 53.21	 45.51	 55.13	 55.77	 53.21	 53.85	 47.44	 49.02	 49.02	 53.85	 64.10	 50.64	 58.33	 51.28	 52.56	 54.49	 53.21	 51.28	 57.05	 54.49	 52.94	 57.69	 49.36	 48.72	 49.67	 48.72	 60.78	 26.92	 53.21	 51.92	 57.69	 53.85	 52.94	 53.85	 59.62	 51.92	 53.21	 73.72	 51.28	 55.77	 53.85		Aspidoscelis_marmoratus 7
								  0.00	 41.36	 34.57	 40.74	 54.72	 43.21	 32.72	 60.49	 57.41	 51.85	 39.51	 31.48	 58.64	 61.73	 56.60	 61.54	 55.56	 39.62	 62.26	 56.86	 58.17	 46.54	 64.10	 55.56	 47.53	 41.51	 39.51	 37.65	 61.64	 50.00	 57.41	 54.32	 39.22	 59.26	 59.12	 57.23	 54.25	 31.48	 39.22	 54.49	 54.94	 58.02	 61.73	 59.88	 60.13	 39.51	 38.89	 59.12	 58.02	 61.73	 62.26	 43.40	 36.48		Azemiops_feae 8
									  0.00	 46.91	 33.95	 55.35	 47.53	 44.44	 65.43	 61.11	 57.41	 42.59	 39.51	 62.35	 58.64	 56.60	 57.69	 58.64	 45.91	 54.72	 54.25	 52.94	 45.91	 60.90	 57.41	 51.85	 40.88	 37.04	 38.89	 57.23	 48.08	 56.79	 54.32	 39.87	 58.64	 50.94	 55.35	 56.86	 44.44	 41.18	 48.08	 57.41	 56.17	 64.81	 59.26	 65.36	 38.89	 43.21	 55.97	 57.41	 66.05	 59.12	 38.36	 40.25		Boaedon_fuliginosus 9
										  0.00	 45.68	 59.12	 40.74	 32.10	 63.58	 58.64	 59.26	 40.12	 32.72	 59.26	 57.41	 61.64	 59.62	 56.79	 45.91	 62.26	 56.21	 58.17	 55.35	 61.54	 62.96	 45.68	 46.54	 42.59	 39.51	 62.89	 57.05	 56.17	 54.32	 41.83	 62.96	 62.26	 59.75	 58.82	 20.99	 41.18	 57.05	 56.17	 58.02	 60.49	 56.17	 59.48	 38.89	 48.15	 62.89	 55.56	 64.20	 60.38	 46.54	 36.48		Bothrops_jararaca 10
											  0.00	 57.86	 43.21	 41.36	 64.20	 58.02	 59.88	 43.83	 34.57	 67.90	 57.41	 59.75	 55.13	 61.73	 45.28	 61.01	 60.13	 59.48	 46.54	 60.26	 60.49	 50.62	 42.14	 27.78	 27.16	 59.12	 50.64	 54.94	 54.32	 43.14	 59.26	 55.97	 60.38	 52.29	 43.83	 37.91	 51.92	 60.49	 56.79	 57.41	 57.41	 58.82	 38.27	 33.33	 58.49	 56.79	 64.20	 57.86	 36.48	 40.88		Bungarus_multicintus 11
												  0.00	 62.89	 57.23	 57.86	 54.72	 49.06	 61.64	 57.86	 54.09	 58.49	 51.57	 51.92	 52.20	 53.46	 51.57	 49.67	 49.67	 52.20	 51.28	 48.43	 62.89	 53.46	 54.09	 58.49	 49.69	 46.15	 47.80	 45.28	 50.33	 54.72	 52.83	 52.20	 53.59	 54.09	 54.25	 55.77	 45.91	 49.69	 54.72	 57.86	 61.44	 58.49	 60.38	 52.20	 46.54	 75.47	 52.83	 61.64	 54.09		Calotes_versicolor 12
													  0.00	 42.59	 67.28	 61.11	 61.73	 43.83	 41.98	 62.35	 55.56	 64.78	 59.62	 62.35	 49.06	 63.52	 66.01	 62.75	 54.72	 63.46	 67.90	 42.59	 49.06	 43.83	 41.98	 61.64	 51.92	 60.49	 62.96	 49.67	 69.75	 62.26	 66.04	 55.56	 41.36	 49.02	 54.49	 61.11	 60.49	 59.88	 54.32	 58.17	 44.44	 41.98	 62.26	 56.17	 66.05	 61.01	 44.65	 45.28		Charina_bottae 13
														  0.00	 58.64	 62.35	 54.32	 37.65	 33.95	 63.58	 56.17	 60.38	 56.41	 58.64	 41.51	 51.57	 50.98	 50.33	 49.06	 63.46	 60.49	 46.30	 41.51	 40.74	 38.27	 57.86	 52.56	 59.26	 58.02	 38.56	 62.35	 52.83	 52.83	 55.56	 28.40	 41.83	 55.77	 59.88	 61.11	 54.94	 59.88	 60.13	 40.12	 40.74	 58.49	 59.26	 64.81	 57.23	 41.51	 38.36		Crotalus_tigris 14
															  0.00	 46.30	 49.38	 64.20	 57.41	 48.15	 53.09	 51.57	 57.05	 44.44	 60.38	 51.57	 49.02	 50.98	 61.64	 49.36	 41.36	 56.79	 55.97	 58.64	 58.64	 44.65	 55.77	 47.53	 51.85	 56.21	 45.68	 47.80	 45.91	 52.94	 65.43	 60.78	 55.13	 47.53	 46.91	 42.59	 52.47	 66.67	 58.64	 56.17	 54.72	 54.94	 79.63	 51.57	 65.41	 60.38		Cryptoblepharus_egeriae 15
																  0.00	 29.09	 62.96	 58.64	 43.21	 58.64	 52.20	 50.00	 20.61	 55.35	 55.35	 52.29	 52.94	 55.35	 53.21	 43.83	 59.39	 55.97	 56.17	 61.73	 54.72	 53.21	 36.36	 38.79	 54.90	 48.48	 49.06	 52.20	 52.94	 61.73	 57.52	 55.13	 35.76	 36.36	 46.06	 51.23	 56.86	 55.56	 58.02	 56.60	 52.47	 76.54	 54.72	 62.89	 55.97		Ctenosaura_bakeri 16
																	  0.00	 64.81	 59.88	 38.89	 54.94	 53.46	 51.92	 21.82	 55.97	 54.09	 50.98	 49.67	 48.43	 53.85	 43.21	 64.24	 49.69	 51.85	 54.94	 49.06	 54.49	 38.18	 37.58	 53.59	 43.64	 51.57	 52.20	 52.94	 56.79	 54.90	 53.21	 38.18	 43.03	 47.27	 52.47	 57.52	 55.56	 57.41	 54.09	 48.77	 74.69	 54.72	 58.49	 51.57		Cyclura_pinguis 17
																		  0.00	 40.74	 64.20	 59.26	 57.86	 57.05	 67.28	 42.14	 61.64	 58.82	 59.48	 47.17	 61.54	 56.17	 47.53	 45.91	 43.21	 42.59	 65.41	 50.00	 57.41	 56.17	 43.14	 58.64	 61.64	 61.01	 61.44	 40.12	 49.67	 57.05	 59.26	 57.41	 59.88	 63.58	 61.44	 45.68	 46.30	 56.60	 57.41	 61.11	 57.86	 45.28	 47.17		Daboia_siamensis 18
																			  0.00	 62.96	 61.73	 57.86	 57.69	 62.35	 35.22	 57.23	 56.21	 59.48	 52.83	 58.97	 58.64	 46.91	 42.14	 39.51	 32.72	 56.60	 53.21	 59.26	 61.11	 35.95	 62.96	 54.72	 57.86	 54.90	 36.42	 41.18	 51.92	 59.26	 58.02	 60.49	 58.64	 60.78	 27.78	 37.04	 60.38	 56.17	 63.58	 55.97	 40.25	 37.74		Diadophis_punctatus 19
																				  0.00	 56.79	 56.60	 60.26	 38.89	 56.60	 57.86	 57.52	 57.52	 54.72	 54.49	 40.74	 64.20	 57.23	 62.96	 64.20	 55.35	 57.69	 46.30	 45.06	 58.17	 48.15	 53.46	 51.57	 56.86	 60.49	 62.75	 52.56	 40.12	 44.44	 45.68	 58.02	 60.78	 63.58	 65.43	 54.72	 52.47	 74.69	 57.86	 68.55	 61.64		Elgaria_multicarinata 20
																					  0.00	 52.83	 57.05	 54.32	 62.89	 52.20	 50.33	 47.06	 61.64	 60.26	 53.70	 64.20	 57.86	 56.17	 53.70	 47.80	 52.56	 50.00	 54.32	 58.17	 59.26	 54.09	 53.46	 47.06	 58.64	 58.17	 45.51	 53.09	 54.94	 55.56	 46.91	 54.90	 59.26	 59.26	 46.54	 51.85	 75.31	 51.57	 62.89	 56.60		Eublepharis_macularius 21
																						  0.00	 53.85	 52.20	 57.86	 52.20	 46.41	 47.71	 55.35	 46.15	 50.94	 59.75	 56.60	 59.12	 53.46	 56.60	 55.13	 54.09	 51.57	 54.90	 50.94	 45.28	 48.43	 48.37	 61.01	 54.25	 55.77	 49.69	 54.72	 55.35	 51.57	 56.86	 57.86	 58.49	 61.64	 56.60	 80.50	 50.94	 59.12	 54.72		Gekko_japonicus 22
																							  0.00	 57.05	 54.49	 48.72	 55.56	 51.63	 48.72	 47.44	 55.13	 60.26	 52.56	 54.49	 57.69	 56.41	 48.72	 52.56	 49.36	 51.63	 54.49	 49.36	 53.21	 60.78	 60.26	 54.90	 57.05	 52.56	 53.85	 50.00	 62.18	 60.13	 57.69	 62.18	 59.62	 61.54	 75.00	 48.72	 57.05	 54.49		Hemicordylus_capensis 23
																								  0.00	 57.86	 55.97	 51.63	 50.98	 55.97	 55.13	 40.12	 67.27	 54.72	 56.17	 60.49	 51.57	 53.21	 36.36	 36.36	 57.52	 46.67	 53.46	 50.94	 51.63	 57.41	 57.52	 55.13	 33.33	 36.97	 49.09	 47.53	 58.17	 54.94	 60.49	 53.46	 46.91	 76.54	 55.97	 64.78	 57.23		Iguana_delicatissima 24
																									  0.00	 57.23	 58.82	 56.86	 45.91	 62.82	 50.94	 50.31	 36.48	 48.43	 45.28	 60.38	 46.15	 61.01	 58.49	 37.25	 58.49	 54.09	 57.23	 53.59	 44.65	 44.44	 57.05	 55.97	 56.60	 59.75	 62.89	 61.44	 37.11	 45.28	 63.52	 59.75	 66.04	 55.97	 49.06	 45.28		Imantodes_cenchoa 25
																										  0.00	 22.88	 20.92	 54.09	 51.28	 50.94	 60.38	 57.86	 61.64	 62.89	 47.17	 42.31	 51.57	 53.46	 59.48	 55.97	 26.42	 30.19	 55.56	 62.26	 59.48	 50.64	 51.57	 52.20	 52.20	 55.97	 60.78	 61.01	 58.49	 58.49	 58.49	 75.47	 26.42	 60.38	 62.89		Lacerta_agilis 26
																											  0.00	  7.19	 60.13	 50.33	 47.06	 58.82	 60.13	 58.17	 55.56	 50.98	 42.48	 48.37	 50.33	 54.25	 52.94	 24.84	 28.10	 55.56	 58.17	 55.56	 54.25	 50.98	 47.06	 51.63	 54.25	 57.52	 60.13	 56.86	 58.17	 58.17	 76.47	 28.76	 64.05	 56.21		Lacerta_bilineata 27
																												  0.00	 56.86	 53.59	 44.44	 58.82	 58.82	 60.13	 56.86	 47.06	 41.18	 47.06	 49.02	 54.90	 52.29	 26.14	 30.07	 55.56	 59.48	 54.90	 52.29	 50.98	 47.71	 50.33	 52.94	 55.56	 60.78	 56.21	 55.56	 58.82	 76.47	 31.37	 63.40	 57.52		Lacerta_viridis 28
																													  0.00	 61.54	 54.09	 55.35	 41.51	 45.91	 44.65	 52.83	 49.36	 50.31	 47.17	 47.06	 51.57	 54.72	 55.35	 54.90	 50.31	 48.37	 50.00	 51.57	 54.72	 54.09	 60.38	 56.86	 55.35	 50.94	 57.23	 59.12	 69.81	 61.64	 52.20	 47.17		Laticauda_colubrina 29
																														  0.00	 55.77	 59.62	 64.10	 60.26	 58.97	 55.13	 50.64	 51.92	 53.21	 60.78	 52.56	 52.56	 50.00	 55.56	 62.18	 58.17	 58.33	 57.05	 58.33	 51.92	 55.77	 60.78	 62.82	 58.97	 60.26	 53.85	 76.28	 46.79	 64.10	 61.54		Lepidodactylus_listeri 30
																															  0.00	 64.81	 55.35	 55.56	 57.41	 48.43	 55.13	 42.59	 40.12	 53.59	 31.48	 50.31	 48.43	 53.59	 64.20	 58.17	 49.36	 39.51	 38.89	 42.59	 55.56	 61.44	 59.26	 57.41	 49.06	 51.85	 75.31	 55.35	 62.89	 56.60		Lerista_edwardsae 31
																																  0.00	 50.94	 48.15	 50.00	 66.67	 53.85	 63.03	 64.85	 45.10	 66.06	 62.89	 62.26	 56.21	 43.83	 45.10	 60.90	 62.42	 64.24	 58.18	 59.26	 60.13	 49.38	 43.83	 64.78	 63.58	 69.14	 63.52	 47.80	 42.77		Morelia_viridis 32
																																	  0.00	 45.91	 45.91	 55.97	 48.08	 50.31	 54.09	 43.14	 56.60	 55.35	 54.72	 50.33	 42.77	 43.14	 51.28	 55.97	 56.60	 53.46	 61.64	 54.90	 32.08	 46.54	 55.97	 57.86	 64.15	 55.97	 44.65	 42.14		Myanophis_thanlyinensis 33
																																		  0.00	 22.84	 57.86	 54.49	 55.56	 54.94	 40.52	 54.94	 61.64	 63.52	 54.90	 41.36	 46.41	 50.00	 57.41	 51.23	 54.32	 54.94	 56.21	 38.27	 37.04	 57.23	 53.09	 69.75	 62.26	 45.91	 39.62		Naja_naja 34
																																			  0.00	 60.38	 53.21	 58.02	 57.41	 39.87	 56.17	 60.38	 60.38	 52.94	 38.89	 40.52	 52.56	 55.56	 55.56	 54.94	 51.85	 57.52	 37.04	 37.04	 60.38	 54.32	 67.28	 61.64	 44.03	 35.85		Ophiophagus_hannah 35
																																				  0.00	 51.28	 45.28	 51.57	 53.59	 46.54	 45.28	 48.43	 54.90	 63.52	 56.86	 53.21	 52.20	 50.31	 54.09	 58.49	 60.13	 58.49	 62.26	 56.60	 55.97	 78.62	 50.31	 59.75	 56.60		Paroedura_picta 36
																																					  0.00	 53.21	 51.92	 49.67	 57.05	 44.87	 46.15	 58.82	 53.21	 53.59	 54.49	 57.05	 57.05	 54.49	 58.97	 66.67	 50.00	 50.00	 64.74	 63.46	 71.79	 44.23	 57.05	 55.13		Phrynocephalus_versicolor 37
																																						  0.00	 13.94	 53.59	 40.61	 49.06	 45.28	 54.90	 56.17	 55.56	 53.85	 29.09	 27.88	 43.64	 54.32	 58.82	 57.41	 58.64	 52.83	 52.47	 75.31	 50.94	 59.12	 52.20		Phrynosoma_blainvillii 38
																																							  0.00	 53.59	 40.00	 52.83	 47.80	 55.56	 53.70	 55.56	 55.13	 27.88	 27.27	 46.67	 57.41	 60.78	 58.64	 60.49	 52.83	 54.94	 77.16	 54.72	 60.38	 53.46		Phrynosoma_platyrhinos 39
																																								  0.00	 60.13	 58.17	 58.17	 62.09	 41.18	 22.88	 58.17	 50.98	 53.59	 57.52	 61.44	 57.52	 36.60	 42.48	 62.09	 57.52	 64.05	 59.48	 43.14	 26.14		Pituophis_catenifer 40
																																									  0.00	 54.72	 53.46	 58.82	 64.20	 56.86	 54.49	 40.00	 44.85	 46.06	 57.41	 59.48	 57.41	 60.49	 53.46	 54.32	 78.40	 57.23	 59.12	 55.35		Plestiodon_gilberti 41
																																										  0.00	 15.09	 49.02	 61.01	 58.82	 48.08	 49.69	 46.54	 49.06	 57.86	 56.21	 62.89	 57.86	 59.12	 59.75	 76.73	 26.42	 63.52	 61.64		Podarci_raffonei 42
																																											  0.00	 53.59	 57.86	 57.52	 50.64	 48.43	 47.17	 49.69	 56.60	 58.82	 60.38	 56.60	 58.49	 59.12	 76.73	 31.45	 64.78	 60.38		Podarcis_muralis 43
																																												  0.00	 58.17	 55.56	 43.79	 52.94	 52.29	 51.63	 40.52	 49.02	 56.21	 56.21	 47.71	 47.71	 73.86	 49.67	 60.13	 53.59		Pogona_vitticeps 44
																																													  0.00	 43.79	 53.21	 58.02	 59.88	 62.35	 56.79	 62.09	 37.65	 49.38	 64.78	 58.64	 63.58	 59.12	 46.54	 36.48		Protobothrops_mucrosquamatus 45
																																														  0.00	 56.86	 52.94	 56.21	 58.82	 58.82	 61.44	 39.22	 39.87	 58.17	 57.52	 66.01	 57.52	 41.18	 20.26		Ptyas_mucosa 46
																																															  0.00	 50.64	 49.36	 51.92	 46.15	 50.98	 54.49	 58.33	 51.92	 49.36	 77.56	 54.49	 54.49	 53.21		Salvator_merianae 47
																																																  0.00	 16.97	 42.42	 54.94	 54.25	 58.64	 63.58	 54.72	 53.70	 77.16	 53.46	 58.49	 53.46		Sceloporus_occidentalis 48
																																																	  0.00	 44.85	 52.47	 56.86	 58.64	 62.96	 53.46	 52.47	 76.54	 48.43	 61.64	 57.23		Sceloporus_tristichus 49
																																																		  0.00	 55.56	 57.52	 62.35	 54.32	 52.83	 57.41	 73.46	 53.46	 60.38	 55.97		Shinisaurus_crocodilurus 50
																																																			  0.00	 56.86	 58.64	 55.56	 49.06	 43.21	 72.84	 56.60	 59.12	 55.35		Sphaerodactylus_townsendi 51
																																																				  0.00	 58.82	 57.52	 58.17	 52.94	 75.82	 66.01	 64.05	 55.56		Sphenodon_punctatus 52
																																																					  0.00	 42.59	 59.75	 58.02	 66.05	 60.38	 38.36	 35.22		Thermophis_baileyi 53
																																																						  0.00	 58.49	 57.41	 64.20	 61.01	 40.88	 39.62		Tropidonophis_doriae 54
																																																							  0.00	 32.70	 72.33	 57.23	 60.38	 59.75		Varanus_komodoensis 55
																																																								  0.00	 72.22	 59.12	 61.64	 52.83		Varanus_salvator 56
																																																									  0.00	 72.96	 62.89	 66.04		Vipera_latastei 57
																																																										  0.00	 58.49	 62.89		Zootaca_vivipara 58
																																																											  0.00	 38.99		Thamnophis_elegans 59
																																																												  0.00		Pantherophis_guttatus 60
