Distance Matrix
---------------

Uncorrected for Multiple Substitutions
Using base positions 123 in the codon
Gap weighting is 0.000000

	    1	    2	    3	    4	    5	    6	    7	    8	    9	    10	    11	    12	    13	    14	    15	    16	    17	    18	    19	    20	    21	    22	    23	    24	    25	    26	    27	    28	    29	    30	    31	    32	    33	    34	    35	    36	    37	    38	    39	    40	    41	    42	    43	    44	    45	    46	    47	    48	    49	    50	    51	    52	    53	    54	    55	    56	    57	    58	    59	    60
	  0.00	 48.60	 51.99	 50.20	 35.74	 49.79	 47.72	 39.28	 39.55	 37.07	 36.61	 52.63	 23.99	 39.28	 51.79	 49.00	 48.01	 41.78	 35.29	 47.99	 51.00	 51.59	 51.59	 48.21	 34.47	 52.42	 51.81	 51.21	 36.14	 54.86	 50.70	 15.32	 35.47	 35.93	 33.06	 52.59	 52.87	 48.80	 50.60	 35.29	 50.60	 50.60	 49.80	 51.14	 36.82	 34.69	 49.90	 50.80	 51.00	 50.00	 51.59	 50.40	 33.26	 30.83	 54.18	 49.60	 27.71	 51.21	 33.87	 34.08		Python_bivittatus 1
		  0.00	 45.69	 45.29	 46.27	 44.44	 44.24	 48.50	 47.05	 46.89	 49.37	 46.39	 45.34	 45.89	 44.71	 42.55	 40.59	 46.03	 47.25	 47.22	 49.01	 48.12	 45.49	 42.75	 46.28	 49.01	 46.83	 46.03	 47.42	 46.23	 42.01	 46.36	 46.48	 50.93	 45.98	 48.24	 43.74	 43.92	 43.33	 47.45	 46.47	 46.03	 46.63	 48.26	 46.68	 46.44	 44.58	 42.94	 43.14	 47.25	 45.88	 45.69	 47.22	 44.81	 47.45	 45.49	 37.35	 47.22	 45.01	 46.23		Anilios_bituberculatus 2
			  0.00	 26.40	 51.03	 43.83	 43.00	 52.59	 53.55	 53.78	 51.26	 44.95	 53.83	 55.78	 35.45	 30.06	 31.41	 53.55	 52.94	 38.01	 39.77	 42.41	 38.34	 31.02	 51.30	 34.89	 35.48	 35.09	 55.03	 40.48	 35.08	 51.41	 50.70	 53.59	 50.31	 47.78	 41.88	 30.83	 31.60	 50.71	 35.65	 36.45	 36.84	 43.57	 53.00	 50.10	 42.54	 31.21	 28.52	 35.07	 42.58	 37.57	 53.18	 51.32	 41.81	 40.46	 46.99	 38.99	 50.30	 50.91		Anolis_carolinensis 3
				  0.00	 49.59	 39.30	 40.12	 53.98	 51.12	 53.39	 48.33	 43.71	 50.20	 54.38	 34.87	 27.94	 27.17	 52.74	 50.10	 38.21	 36.06	 38.66	 38.54	 29.67	 52.30	 31.38	 33.33	 33.14	 51.75	 39.09	 35.27	 50.40	 49.90	 50.51	 48.87	 43.93	 38.54	 29.48	 29.09	 50.10	 33.33	 33.14	 32.55	 43.37	 53.20	 50.51	 43.35	 29.09	 29.87	 33.91	 37.76	 37.96	 51.13	 50.91	 42.77	 39.50	 48.19	 34.70	 50.10	 50.30		Anolis_sagrei 4
					  0.00	 50.00	 48.28	 31.82	 29.13	 32.02	 25.68	 52.06	 32.85	 32.02	 50.83	 48.35	 48.76	 31.61	 23.76	 48.97	 45.87	 50.62	 50.00	 47.93	 26.03	 47.91	 48.33	 48.33	 29.50	 53.94	 49.06	 36.57	 29.34	 28.03	 26.36	 51.24	 50.99	 47.73	 47.11	 16.74	 48.55	 48.12	 48.12	 50.32	 31.95	 15.29	 49.04	 48.14	 48.97	 50.83	 51.24	 48.76	 22.62	 25.41	 51.03	 48.76	 24.10	 50.21	 23.55	 15.08		Arizona_elegans 5
						  0.00	  7.20	 53.43	 53.07	 53.01	 53.06	 46.55	 50.21	 51.98	 41.77	 38.27	 37.45	 51.80	 51.16	 43.96	 41.56	 37.86	 43.21	 38.48	 49.27	 40.00	 40.00	 40.21	 52.46	 41.67	 41.82	 51.26	 50.31	 51.82	 52.25	 46.30	 43.07	 40.12	 39.30	 51.59	 40.95	 41.46	 41.46	 43.16	 53.44	 49.26	 25.51	 40.95	 41.15	 42.18	 41.98	 44.65	 51.61	 50.11	 49.79	 45.06	 44.58	 42.92	 51.59	 50.74		Aspidocelis_tigris 6
							  0.00	 54.68	 52.43	 51.98	 53.28	 46.77	 48.95	 52.39	 42.39	 38.27	 37.45	 52.01	 51.37	 43.12	 40.95	 39.09	 41.77	 39.09	 48.85	 42.08	 41.04	 41.67	 52.03	 40.62	 40.58	 49.37	 48.64	 51.39	 52.46	 45.47	 42.21	 40.12	 38.27	 52.01	 41.77	 41.25	 40.83	 43.16	 52.19	 48.63	 23.46	 41.36	 41.36	 42.18	 41.56	 43.00	 50.32	 48.84	 48.15	 44.44	 43.37	 41.46	 50.74	 49.47		Aspidoscelis_marmoratus 7
								  0.00	 34.08	 24.30	 33.47	 54.64	 36.92	 25.30	 51.39	 53.19	 54.18	 26.57	 31.03	 53.71	 53.39	 53.49	 51.00	 51.79	 30.66	 51.01	 51.41	 51.81	 33.26	 53.75	 49.50	 37.12	 33.47	 32.03	 32.03	 52.79	 56.29	 52.79	 51.79	 29.21	 50.60	 51.81	 51.61	 55.51	 19.60	 28.80	 52.89	 52.99	 53.59	 51.59	 52.59	 53.19	 30.39	 29.61	 53.19	 50.80	 18.07	 54.44	 30.43	 30.63		Azemiops_feae 8
									  0.00	 36.71	 31.80	 54.04	 36.51	 37.32	 52.94	 52.94	 53.75	 37.12	 28.19	 52.24	 50.51	 51.32	 50.51	 51.72	 28.80	 53.80	 50.31	 50.72	 32.02	 55.40	 52.45	 39.76	 34.28	 30.98	 28.27	 54.56	 53.03	 52.54	 53.55	 28.34	 52.13	 51.54	 51.75	 57.20	 34.01	 27.10	 53.36	 54.36	 53.55	 56.19	 52.94	 50.51	 25.78	 27.79	 52.13	 52.54	 22.89	 54.00	 25.96	 27.72		Boaedon_fuliginosus 9
										  0.00	 31.80	 51.48	 33.06	 21.31	 51.39	 50.80	 50.60	 28.60	 29.21	 52.51	 51.79	 52.69	 51.79	 48.41	 29.26	 50.60	 52.22	 51.41	 34.91	 53.14	 48.30	 37.93	 29.46	 31.42	 31.21	 51.59	 52.24	 52.99	 51.79	 33.47	 50.00	 50.40	 50.20	 50.10	 20.80	 31.64	 50.00	 49.80	 50.80	 51.79	 49.80	 50.60	 28.54	 29.41	 52.39	 51.59	 10.84	 54.03	 29.01	 28.60		Bothrops_jararaca 10
											  0.00	 55.60	 35.36	 34.94	 50.00	 51.05	 51.26	 34.31	 26.36	 50.11	 49.79	 52.09	 52.51	 49.37	 27.41	 48.73	 49.15	 49.79	 31.17	 55.04	 49.06	 38.49	 31.17	 24.27	 25.31	 53.14	 51.43	 49.37	 48.54	 28.24	 48.95	 48.31	 47.67	 53.83	 32.77	 28.03	 52.93	 50.00	 51.67	 51.46	 51.05	 51.26	 26.60	 24.69	 52.72	 50.00	 14.46	 50.42	 26.15	 28.03		Bungarus_multicintus 11
												  0.00	 52.01	 53.38	 43.30	 41.24	 38.97	 53.40	 51.70	 43.84	 44.68	 45.00	 45.36	 41.44	 50.85	 43.22	 40.29	 41.75	 52.61	 45.96	 42.53	 52.64	 50.85	 53.26	 51.96	 49.48	 38.80	 44.33	 44.74	 51.93	 43.92	 41.54	 42.38	 37.14	 53.18	 52.15	 47.63	 42.47	 41.86	 44.54	 43.92	 42.06	 52.39	 51.28	 49.90	 48.04	 42.17	 43.63	 52.77	 51.50		Calotes_versicolor 12
													  0.00	 38.34	 51.21	 50.40	 50.20	 35.50	 33.87	 50.20	 53.23	 52.42	 52.42	 50.00	 34.89	 52.24	 51.02	 50.82	 34.93	 52.63	 50.51	 24.80	 31.85	 34.30	 32.22	 52.42	 52.47	 50.20	 51.01	 34.09	 50.40	 50.82	 50.82	 50.74	 36.46	 34.50	 50.73	 49.80	 48.99	 51.21	 49.60	 51.41	 32.02	 30.22	 54.23	 51.01	 19.28	 53.47	 32.05	 30.39		Charina_bottae 13
														  0.00	 52.79	 51.99	 51.20	 27.59	 30.43	 52.91	 52.19	 51.30	 51.39	 52.39	 29.46	 50.60	 53.02	 52.42	 33.06	 54.97	 50.90	 38.95	 30.86	 33.47	 33.26	 52.99	 54.16	 52.79	 51.79	 32.66	 51.79	 51.21	 51.01	 53.64	 21.00	 32.45	 50.62	 52.79	 51.79	 52.79	 53.19	 54.38	 30.80	 31.44	 52.59	 51.00	 12.05	 55.44	 30.22	 31.85		Crotalus_tigris 14
															  0.00	 30.83	 30.64	 51.52	 48.68	 41.52	 37.23	 37.87	 40.46	 30.64	 48.30	 36.45	 34.11	 34.11	 50.10	 35.52	 26.36	 50.60	 48.50	 49.28	 49.28	 44.70	 37.71	 31.98	 34.30	 50.71	 28.13	 34.31	 34.50	 42.37	 51.60	 51.52	 40.29	 30.83	 32.18	 31.98	 35.07	 37.76	 49.69	 47.67	 43.55	 42.97	 42.17	 39.38	 48.48	 48.48		Cryptoblepharus_egeriae 15
																  0.00	 15.41	 52.13	 48.07	 33.92	 34.70	 35.31	 35.45	 15.41	 47.90	 33.72	 31.97	 30.99	 51.33	 34.13	 27.33	 48.79	 46.69	 50.51	 49.08	 42.20	 38.96	 22.74	 24.47	 48.88	 30.25	 34.50	 34.31	 38.96	 53.60	 49.29	 40.08	 25.05	 24.08	 29.48	 36.80	 33.33	 48.05	 48.07	 41.23	 38.92	 45.78	 37.23	 50.10	 47.26		Ctenosaura_bakeri 16
																	  0.00	 50.30	 49.09	 36.06	 34.89	 34.71	 36.80	 15.61	 49.70	 33.14	 31.58	 31.97	 51.75	 33.93	 26.74	 47.98	 46.69	 50.92	 48.67	 41.62	 38.75	 24.08	 25.43	 49.49	 30.83	 33.14	 32.36	 38.55	 52.20	 50.30	 39.47	 24.86	 24.47	 30.44	 34.68	 32.95	 47.84	 48.07	 42.00	 38.92	 42.17	 35.09	 49.09	 48.48		Cyclura_pinguis 17
																		  0.00	 32.45	 53.88	 51.93	 51.93	 49.29	 51.72	 32.86	 50.72	 50.51	 50.51	 33.89	 51.93	 51.22	 40.16	 34.08	 32.64	 31.19	 52.94	 51.73	 52.94	 52.74	 32.65	 50.10	 50.31	 49.49	 54.66	 27.09	 30.60	 49.79	 52.13	 51.12	 50.71	 52.74	 50.71	 31.60	 32.05	 52.13	 50.71	  7.23	 52.36	 31.85	 31.83		Daboia_siamensis 18
																			  0.00	 48.37	 50.30	 51.32	 49.09	 49.09	 19.47	 49.28	 48.87	 47.64	 27.65	 51.12	 50.82	 33.87	 27.38	 25.57	 25.78	 50.30	 51.52	 49.29	 49.29	 23.41	 49.09	 48.67	 49.49	 49.58	 29.74	 24.64	 49.16	 48.68	 49.49	 50.71	 47.87	 48.88	 16.42	 24.95	 52.33	 50.51	 16.87	 51.54	 21.70	 21.15		Diadophis_punctatus 19
																				  0.00	 39.84	 40.92	 41.33	 35.09	 48.79	 37.28	 38.07	 38.26	 51.86	 40.36	 38.04	 48.37	 49.80	 51.24	 48.97	 47.17	 41.98	 35.67	 37.04	 48.16	 34.31	 36.88	 37.48	 41.26	 53.72	 50.00	 45.34	 37.82	 37.62	 35.87	 41.52	 38.99	 48.55	 51.22	 46.00	 43.86	 40.96	 39.84	 49.59	 46.33		Elgaria_multicarinata 20
																					  0.00	 39.13	 38.40	 35.09	 50.10	 38.86	 39.25	 39.45	 49.90	 37.95	 37.45	 51.61	 47.90	 50.92	 48.67	 45.03	 38.96	 34.11	 35.48	 47.67	 36.26	 41.03	 38.46	 41.26	 52.80	 44.42	 42.94	 36.45	 36.65	 38.60	 40.74	 38.21	 49.49	 48.28	 42.50	 40.94	 48.19	 39.25	 47.46	 47.46		Eublepharis_macularius 21
																						  0.00	 39.84	 35.70	 48.30	 38.92	 39.32	 39.92	 52.36	 30.26	 37.50	 52.22	 52.91	 53.59	 50.92	 40.24	 43.34	 36.49	 41.22	 52.13	 36.88	 38.32	 38.92	 41.77	 52.51	 50.10	 40.49	 38.07	 37.48	 39.05	 34.71	 39.84	 51.13	 49.49	 47.34	 45.76	 42.17	 41.12	 50.71	 51.93		Gekko_japonicus 22
																							  0.00	 34.49	 47.90	 38.79	 38.21	 38.01	 50.92	 42.66	 37.40	 51.21	 49.10	 50.51	 48.67	 43.16	 41.25	 36.80	 35.84	 50.10	 35.65	 37.82	 38.60	 43.37	 51.00	 47.06	 41.72	 37.38	 35.26	 37.76	 42.20	 38.92	 49.28	 50.10	 40.66	 40.46	 42.17	 37.43	 51.93	 49.49		Hemicordylus_capensis 23
																								  0.00	 48.50	 32.75	 29.43	 30.60	 50.72	 35.32	 26.94	 48.79	 45.49	 47.64	 46.61	 42.39	 36.67	 22.93	 24.66	 48.88	 30.06	 31.77	 32.94	 37.15	 51.20	 47.87	 38.65	 25.24	 24.86	 30.64	 35.65	 34.87	 48.05	 46.65	 40.46	 39.50	 43.37	 33.53	 47.46	 46.86		Iguana_delicatissima 24
																									  0.00	 51.32	 49.70	 49.09	 27.10	 51.53	 49.80	 34.08	 26.45	 26.90	 24.64	 50.70	 50.21	 48.90	 50.70	 22.72	 50.90	 48.88	 49.90	 51.05	 28.77	 22.72	 48.34	 50.70	 49.70	 52.30	 50.30	 49.70	 19.92	 23.12	 53.51	 51.70	 14.46	 51.12	 22.31	 22.11		Imantodes_cenchoa 25
																										  0.00	 13.26	 13.26	 50.52	 40.16	 35.69	 51.84	 50.71	 49.48	 48.02	 44.05	 41.98	 31.58	 31.97	 49.08	 30.02	 18.71	 17.93	 43.29	 50.20	 49.28	 42.03	 31.97	 32.36	 34.70	 36.26	 39.57	 48.44	 50.72	 42.88	 42.11	 46.99	 19.88	 47.84	 49.28		Lacerta_agilis 26
																											  0.00	  4.48	 49.90	 39.56	 33.73	 50.20	 48.28	 48.86	 48.02	 45.61	 40.30	 31.58	 32.36	 49.28	 31.58	 19.10	 19.10	 42.28	 49.60	 47.84	 40.79	 31.38	 31.58	 36.65	 33.92	 38.40	 48.44	 49.49	 43.27	 40.55	 46.99	 23.39	 49.08	 48.67		Lacerta_bilineata 27
																												  0.00	 49.69	 40.36	 32.94	 50.00	 48.68	 48.44	 46.99	 46.00	 40.08	 31.58	 32.55	 48.87	 31.77	 19.88	 19.88	 42.07	 49.80	 47.84	 40.37	 30.80	 30.80	 36.65	 35.09	 38.40	 47.82	 49.28	 42.50	 40.74	 45.78	 24.76	 47.84	 48.46		Lacerta_viridis 28
																													  0.00	 55.53	 50.62	 37.42	 34.29	 24.02	 23.20	 55.03	 52.81	 50.92	 51.33	 28.34	 51.13	 50.73	 51.35	 53.22	 33.40	 27.31	 52.13	 52.36	 51.95	 52.36	 50.92	 50.51	 26.05	 27.65	 54.62	 54.83	 19.28	 50.73	 29.11	 28.75		Laticauda_colubrina 29
																														  0.00	 35.13	 52.83	 52.14	 56.78	 54.28	 42.46	 39.57	 35.12	 39.48	 52.99	 37.30	 40.16	 41.57	 42.24	 53.36	 52.78	 41.61	 37.10	 37.10	 35.71	 34.92	 41.67	 51.77	 52.55	 43.45	 43.85	 42.17	 40.76	 51.73	 50.52		Lepidodactylus_listeri 30
																															  0.00	 49.29	 47.18	 49.18	 48.77	 44.38	 38.13	 30.23	 30.81	 48.78	 22.29	 35.10	 34.90	 38.38	 49.90	 48.16	 40.53	 31.20	 29.65	 32.17	 32.95	 35.08	 49.59	 49.80	 43.02	 41.67	 43.37	 36.47	 47.76	 46.73		Lerista_edwardsae 31
																																  0.00	 34.69	 38.46	 34.72	 51.61	 52.90	 49.40	 50.40	 36.34	 50.20	 51.63	 50.61	 50.74	 37.68	 35.73	 48.43	 48.59	 48.79	 50.00	 50.40	 47.78	 33.47	 33.06	 53.43	 49.80	 26.51	 52.24	 35.09	 34.91		Morelia_viridis 32
																																	  0.00	 30.80	 29.36	 51.50	 49.36	 47.90	 47.90	 28.60	 49.50	 48.07	 48.28	 49.16	 30.99	 28.40	 48.34	 48.70	 47.90	 48.70	 48.90	 46.49	 25.87	 25.76	 51.10	 51.50	 15.66	 51.93	 27.79	 25.76		Myanophis_thanlyinensis 33
																																		  0.00	 18.48	 54.83	 53.68	 49.49	 50.92	 28.54	 48.87	 48.02	 48.65	 54.29	 29.90	 26.49	 52.13	 49.69	 50.51	 52.77	 49.90	 51.13	 22.69	 24.12	 53.59	 53.18	 20.48	 51.56	 25.78	 25.67		Naja_naja 34
																																			  0.00	 52.57	 50.87	 48.05	 49.28	 26.49	 48.05	 44.91	 46.36	 51.07	 31.75	 24.64	 50.64	 49.49	 47.64	 50.72	 49.08	 51.54	 21.85	 23.70	 51.33	 50.51	 19.28	 49.27	 23.28	 23.82		Ophiophagus_hannah 35
																																				  0.00	 48.54	 43.74	 45.66	 51.72	 43.74	 43.86	 44.64	 45.98	 50.40	 52.13	 43.56	 42.39	 43.93	 47.59	 43.16	 45.86	 50.51	 50.71	 48.55	 50.48	 46.99	 45.81	 52.54	 49.70		Paroedura_picta 36
																																					  0.00	 39.58	 39.79	 51.95	 38.96	 38.82	 39.24	 35.99	 52.89	 51.30	 43.72	 39.79	 38.13	 40.21	 40.21	 40.62	 50.22	 50.22	 47.50	 44.58	 43.37	 40.72	 50.22	 49.13		Phrynocephalus_versicolor 37
																																						  0.00	 14.26	 48.68	 32.76	 32.75	 33.53	 39.16	 52.60	 48.07	 41.10	 23.12	 24.47	 29.48	 35.26	 37.38	 48.46	 47.87	 41.23	 39.50	 43.37	 32.94	 48.88	 46.86		Phrynosoma_blainvillii 38
																																							  0.00	 51.12	 33.33	 33.92	 33.92	 40.96	 51.40	 49.29	 41.72	 26.20	 27.17	 30.25	 39.31	 38.15	 50.72	 50.30	 42.77	 40.08	 44.58	 33.72	 49.70	 49.29		Phrynosoma_platyrhinos 39
																																								  0.00	 49.09	 49.08	 49.90	 52.33	 30.96	 17.85	 50.21	 51.12	 50.30	 49.49	 51.93	 49.29	 22.61	 26.28	 50.10	 49.70	 21.69	 51.75	 24.23	 11.36		Pituophis_catenifer 40
																																									  0.00	 31.97	 31.38	 38.35	 52.00	 49.29	 40.90	 30.64	 30.64	 32.56	 35.26	 36.22	 49.90	 50.10	 42.58	 40.27	 46.99	 33.92	 48.07	 47.67		Plestiodon_gilberti 41
																																										  0.00	  6.82	 41.26	 50.20	 48.67	 43.27	 30.60	 31.77	 38.01	 36.45	 40.94	 47.19	 49.49	 44.83	 43.27	 42.17	 21.44	 47.64	 47.02		Podarci_raffonei 42
																																											  0.00	 41.06	 50.61	 48.67	 42.24	 31.58	 31.58	 38.21	 36.84	 40.35	 48.65	 49.49	 44.25	 42.50	 43.37	 22.22	 48.05	 48.05		Podarcis_muralis 43
																																												  0.00	 53.44	 51.69	 42.09	 38.35	 38.15	 40.56	 39.56	 43.17	 51.07	 51.91	 46.39	 45.18	 40.96	 40.85	 51.69	 49.79		Pogona_vitticeps 44
																																													  0.00	 29.94	 50.21	 52.00	 51.60	 52.20	 50.80	 53.20	 28.66	 30.14	 51.00	 51.00	 15.66	 53.64	 29.53	 30.14		Protobothrops_mucrosquamatus 45
																																														  0.00	 50.21	 50.10	 51.32	 49.70	 50.91	 48.28	 21.99	 25.67	 51.32	 48.88	 21.69	 49.90	 24.64	 16.84		Ptyas_mucosa 46
																																															  0.00	 40.49	 40.49	 43.35	 40.49	 44.58	 49.36	 48.53	 46.83	 45.40	 44.58	 43.06	 49.58	 49.16		Salvator_merianae 47
																																																  0.00	 14.84	 31.41	 38.73	 36.03	 49.90	 48.28	 41.23	 38.54	 42.17	 35.28	 49.29	 47.67		Sceloporus_occidentalis 48
																																																	  0.00	 31.41	 39.11	 36.03	 50.31	 49.70	 40.46	 39.50	 43.37	 32.94	 48.48	 47.67		Sceloporus_tristichus 49
																																																		  0.00	 39.31	 37.96	 51.13	 52.54	 42.00	 39.88	 42.17	 37.62	 52.74	 49.70		Shinisaurus_crocodilurus 50
																																																			  0.00	 40.46	 47.43	 48.88	 45.86	 43.74	 42.17	 38.99	 49.09	 50.30		Sphaerodactylus_townsendi 51
																																																				  0.00	 49.08	 46.65	 45.28	 42.97	 46.99	 41.13	 49.29	 48.88		Sphenodon_punctatus 52
																																																					  0.00	 21.62	 51.95	 50.10	 14.46	 49.90	 21.83	 18.26		Thermophis_baileyi 53
																																																						  0.00	 54.56	 50.71	 13.25	 52.77	 22.92	 24.23		Tropidonophis_doriae 54
																																																							  0.00	 23.31	 43.37	 43.27	 50.91	 52.13		Varanus_komodoensis 55
																																																								  0.00	 45.78	 42.69	 50.91	 50.30		Varanus_salvator 56
																																																									  0.00	 46.99	 16.87	 22.89		Vipera_latastei 57
																																																										  0.00	 50.31	 51.54		Zootaca_vivipara 58
																																																											  0.00	 24.44		Thamnophis_elegans 59
																																																												  0.00		Pantherophis_guttatus 60
