Distance Matrix
---------------

Uncorrected for Multiple Substitutions
Using base positions 123 in the codon
Gap weighting is 0.000000

	    1	    2	    3	    4	    5	    6	    7	    8	    9	    10	    11	    12	    13	    14	    15	    16	    17	    18	    19	    20	    21	    22	    23	    24	    25	    26	    27	    28	    29	    30	    31	    32	    33	    34	    35	    36	    37	    38	    39	    40	    41	    42	    43	    44	    45	    46	    47	    48	    49	    50	    51	    52	    53	    54	    55	    56	    57	    58	    59	    60
	  0.00	 37.98	 38.54	 39.93	 25.45	 45.49	 47.92	 26.04	 25.40	 27.08	 29.30	 45.74	 22.34	 24.31	 42.01	 41.18	 38.19	 31.84	 24.21	 42.01	 44.44	 46.18	 42.01	 37.15	 24.31	 41.32	 40.97	 42.01	 29.17	 45.83	 38.19	 18.06	 32.99	 28.12	 26.04	 48.61	 50.35	 39.24	 38.19	 26.74	 43.06	 42.36	 44.10	 46.81	 22.57	 28.47	 47.22	 37.85	 37.85	 42.71	 39.93	 43.40	 28.12	 30.90	 46.88	 44.10	 33.33	 38.89	 27.96	 25.00		Python_bivittatus 1
		  0.00	 46.51	 47.29	 38.76	 40.70	 40.31	 37.60	 41.27	 40.31	 40.70	 51.19	 37.98	 39.92	 46.12	 40.23	 39.92	 39.92	 41.27	 39.53	 45.35	 42.64	 43.02	 39.53	 37.98	 41.86	 43.02	 42.64	 41.86	 45.74	 41.47	 37.60	 37.98	 42.25	 39.53	 45.74	 45.63	 41.47	 42.64	 40.31	 43.80	 42.64	 44.96	 46.03	 41.86	 40.31	 39.92	 37.60	 39.92	 39.53	 40.70	 44.96	 41.09	 40.31	 43.02	 38.37	 44.96	 44.57	 39.92	 42.25		Anilios_bituberculatus 2
			  0.00	 27.78	 41.94	 37.15	 37.85	 41.67	 40.48	 43.40	 43.59	 47.52	 42.86	 40.97	 35.76	 36.76	 30.90	 47.94	 40.48	 32.29	 37.50	 41.67	 35.07	 30.90	 40.97	 39.24	 36.81	 39.24	 42.36	 41.67	 34.38	 40.62	 43.75	 41.67	 43.06	 46.88	 45.39	 29.17	 31.25	 42.36	 34.03	 40.28	 41.67	 44.68	 40.97	 40.62	 38.89	 34.38	 32.99	 31.60	 41.67	 41.67	 43.75	 44.44	 42.01	 41.32	 48.26	 37.85	 44.80	 41.32		Anolis_carolinensis 3
				  0.00	 41.58	 42.71	 41.32	 43.06	 42.46	 44.10	 45.42	 46.81	 41.39	 43.75	 38.19	 35.29	 35.76	 43.45	 40.48	 39.24	 40.28	 43.40	 35.07	 33.68	 43.40	 42.36	 37.15	 39.24	 44.79	 40.62	 37.85	 44.10	 44.79	 46.53	 44.44	 46.88	 43.97	 28.12	 28.47	 42.01	 37.50	 38.19	 38.54	 49.29	 43.75	 42.71	 40.28	 36.11	 34.38	 38.19	 39.24	 45.14	 45.83	 46.88	 37.15	 37.50	 48.96	 38.54	 44.80	 40.97		Anolis_sagrei 4
					  0.00	 46.24	 45.88	 26.16	 20.63	 24.37	 22.71	 47.99	 28.57	 21.51	 44.80	 40.51	 39.43	 29.96	 18.65	 44.80	 45.16	 46.24	 43.37	 37.63	 19.00	 44.80	 44.44	 43.73	 22.94	 46.95	 42.65	 26.52	 24.01	 22.94	 20.79	 48.75	 47.62	 43.37	 42.29	 12.90	 43.37	 42.29	 44.09	 46.15	 24.73	 17.20	 43.37	 38.71	 38.35	 43.37	 46.24	 44.09	 20.43	 26.88	 45.88	 42.65	 33.33	 44.44	 18.64	 12.54		Arizona_elegans 5
						  0.00	 13.19	 48.61	 45.63	 50.00	 53.48	 47.87	 44.69	 44.79	 40.97	 44.12	 37.50	 50.56	 46.03	 35.42	 36.46	 42.71	 36.11	 36.46	 46.88	 41.32	 39.58	 40.28	 50.35	 42.01	 37.50	 44.79	 50.00	 50.00	 47.57	 46.53	 42.20	 40.97	 39.24	 47.92	 40.28	 42.36	 43.40	 41.84	 46.53	 48.96	 25.00	 39.58	 40.28	 40.28	 40.62	 42.01	 48.96	 50.00	 39.93	 41.67	 52.43	 38.89	 47.31	 49.65		Aspidocelis_tigris 6
							  0.00	 48.26	 44.84	 49.31	 51.28	 46.10	 43.59	 45.83	 38.54	 43.63	 40.28	 49.44	 46.03	 38.89	 36.11	 42.36	 35.76	 37.50	 46.88	 42.01	 40.97	 40.28	 48.26	 40.62	 33.33	 44.79	 48.96	 51.39	 47.92	 47.92	 41.49	 39.58	 40.62	 47.22	 38.89	 41.32	 42.36	 42.20	 47.22	 47.22	 27.43	 39.93	 40.28	 39.93	 41.67	 41.67	 49.65	 50.00	 39.58	 40.28	 53.12	 44.10	 46.24	 46.53		Aspidoscelis_marmoratus 7
								  0.00	 24.60	 17.71	 28.94	 52.13	 29.67	 20.83	 42.71	 42.65	 38.54	 28.84	 21.43	 42.71	 45.83	 46.53	 42.71	 39.24	 27.08	 45.83	 44.10	 43.40	 30.90	 44.10	 41.67	 28.12	 28.82	 28.82	 24.31	 51.39	 53.55	 40.97	 39.93	 26.39	 43.06	 45.14	 45.49	 49.29	 19.10	 26.74	 47.57	 38.54	 37.50	 48.26	 43.40	 47.57	 27.78	 28.47	 47.92	 42.71	 26.39	 44.44	 28.32	 26.04		Azemiops_feae 8
									  0.00	 28.17	 26.19	 47.97	 25.00	 24.21	 42.46	 41.67	 40.48	 29.76	 22.22	 43.25	 44.05	 44.84	 41.67	 38.89	 23.02	 46.43	 44.84	 44.84	 23.81	 44.44	 42.46	 25.00	 25.00	 24.60	 24.60	 50.00	 50.00	 40.48	 39.68	 21.43	 44.05	 44.84	 44.84	 46.75	 23.41	 17.46	 46.43	 41.27	 42.06	 46.03	 44.44	 44.05	 22.22	 23.41	 46.03	 44.84	 31.35	 43.65	 18.25	 21.03		Boaedon_fuliginosus 9
										  0.00	 26.74	 51.42	 28.57	 14.58	 44.10	 44.12	 42.01	 28.46	 22.22	 44.79	 47.92	 49.65	 44.79	 41.67	 25.00	 50.00	 48.96	 48.26	 28.47	 48.26	 44.79	 27.08	 30.21	 24.65	 24.31	 52.08	 52.48	 44.44	 42.71	 25.00	 45.49	 45.14	 49.31	 49.29	 15.97	 26.74	 46.53	 42.71	 42.36	 47.92	 45.14	 46.88	 27.08	 28.47	 47.22	 44.79	 24.31	 48.26	 24.73	 25.35		Bothrops_jararaca 10
											  0.00	 47.94	 30.40	 25.27	 45.05	 44.44	 43.59	 28.09	 25.40	 44.69	 45.79	 47.62	 45.05	 42.86	 22.71	 45.79	 45.42	 45.42	 24.54	 49.82	 44.32	 29.67	 30.04	 27.47	 21.98	 52.38	 50.19	 43.96	 44.69	 26.74	 44.69	 43.59	 45.42	 50.19	 27.47	 26.37	 48.35	 42.12	 42.12	 46.52	 48.72	 45.05	 27.84	 27.47	 49.82	 45.05	 34.80	 47.25	 24.54	 27.11		Bungarus_multicintus 11
												  0.00	 44.19	 49.65	 46.10	 52.53	 48.23	 49.81	 48.37	 47.52	 47.16	 50.00	 42.55	 46.45	 48.94	 49.65	 46.45	 47.87	 50.00	 47.87	 43.97	 47.52	 52.84	 51.06	 47.52	 52.13	 42.55	 47.52	 47.52	 50.00	 50.00	 46.10	 47.16	 37.59	 49.29	 50.71	 44.33	 45.04	 45.74	 44.68	 50.00	 51.77	 51.42	 52.13	 47.16	 49.65	 58.51	 45.39	 51.65	 50.00		Calotes_versicolor 12
													  0.00	 28.94	 39.19	 42.33	 42.12	 35.96	 28.17	 43.22	 44.32	 42.12	 43.22	 42.12	 28.21	 42.49	 41.76	 42.86	 32.97	 45.42	 39.56	 23.08	 32.97	 30.04	 28.21	 51.28	 49.81	 41.39	 40.66	 28.57	 42.86	 44.32	 45.79	 44.94	 28.57	 28.94	 43.59	 37.36	 38.46	 45.79	 42.12	 45.42	 30.40	 30.40	 48.35	 41.76	 37.73	 41.03	 29.67	 27.84		Charina_bottae 13
														  0.00	 43.06	 43.63	 38.54	 23.97	 20.63	 40.97	 45.49	 46.88	 44.79	 37.85	 24.65	 47.22	 45.83	 46.88	 25.69	 46.53	 42.01	 25.00	 27.08	 23.26	 21.18	 49.31	 51.77	 41.32	 40.97	 25.35	 41.67	 44.79	 47.57	 48.58	 14.24	 25.35	 47.22	 42.01	 42.01	 47.22	 43.40	 45.14	 23.96	 28.47	 47.22	 44.44	 24.31	 45.83	 22.94	 25.69		Crotalus_tigris 14
															  0.00	 39.22	 34.72	 49.44	 41.67	 35.42	 37.15	 39.93	 36.46	 32.64	 45.14	 37.50	 36.11	 37.85	 48.26	 35.76	 25.35	 43.75	 48.26	 45.49	 44.10	 43.40	 47.87	 33.33	 34.03	 44.79	 27.78	 38.54	 39.24	 47.52	 44.79	 46.18	 41.67	 31.60	 32.64	 37.15	 38.19	 42.71	 45.83	 45.49	 42.71	 41.67	 51.04	 38.19	 45.52	 45.49		Cryptoblepharus_egeriae 15
																  0.00	 22.06	 50.27	 43.45	 41.18	 39.71	 42.65	 38.24	 18.14	 45.59	 40.20	 38.73	 40.69	 47.55	 40.20	 39.71	 46.08	 45.59	 48.04	 45.10	 50.49	 48.99	 30.39	 32.84	 46.08	 34.80	 40.69	 41.18	 47.98	 45.59	 46.08	 42.16	 31.86	 33.33	 32.84	 41.18	 43.63	 47.06	 43.63	 42.16	 35.29	 52.45	 42.65	 46.67	 46.08		Ctenosaura_bakeri 16
																	  0.00	 41.57	 41.67	 32.99	 37.85	 40.28	 34.72	 19.10	 39.58	 36.81	 34.38	 35.76	 46.53	 38.54	 32.99	 43.06	 43.40	 41.32	 40.97	 45.14	 49.65	 27.08	 31.25	 42.71	 33.33	 34.38	 37.50	 43.62	 40.62	 42.01	 39.24	 29.51	 31.94	 34.03	 39.58	 39.24	 44.10	 43.40	 37.50	 39.24	 42.36	 36.46	 44.09	 42.01		Cyclura_pinguis 17
																		  0.00	 27.38	 43.82	 49.44	 46.44	 45.32	 40.82	 29.21	 49.44	 47.19	 46.44	 30.71	 49.44	 46.07	 31.09	 32.21	 30.34	 25.84	 52.43	 50.19	 44.19	 44.19	 30.71	 47.94	 48.31	 50.19	 54.02	 28.46	 30.71	 52.43	 44.19	 44.94	 50.56	 49.06	 46.44	 28.46	 32.21	 47.19	 44.19	 29.59	 47.57	 28.46	 30.71		Daboia_siamensis 18
																			  0.00	 41.67	 46.03	 44.05	 41.27	 40.48	 18.65	 47.62	 46.03	 46.83	 24.21	 43.65	 41.27	 26.98	 23.41	 19.84	 19.84	 51.59	 52.85	 42.86	 41.67	 16.27	 44.05	 46.83	 47.22	 51.22	 21.83	 19.05	 47.62	 42.86	 40.48	 42.86	 44.84	 44.44	 20.24	 24.60	 46.83	 44.84	 32.94	 45.24	 19.44	 15.87		Diadophis_punctatus 19
																				  0.00	 40.62	 41.67	 33.33	 31.25	 46.88	 40.62	 40.28	 38.89	 45.83	 37.50	 34.38	 41.32	 47.57	 44.44	 43.40	 46.18	 43.97	 31.94	 31.25	 41.67	 34.03	 38.89	 39.93	 42.20	 44.10	 45.49	 39.93	 32.29	 31.25	 32.29	 41.32	 42.71	 44.79	 48.61	 36.11	 33.68	 47.57	 37.50	 44.44	 43.75		Elgaria_multicarinata 20
																					  0.00	 42.36	 38.89	 36.81	 45.83	 41.67	 39.24	 38.89	 48.26	 40.97	 36.46	 48.61	 47.57	 47.57	 48.26	 45.49	 45.39	 38.19	 34.72	 48.61	 41.32	 41.32	 41.32	 46.45	 48.61	 46.53	 39.24	 36.11	 36.46	 41.67	 37.15	 43.40	 49.31	 47.22	 40.62	 41.67	 51.39	 39.24	 45.52	 48.96		Eublepharis_macularius 21
																						  0.00	 42.71	 38.54	 46.53	 45.49	 46.18	 46.88	 50.00	 29.51	 38.89	 43.75	 47.92	 47.57	 43.75	 43.40	 43.26	 40.28	 41.32	 44.10	 38.89	 44.10	 45.83	 48.58	 49.31	 47.22	 44.44	 39.58	 37.50	 41.67	 35.07	 43.06	 43.40	 45.49	 42.71	 43.06	 50.00	 45.14	 46.95	 44.44		Gekko_japonicus 22
																							  0.00	 33.33	 43.06	 39.58	 37.15	 37.15	 47.92	 39.24	 35.42	 43.40	 46.53	 47.57	 45.14	 46.53	 41.49	 32.64	 33.33	 44.10	 36.11	 37.85	 39.93	 43.62	 42.36	 45.14	 37.50	 34.72	 32.99	 36.46	 38.19	 41.67	 45.49	 45.83	 40.62	 38.19	 48.61	 37.85	 47.31	 43.75		Hemicordylus_capensis 23
																								  0.00	 41.67	 34.38	 31.94	 32.99	 44.10	 38.89	 30.56	 39.24	 46.88	 42.01	 40.62	 42.36	 43.26	 29.86	 27.78	 40.62	 31.94	 34.72	 38.19	 42.20	 40.62	 41.32	 37.50	 27.78	 28.47	 32.99	 36.11	 33.68	 44.10	 43.40	 35.07	 34.03	 44.10	 35.07	 42.65	 41.32		Iguana_delicatissima 24
																									  0.00	 44.79	 41.67	 42.71	 23.61	 45.83	 40.97	 26.04	 25.69	 21.88	 22.22	 51.04	 52.48	 42.71	 41.67	 21.18	 43.40	 42.01	 45.14	 46.45	 27.43	 22.57	 42.71	 40.97	 39.58	 46.18	 44.10	 47.92	 20.49	 26.39	 44.79	 43.75	 31.94	 42.71	 22.22	 21.18		Imantodes_cenchoa 25
																										  0.00	 14.93	 17.71	 47.22	 44.79	 34.72	 44.10	 51.04	 48.26	 47.57	 47.22	 45.74	 38.89	 39.24	 46.88	 38.54	 24.65	 23.61	 45.04	 46.53	 48.61	 43.06	 36.81	 36.11	 36.46	 42.71	 43.06	 48.96	 48.61	 41.67	 42.71	 52.43	 24.31	 48.39	 47.57		Lacerta_agilis 26
																											  0.00	  5.90	 47.22	 44.44	 34.72	 42.36	 47.92	 44.44	 47.22	 46.18	 43.62	 37.85	 37.50	 45.49	 37.85	 19.44	 21.53	 42.20	 45.49	 46.88	 38.19	 32.29	 34.03	 36.81	 41.32	 41.32	 47.22	 48.61	 41.32	 39.93	 50.35	 20.14	 46.59	 45.83		Lacerta_bilineata 27
																												  0.00	 47.22	 45.14	 37.50	 41.32	 48.26	 46.18	 47.22	 48.96	 43.97	 38.54	 38.54	 44.79	 38.89	 21.18	 23.26	 42.91	 45.49	 45.49	 39.24	 33.68	 34.03	 37.85	 44.10	 41.32	 48.96	 50.35	 42.71	 39.58	 50.00	 23.26	 47.67	 45.14		Lacerta_viridis 28
																													  0.00	 51.04	 45.83	 29.86	 29.17	 23.96	 20.83	 53.12	 52.48	 45.83	 42.71	 27.78	 46.88	 42.71	 44.44	 48.94	 28.12	 26.74	 48.61	 44.44	 43.40	 44.79	 47.22	 48.26	 25.00	 28.12	 51.04	 49.65	 32.99	 46.53	 24.01	 25.35		Laticauda_colubrina 29
																														  0.00	 36.11	 45.14	 46.53	 50.35	 46.18	 40.28	 44.68	 35.42	 39.93	 45.14	 37.50	 43.75	 44.44	 45.04	 46.53	 47.57	 42.36	 40.28	 36.81	 41.32	 35.07	 47.92	 47.57	 45.14	 37.50	 38.19	 50.00	 44.44	 46.95	 44.79		Lepidodactylus_listeri 30
																															  0.00	 40.28	 46.53	 45.14	 41.67	 43.06	 44.68	 32.99	 35.07	 44.44	 25.00	 35.07	 36.11	 45.04	 43.40	 43.40	 40.62	 30.56	 31.25	 35.42	 33.33	 42.36	 45.83	 46.18	 37.15	 39.58	 49.65	 36.46	 41.94	 43.06		Lerista_edwardsae 31
																																  0.00	 31.60	 29.51	 26.74	 48.61	 45.39	 42.01	 42.36	 26.04	 42.71	 41.67	 44.44	 47.16	 26.39	 28.82	 45.49	 38.19	 37.85	 46.18	 39.58	 42.71	 28.12	 31.25	 45.14	 43.40	 31.60	 42.71	 28.32	 26.04		Morelia_viridis 32
																																	  0.00	 28.82	 26.39	 51.74	 57.45	 43.06	 44.44	 23.61	 48.61	 45.14	 49.65	 50.00	 29.86	 24.65	 47.22	 42.71	 43.75	 48.61	 47.57	 51.39	 22.57	 29.51	 50.69	 45.14	 35.07	 49.65	 25.45	 25.69		Myanophis_thanlyinensis 33
																																		  0.00	 20.14	 54.86	 53.55	 43.75	 43.75	 23.61	 45.49	 45.83	 49.31	 48.94	 22.57	 24.31	 50.00	 43.06	 44.79	 45.49	 46.53	 48.61	 22.92	 24.65	 50.00	 48.96	 32.99	 44.44	 22.58	 24.65		Naja_naja 34
																																			  0.00	 52.43	 51.06	 42.36	 40.62	 20.83	 44.10	 44.79	 45.83	 49.65	 21.88	 22.57	 46.18	 41.67	 40.97	 46.53	 44.44	 45.83	 20.49	 25.69	 49.65	 46.88	 30.90	 46.18	 22.94	 22.22		Ophiophagus_hannah 35
																																				  0.00	 50.00	 47.92	 44.10	 51.04	 45.83	 42.36	 45.49	 47.87	 51.04	 53.47	 47.57	 44.79	 43.75	 49.31	 42.01	 49.65	 50.35	 55.56	 43.06	 47.22	 54.51	 45.14	 51.61	 52.08		Paroedura_picta 36
																																					  0.00	 48.94	 45.04	 51.77	 46.10	 41.13	 42.20	 38.65	 53.19	 53.19	 44.68	 44.33	 42.91	 42.55	 46.45	 49.29	 53.90	 52.13	 47.52	 48.94	 55.67	 45.39	 51.28	 52.13		Phrynocephalus_versicolor 37
																																						  0.00	 18.06	 43.40	 33.33	 38.89	 37.85	 42.91	 42.36	 40.97	 37.15	 26.39	 26.39	 33.68	 38.19	 39.93	 46.18	 43.75	 38.54	 35.42	 47.92	 36.46	 45.52	 42.01		Phrynosoma_blainvillii 38
																																							  0.00	 41.32	 32.64	 38.89	 38.54	 43.97	 43.06	 40.62	 35.76	 22.92	 26.04	 33.33	 37.85	 42.36	 44.44	 42.01	 38.89	 37.85	 45.49	 37.85	 41.58	 41.67		Phrynosoma_platyrhinos 39
																																								  0.00	 45.83	 43.40	 45.83	 47.52	 25.35	 15.62	 44.44	 41.32	 40.97	 45.14	 45.14	 46.53	 19.79	 27.08	 47.57	 42.71	 32.99	 45.49	 19.35	  8.33		Pituophis_catenifer 40
																																									  0.00	 38.89	 39.24	 51.06	 42.36	 44.44	 40.97	 31.94	 32.99	 34.03	 36.81	 42.01	 47.92	 46.18	 38.19	 38.89	 47.92	 38.19	 43.37	 44.10		Plestiodon_gilberti 41
																																										  0.00	 11.46	 42.91	 44.10	 42.36	 37.85	 34.03	 36.46	 32.99	 41.67	 41.32	 46.53	 50.00	 38.54	 39.24	 48.26	 25.69	 45.52	 43.40		Podarci_raffonei 42
																																											  0.00	 45.39	 45.83	 45.14	 37.50	 34.38	 37.15	 35.76	 45.14	 41.67	 50.35	 50.69	 40.62	 41.67	 51.74	 26.74	 48.03	 44.44		Podarcis_muralis 43
																																												  0.00	 50.35	 50.71	 41.13	 43.97	 45.04	 43.62	 48.23	 50.71	 47.87	 47.52	 49.29	 47.16	 55.32	 41.84	 48.35	 48.58		Pogona_vitticeps 44
																																													  0.00	 25.35	 48.61	 42.36	 43.06	 47.92	 45.49	 44.44	 24.31	 28.47	 48.96	 46.18	 28.82	 45.14	 22.94	 25.35		Protobothrops_mucrosquamatus 45
																																														  0.00	 45.83	 40.97	 42.36	 43.75	 45.14	 47.92	 24.31	 28.47	 48.26	 45.14	 34.03	 46.53	 20.07	 16.32		Ptyas_mucosa 46
																																															  0.00	 35.42	 37.85	 38.89	 44.44	 39.24	 47.22	 47.57	 40.62	 37.15	 52.43	 39.58	 44.80	 45.14		Salvator_merianae 47
																																																  0.00	 10.76	 31.94	 34.38	 40.62	 43.06	 42.36	 38.19	 35.76	 46.18	 36.81	 41.58	 40.28		Sceloporus_occidentalis 48
																																																	  0.00	 31.94	 33.68	 42.01	 43.40	 40.62	 37.50	 36.11	 46.18	 36.81	 42.65	 39.58		Sceloporus_tristichus 49
																																																		  0.00	 42.36	 41.32	 47.57	 47.92	 38.19	 37.15	 51.74	 37.50	 46.59	 44.79		Shinisaurus_crocodilurus 50
																																																			  0.00	 47.57	 47.57	 46.53	 37.85	 39.58	 49.31	 42.36	 46.59	 46.53		Sphaerodactylus_townsendi 51
																																																				  0.00	 46.88	 49.31	 45.83	 42.36	 51.39	 44.10	 46.59	 46.18		Sphenodon_punctatus 52
																																																					  0.00	 26.04	 53.12	 47.22	 32.29	 45.14	 17.56	 21.53		Thermophis_baileyi 53
																																																						  0.00	 51.04	 45.14	 34.03	 48.61	 26.52	 28.47		Tropidonophis_doriae 54
																																																							  0.00	 21.53	 49.65	 39.58	 48.03	 47.57		Varanus_komodoensis 55
																																																								  0.00	 49.31	 41.32	 45.16	 43.75		Varanus_salvator 56
																																																									  0.00	 49.65	 31.90	 33.33		Vipera_latastei 57
																																																										  0.00	 48.03	 47.22		Zootaca_vivipara 58
																																																											  0.00	 19.35		Thamnophis_elegans 59
																																																												  0.00		Pantherophis_guttatus 60
