Distance Matrix
---------------

Uncorrected for Multiple Substitutions
Using base positions 123 in the codon
Gap weighting is 0.000000

	    1	    2	    3	    4	    5	    6	    7	    8	    9	    10	    11	    12	    13	    14	    15	    16	    17	    18	    19	    20	    21	    22	    23	    24	    25	    26	    27	    28	    29	    30	    31	    32	    33	    34	    35	    36	    37	    38	    39	    40	    41	    42	    43	    44	    45	    46	    47	    48	    49	    50	    51	    52	    53	    54	    55	    56	    57	    58	    59	    60
	  0.00	 28.74	 31.55	 29.76	 20.43	 32.06	 31.67	 20.95	 22.09	 22.48	 23.75	 32.57	 18.26	 21.33	 30.40	 28.86	 29.76	 20.95	 21.58	 31.67	 31.55	 34.74	 29.25	 27.71	 19.67	 31.55	 32.05	 31.03	 24.52	 32.31	 31.29	 12.52	 21.71	 23.24	 20.82	 33.97	 34.36	 29.50	 29.76	 20.69	 30.27	 32.44	 32.82	 31.29	 20.43	 20.05	 31.29	 30.01	 29.37	 30.52	 32.18	 32.18	 22.09	 20.82	 33.33	 30.27	 34.36	 32.69	 21.07	 21.84		Python_bivittatus 1
		  0.00	 29.37	 28.48	 28.35	 31.55	 32.44	 29.50	 29.12	 29.37	 30.14	 32.44	 27.33	 27.59	 27.84	 28.10	 27.46	 28.99	 28.10	 28.35	 30.01	 28.99	 31.29	 25.93	 26.95	 30.65	 30.77	 29.89	 29.89	 30.01	 27.46	 29.25	 28.10	 29.63	 28.35	 31.42	 32.44	 26.56	 27.33	 28.86	 27.97	 29.50	 29.89	 31.16	 27.97	 27.20	 30.27	 27.33	 28.74	 29.63	 28.48	 32.69	 27.46	 27.59	 33.93	 30.52	 40.87	 30.52	 27.33	 28.74		Anilios_bituberculatus 2
			  0.00	 19.03	 31.67	 26.82	 26.05	 31.16	 32.44	 32.69	 32.57	 30.91	 32.44	 30.27	 22.35	 22.35	 22.73	 32.31	 30.78	 26.95	 26.56	 27.59	 23.12	 22.48	 31.03	 25.03	 25.77	 24.90	 31.55	 26.69	 22.22	 31.16	 31.67	 32.31	 30.27	 28.99	 31.93	 20.69	 19.54	 31.55	 21.58	 24.90	 24.65	 31.03	 29.89	 31.16	 23.50	 21.58	 21.33	 22.99	 29.37	 28.86	 31.55	 31.16	 27.94	 28.22	 42.40	 26.05	 31.55	 32.95		Anolis_carolinensis 3
				  0.00	 30.01	 24.39	 24.14	 30.52	 30.78	 30.78	 30.14	 31.80	 30.01	 30.91	 25.16	 22.73	 22.61	 29.76	 30.01	 24.14	 25.16	 27.97	 21.71	 23.50	 27.71	 24.27	 23.33	 22.86	 30.65	 27.46	 20.82	 30.52	 27.84	 30.27	 28.86	 28.61	 31.67	 18.26	 18.65	 30.65	 21.58	 22.99	 23.12	 33.97	 29.76	 28.61	 23.12	 20.31	 21.33	 24.90	 28.74	 25.80	 31.42	 30.14	 29.34	 28.22	 41.00	 23.75	 30.40	 31.29		Anolis_sagrei 4
					  0.00	 31.55	 31.03	 21.97	 20.69	 21.58	 21.97	 32.95	 22.22	 21.46	 30.78	 29.25	 28.74	 19.92	 18.39	 30.14	 28.61	 33.21	 29.37	 29.25	 17.50	 32.31	 31.79	 31.16	 23.75	 30.52	 28.99	 22.99	 20.69	 23.12	 20.31	 33.72	 33.59	 28.10	 29.12	 15.71	 29.37	 31.80	 31.42	 33.97	 21.84	 14.94	 29.50	 28.74	 29.12	 30.40	 33.08	 33.97	 20.43	 18.65	 33.13	 30.27	 33.72	 31.80	 18.65	 13.67		Arizona_elegans 5
						  0.00	  9.71	 31.03	 30.27	 32.44	 31.67	 32.82	 32.18	 30.27	 27.71	 24.52	 24.78	 30.78	 31.29	 25.54	 26.69	 28.61	 26.95	 26.18	 29.76	 26.18	 26.03	 26.31	 32.69	 27.71	 25.03	 31.16	 32.44	 32.06	 31.16	 31.03	 32.06	 24.65	 25.29	 32.18	 25.80	 25.93	 26.44	 32.31	 31.93	 30.91	 19.03	 26.05	 25.54	 25.80	 28.61	 28.48	 30.27	 30.52	 31.54	 27.20	 41.76	 28.48	 32.06	 33.08		Aspidocelis_tigris 6
							  0.00	 30.65	 31.93	 32.69	 32.95	 32.31	 33.84	 31.93	 27.20	 26.18	 25.42	 30.78	 30.40	 24.78	 25.54	 28.86	 27.46	 26.18	 30.01	 26.18	 27.05	 25.93	 32.57	 26.82	 26.18	 31.67	 31.67	 32.95	 32.18	 30.91	 33.59	 25.16	 25.16	 31.80	 26.05	 26.95	 26.95	 31.29	 31.67	 30.65	 18.26	 24.90	 25.42	 27.08	 28.22	 27.84	 32.06	 31.42	 32.73	 28.61	 41.76	 27.84	 33.08	 33.21		Aspidoscelis_marmoratus 7
								  0.00	 22.35	 16.09	 21.46	 34.99	 20.56	 16.86	 29.89	 30.14	 29.63	 19.67	 20.43	 32.44	 31.67	 30.78	 31.16	 28.99	 20.56	 32.18	 32.56	 30.65	 22.35	 32.57	 29.89	 20.69	 21.84	 22.48	 20.56	 33.72	 34.48	 29.50	 29.12	 20.31	 30.78	 30.40	 31.42	 34.48	 16.48	 18.65	 28.74	 29.50	 29.76	 32.69	 32.95	 33.97	 20.05	 19.16	 33.33	 30.52	 31.29	 29.89	 20.56	 20.31		Azemiops_feae 8
									  0.00	 21.07	 22.73	 34.36	 21.84	 22.22	 30.01	 30.78	 30.40	 21.58	 19.41	 32.57	 30.52	 33.08	 30.01	 28.74	 17.75	 31.42	 31.41	 30.78	 22.73	 30.52	 30.27	 22.73	 21.71	 21.33	 19.03	 33.59	 31.93	 27.33	 26.56	 19.67	 29.12	 30.65	 31.67	 34.10	 20.82	 18.65	 30.52	 27.71	 28.48	 31.67	 33.21	 31.42	 18.14	 19.16	 33.33	 30.78	 33.84	 30.91	 17.75	 18.26		Boaedon_fuliginosus 9
										  0.00	 21.97	 36.02	 21.71	 16.60	 30.40	 30.91	 29.76	 19.03	 21.20	 33.33	 32.57	 33.08	 30.78	 28.86	 20.18	 34.61	 33.46	 32.82	 22.09	 33.59	 29.12	 22.22	 19.92	 21.71	 19.16	 33.33	 34.10	 29.25	 30.52	 20.82	 30.52	 31.42	 31.67	 33.72	 14.30	 19.41	 31.03	 28.99	 28.99	 31.29	 32.31	 33.84	 20.43	 19.67	 33.33	 30.01	 31.80	 33.72	 21.20	 21.33		Bothrops_jararaca 10
											  0.00	 33.59	 24.27	 20.82	 29.76	 29.63	 29.50	 21.58	 20.69	 31.55	 30.91	 31.93	 29.63	 30.01	 20.05	 29.89	 30.13	 29.25	 21.33	 34.36	 30.40	 24.65	 22.09	 18.90	 18.39	 34.61	 34.48	 28.86	 29.37	 20.18	 31.16	 31.16	 30.01	 34.74	 21.97	 19.67	 30.65	 28.48	 29.76	 31.16	 34.87	 34.36	 20.69	 18.65	 33.13	 30.65	 35.12	 30.78	 21.46	 20.56		Bungarus_multicintus 11
												  0.00	 34.23	 33.59	 29.63	 31.29	 29.50	 34.87	 34.36	 31.55	 30.91	 32.69	 27.97	 28.86	 31.55	 32.06	 32.31	 31.55	 35.12	 32.44	 30.91	 33.33	 33.21	 34.36	 32.82	 33.08	 25.67	 28.61	 28.86	 34.10	 30.01	 32.57	 33.21	 26.18	 35.50	 34.48	 32.31	 29.12	 29.50	 31.93	 32.95	 31.29	 33.72	 32.31	 35.53	 32.06	 45.59	 32.18	 33.46	 33.72		Calotes_versicolor 12
													  0.00	 21.20	 29.76	 27.59	 29.89	 21.07	 20.43	 32.06	 31.67	 31.93	 30.14	 27.97	 19.54	 31.93	 31.28	 31.16	 23.88	 32.06	 30.78	 19.28	 20.69	 23.24	 20.56	 31.80	 33.59	 28.22	 29.76	 22.99	 30.65	 30.91	 30.40	 32.31	 20.56	 21.07	 30.91	 28.99	 30.27	 31.55	 30.78	 34.23	 20.05	 20.18	 34.73	 28.74	 35.25	 31.29	 20.82	 22.09		Charina_bottae 13
														  0.00	 30.14	 28.22	 29.89	 18.14	 20.43	 31.16	 31.16	 32.18	 28.99	 27.84	 20.43	 31.67	 31.54	 31.80	 21.07	 32.69	 28.61	 21.71	 21.97	 21.97	 20.05	 33.72	 33.59	 28.74	 30.14	 19.16	 28.74	 30.91	 32.06	 32.44	 15.20	 19.41	 28.74	 29.37	 29.50	 30.01	 31.03	 32.06	 19.80	 20.05	 35.53	 29.89	 32.18	 30.78	 20.56	 21.71		Crotalus_tigris 14
															  0.00	 22.35	 21.07	 32.44	 30.01	 25.54	 28.86	 25.42	 23.75	 20.56	 29.12	 26.69	 27.44	 26.05	 30.52	 25.67	 21.20	 30.40	 28.48	 28.86	 28.10	 28.10	 31.29	 21.07	 21.97	 29.89	 20.82	 24.90	 26.31	 32.18	 30.27	 30.65	 26.44	 19.41	 19.54	 24.14	 27.33	 27.08	 28.74	 28.86	 28.54	 25.54	 40.49	 28.35	 29.25	 30.65		Cryptoblepharus_egeriae 15
																  0.00	 14.81	 29.89	 27.08	 23.63	 25.29	 26.05	 21.71	 14.30	 29.37	 23.88	 23.97	 23.24	 30.01	 25.29	 20.69	 29.63	 27.59	 31.67	 28.61	 25.80	 28.48	 17.88	 19.67	 29.63	 22.09	 23.12	 23.50	 29.50	 29.25	 26.69	 23.24	 20.05	 20.69	 23.88	 27.08	 26.31	 28.74	 28.99	 27.94	 23.88	 42.15	 26.56	 27.71	 29.12		Ctenosaura_bakeri 16
																	  0.00	 29.63	 27.97	 23.12	 25.16	 27.08	 22.35	 15.20	 29.12	 25.80	 25.38	 25.03	 29.76	 27.71	 20.43	 30.01	 28.35	 30.91	 27.59	 27.71	 29.63	 19.67	 20.18	 30.40	 19.54	 22.86	 24.27	 29.50	 29.37	 28.86	 24.90	 19.80	 20.95	 24.14	 27.08	 26.44	 30.01	 29.25	 26.75	 23.63	 42.27	 26.56	 28.99	 29.50		Cyclura_pinguis 17
																		  0.00	 19.67	 31.67	 29.12	 30.52	 29.50	 28.99	 20.31	 31.67	 31.28	 31.55	 22.35	 31.42	 30.52	 21.07	 20.31	 23.88	 20.05	 34.87	 34.87	 28.10	 29.76	 20.95	 30.27	 31.80	 30.78	 32.69	 17.88	 18.26	 30.40	 29.76	 28.61	 30.01	 32.18	 33.72	 21.58	 19.67	 33.53	 30.78	 31.55	 30.65	 20.82	 20.18		Daboia_siamensis 18
																			  0.00	 30.65	 29.50	 32.69	 29.76	 26.82	 14.94	 31.03	 30.90	 29.37	 20.18	 30.14	 30.14	 22.99	 20.18	 21.71	 17.24	 31.93	 33.59	 28.22	 28.61	 18.52	 30.65	 31.67	 30.40	 33.08	 18.90	 15.84	 28.86	 27.97	 29.76	 31.93	 32.44	 33.72	 16.86	 19.41	 32.34	 28.61	 33.33	 30.91	 18.39	 17.37		Diadophis_punctatus 19
																				  0.00	 26.18	 28.35	 24.52	 22.99	 30.65	 26.31	 27.18	 26.82	 30.52	 29.12	 24.27	 33.21	 31.16	 33.72	 31.42	 30.27	 31.29	 23.24	 23.88	 30.78	 24.65	 24.90	 25.42	 30.01	 32.06	 29.12	 26.56	 24.65	 24.27	 23.37	 27.20	 27.84	 31.93	 30.27	 30.54	 25.54	 42.91	 24.52	 32.57	 30.52		Elgaria_multicarinata 20
																					  0.00	 26.44	 26.18	 26.44	 30.14	 27.08	 27.95	 25.29	 30.01	 26.18	 26.31	 31.29	 30.01	 31.93	 29.89	 28.99	 31.93	 24.39	 25.03	 31.03	 25.93	 26.31	 26.31	 31.29	 31.29	 28.35	 27.33	 25.54	 26.31	 28.10	 29.89	 30.40	 30.78	 29.12	 32.53	 29.37	 42.15	 25.03	 31.55	 30.40		Eublepharis_macularius 21
																						  0.00	 27.33	 25.80	 33.08	 28.86	 29.23	 27.33	 32.44	 21.33	 25.16	 31.93	 30.01	 34.10	 32.69	 29.50	 30.91	 25.16	 26.44	 32.95	 23.88	 28.48	 27.33	 31.16	 31.55	 30.65	 27.59	 24.65	 25.29	 28.74	 27.08	 30.78	 30.78	 31.67	 29.94	 27.97	 43.93	 28.10	 32.69	 31.55		Gekko_japonicus 22
																							  0.00	 21.20	 29.37	 24.27	 23.72	 22.86	 30.40	 27.08	 22.48	 30.52	 30.27	 30.01	 28.10	 27.71	 28.35	 20.05	 21.84	 30.27	 22.22	 22.86	 22.22	 30.65	 30.27	 28.61	 26.44	 21.46	 22.61	 21.71	 27.71	 27.71	 30.65	 27.59	 28.54	 26.56	 41.38	 23.50	 31.16	 30.01		Hemicordylus_capensis 23
																								  0.00	 27.97	 26.82	 25.51	 25.29	 29.76	 25.67	 20.18	 28.61	 26.95	 30.65	 26.69	 26.69	 29.12	 19.41	 19.80	 28.61	 21.20	 24.14	 23.75	 30.01	 27.33	 26.82	 24.90	 19.03	 19.67	 22.35	 26.31	 28.10	 28.86	 28.22	 26.15	 22.86	 41.76	 26.56	 27.97	 28.61		Iguana_delicatissima 24
																									  0.00	 31.03	 30.64	 30.27	 18.39	 34.61	 28.22	 21.97	 19.16	 19.67	 17.50	 34.87	 31.55	 27.71	 28.99	 18.39	 30.78	 29.37	 29.37	 31.29	 19.67	 16.73	 28.22	 26.44	 27.08	 31.42	 31.93	 32.31	 16.35	 18.77	 33.93	 30.52	 32.31	 30.78	 14.94	 17.24		Imantodes_cenchoa 25
																										  0.00	 10.77	 12.39	 29.76	 27.59	 24.90	 31.55	 31.29	 30.01	 29.12	 31.80	 30.40	 21.97	 23.50	 30.01	 23.75	 20.69	 19.92	 30.91	 33.33	 29.50	 26.31	 25.03	 26.05	 24.78	 30.40	 29.50	 32.95	 31.29	 30.94	 28.99	 43.81	 18.14	 31.55	 31.55		Lacerta_agilis 26
																											  0.00	  6.54	 30.38	 26.79	 24.10	 31.41	 29.74	 30.64	 30.64	 32.05	 31.28	 21.92	 24.49	 30.26	 24.23	 20.64	 18.97	 29.87	 31.92	 30.00	 28.08	 24.23	 25.26	 25.13	 29.10	 29.74	 32.95	 30.26	 30.34	 28.21	 42.82	 18.33	 31.03	 31.41		Lacerta_bilineata 27
																												  0.00	 30.27	 26.56	 24.01	 31.29	 28.61	 29.25	 29.89	 31.03	 30.40	 21.33	 23.50	 30.40	 23.75	 18.77	 18.26	 29.37	 31.29	 29.76	 27.33	 23.37	 25.29	 24.90	 28.48	 28.10	 32.18	 30.01	 30.14	 28.35	 41.38	 17.88	 30.65	 30.14		Lacerta_viridis 28
																													  0.00	 33.97	 30.78	 23.63	 23.37	 19.54	 17.24	 34.23	 31.67	 27.59	 28.35	 20.82	 32.06	 30.91	 31.03	 33.59	 22.73	 19.80	 30.40	 28.61	 28.35	 31.42	 33.46	 32.18	 20.18	 21.33	 33.33	 31.55	 34.48	 31.55	 21.07	 19.80		Laticauda_colubrina 29
																														  0.00	 27.71	 31.93	 30.91	 33.33	 32.82	 28.48	 31.67	 25.29	 25.16	 31.42	 27.33	 29.89	 27.97	 30.78	 32.69	 29.63	 27.20	 25.67	 26.31	 26.82	 26.18	 29.76	 31.42	 30.91	 28.94	 27.59	 43.04	 28.22	 33.21	 30.91		Lepidodactylus_listeri 30
																															  0.00	 29.12	 27.84	 31.29	 29.12	 26.56	 29.50	 19.80	 20.43	 29.63	 19.03	 23.37	 22.99	 28.86	 29.50	 28.10	 23.37	 20.31	 20.43	 22.73	 25.29	 28.10	 30.52	 27.46	 27.15	 25.29	 42.78	 24.65	 28.48	 28.74		Lerista_edwardsae 31
																																  0.00	 21.84	 23.24	 20.95	 33.08	 33.33	 29.63	 28.61	 21.97	 30.91	 31.67	 32.18	 33.21	 21.71	 20.31	 31.93	 29.37	 28.86	 31.16	 33.46	 32.06	 19.80	 21.20	 33.53	 30.27	 35.12	 33.46	 22.73	 22.22		Morelia_viridis 32
																																	  0.00	 22.73	 21.46	 32.57	 34.61	 26.18	 28.48	 18.90	 29.25	 30.27	 30.52	 30.78	 20.69	 18.52	 30.65	 26.69	 27.84	 29.37	 32.18	 33.46	 20.31	 20.43	 33.13	 29.76	 33.59	 30.40	 19.67	 19.16		Myanophis_thanlyinensis 33
																																		  0.00	 16.60	 32.95	 31.93	 28.99	 28.48	 22.22	 31.42	 31.67	 30.91	 34.10	 21.46	 22.99	 31.03	 28.48	 29.25	 31.67	 32.57	 32.95	 21.20	 19.92	 31.54	 30.40	 34.10	 32.44	 20.05	 22.73		Naja_naja 34
																																			  0.00	 32.57	 31.80	 27.71	 28.22	 19.16	 30.65	 29.25	 29.50	 33.33	 19.67	 18.01	 28.61	 26.31	 27.46	 30.52	 31.42	 31.42	 17.50	 18.26	 31.94	 29.25	 32.57	 31.93	 18.14	 19.03		Ophiophagus_hannah 35
																																				  0.00	 33.08	 27.20	 28.22	 33.97	 27.71	 28.35	 28.61	 33.84	 33.33	 33.59	 30.27	 27.59	 26.31	 30.65	 28.48	 32.18	 31.67	 31.55	 31.34	 30.14	 45.08	 32.69	 32.18	 32.95		Paroedura_picta 36
																																					  0.00	 29.89	 29.25	 33.46	 30.01	 30.65	 29.63	 26.31	 34.48	 32.57	 32.69	 27.59	 29.12	 31.80	 34.61	 32.57	 31.42	 32.06	 35.53	 31.93	 43.93	 30.52	 31.93	 31.55		Phrynocephalus_versicolor 37
																																						  0.00	 10.98	 27.84	 19.67	 20.69	 20.43	 30.14	 29.63	 25.93	 24.39	 16.73	 15.84	 21.97	 27.59	 24.78	 28.74	 28.10	 28.54	 25.80	 41.38	 20.82	 26.69	 27.84		Phrynosoma_blainvillii 38
																																							  0.00	 27.97	 21.71	 21.71	 21.71	 29.89	 29.89	 26.56	 24.90	 17.24	 16.73	 22.86	 27.20	 23.63	 29.50	 29.63	 27.35	 25.03	 40.36	 22.61	 27.46	 28.10		Phrynosoma_platyrhinos 39
																																								  0.00	 30.65	 32.69	 32.31	 31.80	 20.43	 13.92	 29.89	 28.61	 28.35	 29.50	 32.82	 33.84	 18.90	 17.88	 35.13	 31.42	 35.63	 30.14	 18.26	 10.47		Pituophis_catenifer 40
																																									  0.00	 22.73	 22.48	 30.27	 29.76	 28.74	 25.80	 19.80	 20.69	 24.01	 26.05	 26.44	 32.06	 28.48	 28.34	 26.56	 43.04	 24.01	 30.52	 29.76		Plestiodon_gilberti 41
																																										  0.00	  9.20	 30.65	 32.18	 29.89	 26.56	 21.58	 22.09	 26.31	 28.48	 27.33	 31.67	 30.91	 30.54	 27.20	 41.25	 19.54	 32.06	 31.55		Podarci_raffonei 42
																																											  0.00	 31.29	 32.57	 28.35	 26.69	 21.20	 22.61	 26.05	 28.86	 27.71	 32.18	 30.91	 31.34	 27.08	 43.30	 19.28	 31.16	 31.55		Podarcis_muralis 43
																																												  0.00	 33.84	 31.42	 31.42	 29.50	 29.25	 31.93	 33.08	 32.57	 33.84	 31.80	 34.53	 30.65	 45.34	 30.78	 30.78	 32.31		Pogona_vitticeps 44
																																													  0.00	 19.80	 29.89	 28.99	 29.63	 31.03	 31.03	 34.10	 19.80	 18.65	 35.73	 29.76	 30.14	 30.65	 21.46	 20.82		Protobothrops_mucrosquamatus 45
																																														  0.00	 27.20	 27.59	 27.97	 29.63	 32.82	 32.44	 17.50	 18.39	 34.73	 29.89	 32.95	 29.12	 18.52	 12.90		Ptyas_mucosa 46
																																															  0.00	 25.42	 25.80	 25.16	 28.35	 28.61	 30.52	 29.89	 30.34	 26.56	 41.63	 27.33	 28.61	 29.37		Salvator_merianae 47
																																																  0.00	  9.58	 22.61	 25.93	 25.54	 27.84	 28.10	 29.14	 25.54	 40.36	 24.39	 27.97	 28.61		Sceloporus_occidentalis 48
																																																	  0.00	 22.73	 26.95	 25.80	 28.22	 27.33	 28.74	 25.67	 41.12	 24.90	 27.08	 28.48		Sceloporus_tristichus 49
																																																		  0.00	 26.95	 28.74	 32.95	 29.25	 29.34	 25.93	 43.04	 26.18	 31.29	 31.29		Shinisaurus_crocodilurus 50
																																																			  0.00	 30.01	 32.31	 30.91	 29.74	 27.97	 42.91	 31.16	 32.18	 32.18		Sphaerodactylus_townsendi 51
																																																				  0.00	 33.97	 32.69	 33.53	 29.76	 43.68	 30.52	 32.57	 33.46		Sphenodon_punctatus 52
																																																					  0.00	 17.88	 32.73	 29.76	 34.23	 32.69	 18.77	 18.65		Thermophis_baileyi 53
																																																						  0.00	 33.93	 29.63	 33.97	 31.42	 19.16	 17.88		Tropidonophis_doriae 54
																																																							  0.00	 17.37	 42.12	 32.73	 31.14	 34.33		Varanus_komodoensis 55
																																																								  0.00	 41.51	 28.86	 30.01	 30.78		Varanus_salvator 56
																																																									  0.00	 42.02	 33.84	 34.36		Vipera_latastei 57
																																																										  0.00	 32.57	 31.55		Zootaca_vivipara 58
																																																											  0.00	 17.50		Thamnophis_elegans 59
																																																												  0.00		Pantherophis_guttatus 60
