Distance Matrix
---------------

Uncorrected for Multiple Substitutions
Using base positions 123 in the codon
Gap weighting is 0.000000

	    1	    2	    3	    4	    5	    6	    7	    8	    9	    10	    11	    12	    13	    14	    15	    16	    17	    18	    19	    20	    21	    22	    23	    24	    25	    26	    27	    28	    29	    30	    31	    32	    33	    34	    35	    36	    37	    38	    39	    40	    41	    42	    43	    44	    45	    46	    47	    48	    49	    50	    51	    52	    53	    54	    55	    56	    57	    58	    59	    60
	  0.00	 46.22	 64.58	 64.72	 22.42	 64.11	 64.45	 20.03	 23.11	 23.10	 23.32	 66.22	 17.63	 22.89	 65.49	 66.34	 63.56	 22.96	 22.72	 64.72	 66.08	 66.18	 64.32	 63.01	 21.93	 64.72	 65.31	 68.57	 24.71	 64.91	 63.00	 12.56	 23.25	 22.08	 21.35	 65.74	 68.42	 62.83	 63.70	 22.81	 72.02	 67.20	 67.20	 65.01	 21.78	 21.05	 64.11	 63.70	 64.26	 65.74	 63.70	 63.16	 20.32	 22.42	 62.83	 64.14	 28.95	 67.40	 69.30	 21.57		Python_bivittatus 1
		  0.00	 53.78	 54.81	 47.68	 54.95	 54.67	 48.15	 46.81	 47.56	 46.79	 59.26	 45.63	 46.67	 54.96	 65.03	 55.56	 46.22	 47.98	 56.35	 54.67	 54.37	 54.96	 54.52	 45.63	 54.81	 54.67	 65.93	 47.56	 52.59	 52.30	 46.64	 48.44	 45.48	 46.96	 54.37	 55.85	 54.67	 55.70	 48.15	 70.81	 54.07	 54.37	 58.22	 46.67	 46.96	 54.05	 54.67	 54.50	 55.11	 54.37	 54.52	 47.41	 46.79	 54.96	 55.41	 50.96	 55.85	 70.35	 46.96		Anilios_bituberculatus 2
			  0.00	 19.65	 63.83	 27.78	 28.91	 65.35	 65.63	 65.20	 65.62	 34.22	 64.89	 64.92	 22.17	 63.07	 20.23	 64.74	 63.83	 25.86	 25.44	 26.06	 24.23	 20.32	 63.45	 23.29	 23.87	 62.87	 64.04	 24.12	 21.73	 65.02	 66.37	 64.47	 64.47	 33.92	 32.60	 20.67	 21.98	 64.77	 71.50	 23.14	 22.56	 34.64	 64.91	 63.74	 27.18	 22.13	 20.42	 21.69	 24.16	 30.41	 65.20	 63.68	 27.43	 26.20	 69.44	 23.98	 70.35	 62.74		Anolis_carolinensis 3
				  0.00	 62.78	 28.23	 29.50	 64.18	 61.78	 64.47	 64.28	 34.96	 63.85	 63.19	 19.82	 63.07	 23.00	 62.67	 62.78	 24.81	 25.73	 26.78	 23.79	 23.54	 62.43	 23.73	 25.33	 63.45	 63.89	 26.75	 20.70	 62.63	 63.30	 62.28	 62.87	 32.90	 34.06	 20.96	 21.21	 63.01	 71.50	 23.81	 24.02	 34.93	 62.57	 63.45	 25.08	 20.82	 20.42	 25.47	 27.99	 29.09	 64.18	 62.48	 27.14	 29.11	 68.71	 23.68	 68.25	 62.77		Anolis_sagrei 4
					  0.00	 66.22	 66.52	 21.52	 24.22	 21.82	 20.63	 67.71	 23.47	 21.38	 64.13	 67.97	 63.83	 22.12	 19.28	 65.17	 64.28	 67.56	 66.07	 63.53	 18.68	 65.17	 65.02	 64.13	 21.23	 64.57	 62.78	 22.27	 20.78	 21.08	 19.43	 65.47	 65.77	 64.42	 64.87	 12.71	 75.13	 66.22	 66.52	 65.47	 22.87	 12.26	 64.71	 64.72	 63.96	 66.82	 63.83	 65.92	 18.09	 19.88	 64.87	 66.97	 27.06	 65.02	 69.12	 12.26		Arizona_elegans 5
						  0.00	  8.11	 63.96	 63.96	 64.56	 64.71	 38.29	 65.32	 64.71	 28.83	 65.69	 28.98	 64.41	 64.11	 27.93	 29.73	 30.18	 29.73	 28.53	 63.96	 29.13	 29.13	 65.02	 65.02	 32.43	 28.83	 64.11	 65.32	 64.11	 64.41	 35.29	 34.68	 28.68	 28.38	 65.92	 73.06	 29.88	 30.48	 36.04	 62.01	 64.26	 18.77	 28.98	 28.53	 27.33	 31.98	 30.78	 65.77	 62.61	 30.48	 31.53	 69.82	 27.93	 69.12	 64.86		Aspidocelis_tigris 6
							  0.00	 64.31	 64.44	 64.01	 64.57	 38.64	 65.48	 65.63	 29.35	 66.01	 29.94	 64.15	 63.98	 28.55	 30.53	 31.27	 30.97	 29.65	 63.42	 29.79	 29.20	 64.60	 65.63	 32.30	 29.20	 65.02	 65.19	 63.86	 65.04	 35.25	 35.25	 30.09	 29.65	 66.22	 71.33	 30.09	 29.94	 37.02	 64.01	 65.19	 19.07	 29.65	 28.08	 28.91	 33.04	 31.56	 66.96	 62.63	 33.04	 31.56	 69.17	 29.79	 69.65	 65.93		Aspidoscelis_marmoratus 7
								  0.00	 21.63	 15.79	 21.97	 66.08	 22.96	 18.13	 65.05	 67.16	 62.72	 18.67	 22.42	 63.38	 62.87	 65.20	 64.32	 62.72	 20.47	 64.33	 64.47	 66.52	 23.25	 63.74	 64.17	 20.18	 19.74	 21.20	 20.03	 66.37	 67.40	 63.16	 62.57	 20.47	 74.27	 66.81	 66.52	 66.67	 15.20	 19.74	 63.96	 62.87	 62.46	 65.94	 65.06	 62.87	 20.91	 20.48	 64.75	 65.94	 23.39	 64.47	 69.65	 20.91		Azemiops_feae 8
									  0.00	 22.96	 23.17	 64.89	 23.41	 25.63	 65.19	 66.18	 64.44	 21.93	 20.63	 63.23	 65.19	 66.52	 64.15	 64.15	 20.89	 64.30	 65.04	 66.67	 23.56	 64.74	 61.78	 21.67	 21.93	 21.93	 20.74	 65.93	 65.63	 63.56	 64.74	 21.04	 72.19	 66.81	 65.78	 64.30	 22.81	 21.04	 62.31	 65.19	 63.66	 65.04	 63.85	 63.41	 22.96	 21.52	 64.15	 63.85	 28.89	 65.78	 68.60	 20.89		Boaedon_fuliginosus 9
										  0.00	 22.42	 64.60	 24.30	 15.06	 65.05	 67.48	 62.87	 18.67	 19.73	 63.98	 64.33	 65.20	 64.90	 61.55	 21.20	 64.77	 64.62	 67.25	 25.15	 64.18	 62.56	 22.57	 21.20	 21.64	 19.44	 66.52	 64.33	 62.43	 63.16	 20.47	 71.85	 66.23	 66.08	 64.91	 13.74	 20.47	 64.86	 62.28	 62.91	 65.64	 63.89	 62.43	 20.32	 20.78	 64.60	 64.47	 22.66	 65.35	 68.95	 21.78		Bothrops_jararaca 10
											  0.00	 67.41	 24.96	 24.66	 65.17	 68.30	 65.92	 22.72	 21.67	 65.92	 65.47	 67.41	 64.13	 66.52	 20.78	 65.17	 65.17	 65.77	 17.49	 64.28	 64.42	 23.77	 22.57	 17.79	 16.29	 64.87	 65.32	 64.57	 64.87	 19.43	 72.54	 67.41	 66.82	 65.17	 22.12	 19.13	 63.81	 64.57	 64.71	 66.07	 66.22	 65.32	 22.42	 19.73	 64.87	 65.47	 28.25	 65.47	 69.12	 20.93		Bungarus_multicintus 11
												  0.00	 66.07	 64.60	 34.22	 66.18	 33.78	 64.00	 63.68	 33.18	 37.17	 38.05	 36.43	 32.30	 64.16	 35.69	 37.17	 66.22	 66.22	 37.17	 34.81	 66.07	 64.45	 64.31	 65.78	 40.86	 27.58	 36.28	 34.51	 66.08	 71.85	 36.58	 37.17	 29.79	 63.57	 65.49	 36.04	 34.81	 33.93	 34.22	 36.43	 34.51	 66.08	 63.68	 35.99	 33.63	 68.73	 37.76	 70.88	 64.90		Calotes_versicolor 12
													  0.00	 23.56	 64.59	 65.85	 65.33	 24.44	 19.88	 65.92	 65.93	 65.78	 65.04	 63.85	 20.44	 64.59	 65.04	 65.63	 25.19	 64.30	 63.41	 17.34	 23.26	 21.93	 21.19	 64.59	 66.22	 63.85	 63.85	 22.96	 72.71	 66.96	 66.67	 65.48	 23.26	 21.63	 64.11	 65.04	 64.71	 67.70	 64.15	 65.04	 21.48	 22.27	 66.96	 66.52	 29.19	 65.78	 68.77	 20.30		Charina_bottae 13
														  0.00	 62.70	 66.67	 62.88	 21.04	 21.67	 62.93	 64.62	 65.21	 65.35	 62.28	 21.05	 63.46	 65.36	 66.67	 24.12	 63.74	 62.41	 21.67	 22.22	 21.64	 21.93	 65.36	 66.67	 64.05	 64.35	 20.61	 74.27	 64.20	 64.92	 65.94	 16.08	 21.93	 65.32	 61.14	 62.31	 66.08	 65.36	 63.74	 19.30	 21.97	 64.75	 66.52	 25.29	 64.47	 68.60	 21.45		Crotalus_tigris 14
															  0.00	 62.09	 19.09	 64.30	 63.98	 24.51	 25.11	 25.11	 21.73	 18.36	 65.20	 21.44	 20.85	 61.97	 65.64	 23.64	 17.18	 65.17	 64.46	 62.85	 64.90	 28.93	 33.04	 21.59	 21.44	 65.05	 71.16	 21.88	 22.76	 32.60	 63.14	 63.73	 26.43	 19.24	 18.92	 22.17	 23.49	 26.73	 64.17	 64.28	 27.88	 27.31	 68.72	 22.47	 67.89	 62.70		Cryptoblepharus_egeriae 15
																  0.00	 62.58	 68.14	 67.48	 63.24	 64.71	 64.38	 63.56	 63.24	 66.34	 63.24	 64.87	 64.87	 66.83	 63.24	 63.89	 66.50	 67.81	 66.18	 66.67	 67.16	 67.16	 63.89	 63.40	 67.65	 70.64	 63.07	 63.56	 65.36	 66.67	 66.67	 65.69	 63.07	 62.75	 61.93	 62.91	 66.01	 67.32	 66.67	 66.18	 66.67	 70.92	 64.22	 69.82	 67.32		Ctenosaura_bakeri 16
																	  0.00	 62.67	 63.83	 23.47	 23.83	 25.62	 23.94	 15.20	 64.18	 24.02	 23.73	 61.84	 64.18	 24.27	 19.38	 64.13	 64.77	 63.30	 64.33	 32.46	 34.36	 21.40	 20.09	 64.91	 71.68	 23.29	 23.00	 32.31	 62.57	 64.18	 27.18	 18.78	 16.97	 22.56	 23.14	 28.07	 65.06	 62.78	 25.66	 25.91	 67.84	 23.39	 68.60	 63.76		Cyclura_pinguis 17
																		  0.00	 19.73	 62.63	 64.00	 65.19	 64.00	 61.48	 20.15	 63.11	 64.00	 67.11	 23.70	 64.00	 63.11	 22.57	 20.59	 24.00	 22.07	 65.04	 65.33	 60.59	 60.59	 21.78	 73.40	 63.26	 64.00	 64.15	 19.56	 20.74	 64.71	 62.52	 61.86	 64.30	 64.44	 62.67	 22.96	 20.63	 65.04	 66.07	 20.30	 63.70	 70.53	 20.74		Daboia_siamensis 18
																			  0.00	 64.57	 63.23	 66.07	 63.53	 62.78	 15.10	 64.28	 64.72	 65.47	 21.67	 63.83	 61.29	 21.82	 18.54	 20.33	 18.98	 65.32	 63.23	 62.03	 62.48	 17.64	 71.85	 65.92	 65.62	 63.53	 20.03	 17.49	 64.41	 62.78	 63.21	 63.83	 63.83	 64.87	 15.10	 19.28	 65.02	 63.68	 27.20	 64.13	 69.12	 17.49		Diadophis_punctatus 19
																				  0.00	 27.35	 28.10	 24.66	 22.42	 64.13	 27.35	 25.71	 62.63	 64.28	 26.46	 23.62	 65.32	 64.42	 63.23	 65.47	 33.78	 33.93	 25.26	 24.66	 64.28	 70.47	 27.06	 26.16	 32.88	 63.68	 64.13	 28.53	 25.71	 22.82	 22.72	 26.76	 25.26	 65.17	 64.42	 29.30	 27.95	 67.56	 27.20	 68.77	 63.53		Elgaria_multicarinata 20
																					  0.00	 26.61	 24.82	 25.58	 63.89	 24.27	 25.58	 62.13	 64.18	 25.00	 21.88	 64.42	 64.18	 62.87	 64.62	 32.46	 34.36	 24.42	 25.00	 64.04	 72.19	 25.44	 24.12	 36.26	 63.16	 63.74	 28.98	 24.42	 24.17	 26.46	 28.22	 30.85	 66.08	 63.38	 28.91	 28.65	 69.88	 25.44	 68.07	 64.47		Eublepharis_macularius 21
																						  0.00	 25.99	 24.71	 64.91	 27.07	 27.80	 64.18	 66.37	 20.76	 25.55	 65.32	 65.20	 65.64	 66.08	 34.06	 37.28	 27.80	 27.37	 67.40	 70.47	 28.09	 28.09	 37.85	 65.06	 67.11	 32.28	 26.64	 25.53	 27.07	 26.20	 30.85	 66.96	 64.72	 31.27	 30.42	 70.32	 27.34	 73.33	 66.96		Gekko_japonicus 22
																							  0.00	 23.20	 63.88	 22.32	 22.76	 62.41	 64.61	 26.14	 22.03	 64.87	 65.49	 62.70	 62.70	 30.40	 33.04	 22.61	 23.79	 65.64	 71.33	 24.08	 23.79	 33.63	 63.44	 64.02	 26.88	 23.05	 23.87	 23.64	 24.67	 27.75	 64.90	 64.13	 26.40	 27.31	 69.90	 25.70	 69.82	 64.90		Hemicordylus_capensis 23
																								  0.00	 63.89	 24.12	 22.51	 62.43	 64.62	 23.54	 18.65	 62.63	 64.62	 63.30	 63.74	 33.92	 33.04	 19.44	 20.18	 64.33	 70.12	 23.10	 23.83	 32.16	 61.99	 64.04	 26.73	 20.91	 17.57	 22.95	 22.22	 28.36	 64.62	 62.18	 25.96	 25.73	 66.08	 23.25	 68.77	 63.01		Iguana_delicatissima 24
																									  0.00	 63.16	 64.47	 63.89	 20.91	 64.91	 64.32	 22.12	 21.05	 19.74	 19.01	 64.18	 64.47	 62.43	 63.01	 17.54	 73.06	 65.20	 64.91	 64.33	 20.61	 16.23	 63.36	 63.01	 63.21	 64.62	 63.01	 63.89	 16.81	 17.64	 64.16	 63.60	 25.73	 63.60	 69.65	 16.52		Imantodes_cenchoa 25
																										  0.00	 12.23	 61.11	 63.74	 25.58	 22.32	 63.23	 64.18	 63.01	 63.89	 33.92	 33.04	 23.29	 24.31	 65.50	 70.81	 15.57	 17.32	 36.54	 62.43	 62.57	 28.23	 24.60	 22.37	 24.60	 27.80	 29.09	 65.79	 63.98	 27.73	 28.38	 68.86	 18.86	 67.89	 62.59		Lacerta_agilis 26
																											  0.00	 60.82	 64.33	 25.58	 22.03	 65.32	 64.33	 62.57	 64.18	 33.77	 35.53	 23.58	 24.75	 65.79	 71.16	 16.89	 17.47	 35.37	 62.87	 63.60	 27.03	 24.75	 21.77	 24.31	 25.62	 29.39	 66.67	 65.17	 29.50	 29.11	 68.71	 19.59	 68.07	 64.34		Lacerta_bilineata 27
																												  0.00	 64.77	 64.47	 61.23	 65.47	 64.62	 65.64	 65.35	 64.77	 63.89	 62.87	 63.16	 64.47	 74.27	 60.96	 61.99	 64.04	 66.23	 65.20	 64.26	 64.62	 63.66	 60.53	 61.11	 64.33	 65.06	 65.32	 65.34	 64.77	 70.47	 61.40	 67.89	 65.06		Lacerta_viridis 28
																													  0.00	 63.60	 63.44	 23.32	 22.66	 19.59	 18.13	 65.50	 65.64	 62.72	 64.47	 19.59	 73.75	 66.08	 65.50	 65.64	 22.66	 20.61	 63.21	 64.04	 64.26	 67.11	 63.45	 65.50	 22.95	 18.68	 64.01	 65.06	 29.53	 64.18	 67.72	 19.59		Laticauda_colubrina 29
																														  0.00	 20.85	 63.53	 64.62	 62.87	 63.45	 29.97	 36.70	 25.73	 25.73	 63.74	 71.50	 25.15	 24.27	 34.94	 63.60	 62.87	 28.83	 25.00	 23.27	 25.58	 25.00	 30.26	 64.77	 62.33	 28.32	 28.36	 69.59	 26.75	 68.07	 64.33		Lepidodactylus_listeri 30
																															  0.00	 62.78	 64.61	 63.14	 63.73	 32.01	 32.89	 20.12	 21.88	 62.41	 70.64	 21.44	 20.12	 33.33	 61.97	 61.53	 25.68	 20.26	 19.37	 22.61	 24.82	 28.49	 64.61	 62.78	 27.29	 26.14	 68.72	 23.35	 67.19	 61.82		Lerista_edwardsae 31
																																  0.00	 21.23	 23.32	 20.78	 64.57	 67.26	 62.63	 62.48	 20.93	 71.33	 66.52	 66.22	 64.72	 19.58	 22.42	 64.26	 64.57	 64.11	 66.37	 64.28	 64.28	 20.63	 20.63	 63.98	 65.32	 27.20	 66.07	 67.54	 21.23		Morelia_viridis 32
																																	  0.00	 20.61	 20.76	 67.25	 64.77	 64.47	 65.06	 21.35	 72.71	 66.37	 66.37	 64.33	 20.47	 20.91	 63.96	 63.60	 64.86	 65.94	 64.47	 62.28	 20.03	 19.88	 66.37	 65.06	 27.92	 65.50	 67.72	 20.61		Myanophis_thanlyinensis 33
																																		  0.00	 15.20	 64.33	 64.62	 63.89	 63.60	 20.18	 73.06	 66.23	 65.79	 64.18	 19.15	 19.01	 61.86	 61.99	 63.66	 64.47	 63.30	 62.57	 19.59	 16.59	 64.16	 63.89	 27.78	 63.74	 69.30	 19.88		Naja_naja 34
																																			  0.00	 65.94	 65.06	 63.45	 64.62	 17.25	 74.27	 67.11	 65.79	 63.30	 19.30	 18.71	 63.66	 63.16	 63.36	 65.64	 63.30	 63.74	 19.30	 15.84	 64.90	 65.64	 26.90	 64.91	 69.65	 18.42		Ophiophagus_hannah 35
																																				  0.00	 39.33	 33.33	 33.19	 65.06	 70.29	 33.33	 33.62	 38.86	 64.62	 63.89	 32.88	 32.17	 31.83	 32.46	 33.62	 36.70	 65.94	 63.68	 36.28	 35.81	 69.88	 34.36	 69.65	 65.36		Paroedura_picta 36
																																					  0.00	 33.63	 34.21	 65.35	 70.64	 36.70	 36.11	 27.63	 66.23	 64.18	 34.08	 34.65	 33.33	 34.94	 35.09	 34.80	 66.52	 64.42	 37.32	 36.26	 68.27	 34.80	 71.05	 63.89		Phrynocephalus_versicolor 37
																																						  0.00	 13.25	 63.45	 72.71	 25.04	 24.16	 35.52	 63.60	 63.30	 27.93	 17.47	 17.12	 24.31	 25.91	 28.22	 65.35	 62.78	 27.14	 28.82	 67.25	 24.85	 70.70	 63.03		Phrynosoma_blainvillii 38
																																							  0.00	 64.47	 72.19	 23.38	 24.89	 34.35	 63.45	 63.89	 29.13	 17.32	 15.47	 24.45	 26.26	 29.97	 66.23	 62.63	 27.29	 29.55	 67.25	 23.68	 71.05	 64.21		Phrynosoma_platyrhinos 39
																																								  0.00	 73.58	 67.84	 66.96	 66.08	 21.64	 12.57	 64.41	 64.47	 63.51	 67.25	 65.50	 64.47	 20.03	 17.94	 65.78	 65.35	 26.61	 65.94	 68.95	 11.55		Pituophis_catenifer 40
																																									  0.00	 70.64	 72.71	 70.64	 73.06	 73.40	 70.98	 70.47	 71.33	 71.68	 72.54	 72.88	 73.58	 72.37	 72.02	 70.81	 76.17	 73.23	 70.70	 73.40		Plestiodon_gilberti 41
																																										  0.00	  9.46	 36.24	 63.74	 65.35	 26.88	 22.85	 22.97	 23.87	 27.42	 29.82	 66.67	 66.97	 29.79	 29.40	 69.44	 17.25	 68.25	 65.51		Podarci_raffonei 42
																																											  0.00	 36.83	 64.91	 64.33	 27.33	 22.56	 22.52	 23.73	 28.24	 29.53	 67.69	 66.52	 28.76	 28.53	 69.59	 17.69	 68.42	 65.94		Podarcis_muralis 43
																																												  0.00	 64.04	 63.74	 36.19	 34.35	 32.43	 33.19	 35.81	 35.53	 65.94	 63.68	 35.84	 34.50	 67.11	 37.57	 65.61	 64.19		Pogona_vitticeps 44
																																													  0.00	 20.91	 62.91	 62.13	 63.06	 64.62	 63.60	 63.30	 20.03	 18.83	 63.86	 64.62	 22.66	 62.57	 68.42	 21.64		Protobothrops_mucrosquamatus 45
																																														  0.00	 63.21	 63.45	 63.81	 65.35	 65.50	 64.62	 17.54	 19.73	 64.16	 64.47	 25.58	 64.62	 67.37	 10.23		Ptyas_mucosa 46
																																															  0.00	 28.38	 27.93	 28.08	 28.08	 28.83	 64.86	 62.16	 31.53	 30.18	 69.22	 28.38	 69.47	 63.81		Salvator_merianae 47
																																																  0.00	 11.26	 23.73	 25.33	 29.68	 64.77	 62.78	 27.88	 28.68	 68.71	 22.95	 70.53	 63.76		Sceloporus_occidentalis 48
																																																	  0.00	 22.22	 23.42	 27.78	 65.47	 62.76	 27.78	 26.58	 67.12	 24.02	 69.82	 63.51		Sceloporus_tristichus 49
																																																		  0.00	 24.75	 28.65	 65.79	 65.62	 26.84	 27.07	 69.44	 24.71	 68.60	 65.50		Shinisaurus_crocodilurus 50
																																																			  0.00	 30.26	 64.18	 61.43	 29.20	 27.80	 68.86	 28.07	 67.72	 65.22		Sphaerodactylus_townsendi 51
																																																				  0.00	 66.67	 63.38	 29.94	 31.73	 67.25	 30.56	 69.30	 64.33		Sphenodon_punctatus 52
																																																					  0.00	 19.43	 65.63	 65.20	 27.34	 66.37	 67.19	 18.13		Thermophis_baileyi 53
																																																						  0.00	 63.68	 63.38	 27.20	 63.83	 69.65	 19.13		Tropidonophis_doriae 54
																																																							  0.00	 15.78	 70.06	 27.29	 70.00	 64.75		Varanus_komodoensis 55
																																																								  0.00	 70.47	 30.26	 69.47	 65.50		Varanus_salvator 56
																																																									  0.00	 68.13	 73.33	 26.46		Vipera_latastei 57
																																																										  0.00	 69.30	 64.47		Zootaca_vivipara 58
																																																											  0.00	 67.89		Thamnophis_elegans 59
																																																												  0.00		Pantherophis_guttatus 60
