Distance Matrix
---------------

Uncorrected for Multiple Substitutions
Using base positions 123 in the codon
Gap weighting is 0.000000

	    1	    2	    3	    4	    5	    6	    7	    8	    9	    10	    11	    12	    13	    14	    15	    16	    17	    18	    19	    20	    21	    22	    23	    24	    25	    26	    27	    28	    29	    30	    31	    32	    33	    34	    35	    36	    37	    38	    39	    40	    41	    42	    43	    44	    45	    46	    47	    48	    49	    50	    51	    52	    53	    54	    55	    56	    57	    58	    59	    60
	  0.00	 35.50	 73.25	 72.26	 71.25	 69.39	 70.83	 23.90	 67.80	 25.34	 72.59	 69.03	 70.37	 25.22	 72.71	 70.29	 68.76	 67.33	 71.62	 70.20	 72.53	 72.08	 72.62	 70.02	 66.58	 72.08	 72.62	 71.81	 27.94	 71.63	 71.99	 69.90	 24.60	 25.58	 23.34	 73.16	 68.94	 71.72	 71.01	 23.07	 71.36	 72.38	 71.81	 70.29	 25.25	 23.25	 69.21	 72.08	 72.44	 71.72	 71.54	 74.33	 23.97	 70.27	 71.18	 70.74	 25.37	 72.98	 69.23	 23.88		Python_bivittatus 1
		  0.00	 73.89	 72.27	 72.11	 70.28	 72.36	 37.58	 68.18	 36.95	 71.57	 68.93	 72.96	 38.21	 71.73	 71.54	 71.27	 68.08	 70.86	 70.46	 72.18	 71.27	 72.54	 71.45	 70.01	 72.81	 73.26	 72.27	 40.11	 73.62	 73.62	 70.86	 35.95	 37.13	 35.59	 71.82	 71.73	 72.45	 73.08	 38.03	 73.17	 72.06	 73.62	 71.82	 37.49	 37.85	 69.38	 72.81	 71.91	 70.64	 70.46	 72.72	 38.03	 72.02	 70.64	 70.73	 35.58	 73.26	 70.86	 37.13		Anilios_bituberculatus 2
			  0.00	 22.16	 71.16	 71.66	 70.71	 72.42	 72.14	 71.88	 72.31	 70.68	 70.83	 72.76	 69.22	 24.78	 25.51	 71.58	 72.19	 70.11	 28.84	 28.23	 68.69	 23.92	 74.44	 67.55	 68.25	 68.43	 72.96	 28.04	 68.69	 69.33	 72.13	 74.10	 73.30	 69.66	 68.95	 23.48	 22.34	 72.04	 70.36	 70.12	 68.34	 38.03	 73.23	 71.51	 71.21	 24.45	 24.60	 70.65	 28.50	 69.22	 72.22	 73.13	 68.17	 69.14	 73.97	 68.07	 70.16	 71.59		Anolis_carolinensis 3
				  0.00	 69.72	 69.61	 70.10	 73.14	 70.73	 72.87	 73.70	 73.35	 70.56	 72.49	 69.57	 24.25	 23.92	 69.12	 71.05	 67.46	 27.16	 28.32	 69.58	 22.69	 74.44	 69.57	 68.87	 69.04	 73.50	 25.49	 70.01	 68.76	 70.97	 71.77	 71.86	 69.05	 69.31	 21.81	 22.43	 71.42	 71.06	 68.28	 67.37	 35.46	 72.60	 71.24	 70.14	 21.90	 22.75	 69.85	 29.29	 68.87	 70.88	 73.22	 69.41	 69.94	 72.85	 67.90	 68.53	 71.24		Anolis_sagrei 4
					  0.00	 70.87	 71.16	 70.39	 67.43	 72.21	 70.49	 70.58	 71.25	 71.54	 70.49	 68.86	 68.39	 68.86	 20.53	 71.25	 69.63	 71.54	 71.06	 69.44	 72.40	 69.53	 71.25	 71.63	 70.49	 70.58	 70.39	 23.78	 70.58	 69.72	 69.05	 72.02	 70.20	 69.05	 69.05	 70.49	 71.82	 70.66	 70.20	 70.30	 72.87	 70.68	 72.87	 69.44	 68.10	 68.77	 69.05	 71.16	 71.25	 70.01	 70.96	 71.44	 71.92	 69.63	 21.45	 71.06		Arizona_elegans 5
						  0.00	 68.45	 70.53	 73.84	 70.53	 71.11	 68.54	 68.43	 71.24	 68.09	 70.32	 69.43	 72.33	 70.29	 69.79	 70.77	 72.28	 67.91	 69.34	 68.20	 66.93	 66.84	 67.38	 69.90	 70.32	 67.20	 70.10	 69.44	 69.80	 70.16	 70.59	 69.16	 69.70	 71.57	 70.52	 68.98	 67.31	 66.67	 70.94	 70.44	 70.07	 21.93	 71.03	 70.68	 70.14	 70.14	 68.09	 69.98	 70.18	 70.94	 71.66	 70.69	 68.36	 69.00	 70.43		Aspidocelis_tigris 6
							  0.00	 72.06	 71.10	 72.51	 72.13	 70.59	 70.09	 72.67	 29.55	 69.66	 70.36	 71.48	 70.10	 70.56	 68.52	 68.60	 31.04	 70.54	 69.65	 31.93	 30.96	 30.70	 72.06	 69.58	 28.32	 71.05	 71.59	 72.04	 72.76	 72.31	 70.60	 69.04	 68.51	 72.67	 29.82	 29.02	 32.19	 68.62	 73.41	 72.40	 68.72	 69.31	 68.61	 70.47	 69.22	 33.07	 72.49	 71.84	 70.66	 70.38	 73.60	 30.26	 69.93	 71.51		Aspidoscelis_marmoratus 7
								  0.00	 68.65	 17.70	 71.02	 68.28	 70.65	 18.69	 72.69	 70.89	 70.26	 68.93	 68.95	 71.52	 72.24	 74.12	 74.75	 71.70	 69.02	 72.78	 74.12	 73.67	 26.50	 72.69	 73.41	 69.05	 25.88	 24.44	 23.27	 74.03	 69.90	 71.70	 73.23	 22.28	 71.88	 73.68	 73.67	 71.43	 17.07	 22.64	 70.89	 72.60	 72.96	 70.53	 72.69	 73.67	 23.09	 70.91	 72.96	 71.79	 21.63	 73.41	 69.93	 23.00		Azemiops_feae 8
									  0.00	 70.07	 69.78	 71.86	 73.18	 70.25	 70.92	 70.16	 70.07	 23.80	 68.67	 74.03	 70.35	 70.82	 71.58	 70.35	 69.22	 72.71	 72.24	 72.71	 69.69	 70.82	 72.52	 68.19	 68.18	 68.56	 68.18	 74.22	 69.31	 70.25	 71.01	 69.22	 74.41	 71.31	 72.14	 69.59	 70.07	 68.27	 74.41	 71.10	 70.73	 74.32	 71.01	 71.95	 68.27	 68.93	 73.94	 73.09	 70.44	 71.48	 70.16	 68.74		Boaedon_fuliginosus 9
										  0.00	 71.85	 66.49	 71.85	 17.61	 72.78	 69.72	 69.72	 70.16	 72.29	 71.43	 72.15	 71.70	 74.57	 71.43	 69.74	 72.42	 74.21	 73.85	 26.24	 72.33	 71.88	 70.48	 25.88	 25.34	 22.55	 74.21	 69.81	 72.51	 72.60	 22.55	 72.24	 73.25	 74.21	 71.97	 18.60	 22.91	 70.35	 72.96	 72.51	 71.88	 71.70	 75.11	 24.08	 71.56	 71.52	 71.43	 20.51	 75.65	 71.79	 22.46		Bothrops_jararaca 10
											  0.00	 69.35	 70.56	 72.22	 72.96	 72.50	 72.41	 70.54	 70.48	 71.30	 73.61	 73.06	 71.39	 72.13	 70.83	 72.22	 72.41	 72.59	 70.83	 72.59	 72.59	 70.67	 70.46	 71.48	 71.94	 72.41	 71.11	 72.41	 72.04	 71.20	 72.69	 71.41	 72.59	 72.59	 72.41	 70.46	 73.89	 70.65	 72.78	 72.41	 74.35	 71.85	 70.83	 24.44	 72.87	 72.59	 70.60	 71.48	 65.03	 70.93		Bungarus_multicintus 11
												  0.00	 73.06	 68.64	 71.12	 71.39	 71.21	 71.86	 69.43	 69.25	 70.68	 70.86	 70.77	 71.12	 72.45	 71.66	 71.12	 71.30	 68.73	 72.64	 71.12	 69.52	 68.64	 69.27	 68.73	 69.07	 69.96	 71.84	 72.55	 68.19	 71.12	 70.98	 70.50	 71.30	 67.48	 68.01	 68.18	 72.46	 71.75	 69.07	 70.68	 70.50	 68.64	 69.62	 68.54	 67.91	 69.38	 71.48	 69.93	 67.92		Calotes_versicolor 12
													  0.00	 71.57	 70.28	 68.61	 71.39	 72.05	 69.81	 69.72	 71.76	 70.65	 72.31	 69.17	 67.96	 72.50	 71.30	 71.30	 73.61	 70.65	 68.80	 69.52	 70.74	 71.76	 71.11	 68.24	 69.17	 71.30	 70.74	 71.85	 70.19	 69.80	 72.13	 71.76	 70.37	 71.67	 69.44	 71.39	 70.93	 67.78	 69.17	 71.85	 71.11	 69.07	 68.15	 68.61	 73.41	 73.33	 71.10	 70.93		Charina_bottae 13
														  0.00	 72.22	 71.33	 70.43	 69.78	 72.00	 70.88	 72.85	 72.22	 74.46	 70.61	 69.83	 72.40	 72.58	 72.67	 27.49	 72.67	 74.46	 69.71	 26.16	 25.45	 22.67	 75.00	 70.25	 72.40	 72.31	 23.75	 72.85	 73.03	 73.12	 71.24	 19.68	 23.12	 70.52	 71.86	 72.49	 72.49	 71.15	 74.01	 22.13	 72.21	 71.59	 71.86	 22.57	 73.75	 70.86	 23.84		Crotalus_tigris 14
															  0.00	 67.20	 68.51	 72.80	 69.43	 70.65	 69.75	 66.49	 24.34	 67.99	 68.74	 26.47	 25.68	 26.47	 73.58	 68.87	 19.88	 69.81	 72.40	 74.37	 73.57	 72.66	 71.77	 67.11	 67.63	 74.28	 22.25	 24.06	 26.47	 67.55	 72.78	 74.37	 68.09	 68.43	 67.46	 69.67	 67.11	 29.02	 73.30	 73.22	 70.83	 70.29	 73.41	 27.62	 67.83	 74.10		Cryptoblepharus_egeriae 15
																  0.00	 17.90	 68.18	 69.52	 65.25	 29.28	 24.87	 68.17	 14.29	 73.26	 69.40	 68.17	 68.78	 73.76	 26.01	 67.46	 67.81	 70.88	 72.40	 71.06	 66.84	 67.37	 22.40	 23.72	 71.51	 68.17	 68.82	 69.84	 34.22	 71.43	 71.42	 69.96	 19.66	 19.84	 67.90	 24.96	 69.22	 70.25	 71.93	 65.87	 66.58	 72.66	 69.40	 65.03	 70.79		Ctenosaura_bakeri 16
																	  0.00	 68.27	 68.48	 64.63	 28.48	 25.77	 68.52	 15.83	 72.54	 68.43	 68.43	 68.34	 72.15	 25.84	 68.07	 68.29	 70.97	 71.51	 71.06	 67.11	 67.90	 23.66	 23.83	 70.34	 69.39	 69.47	 69.13	 34.31	 71.07	 70.07	 69.96	 22.87	 22.84	 69.41	 26.39	 68.87	 68.55	 72.48	 68.71	 67.11	 71.07	 69.39	 67.60	 70.07		Cyclura_pinguis 17
																		  0.00	 68.86	 73.56	 68.56	 71.39	 72.62	 68.65	 71.20	 72.80	 72.52	 72.43	 69.59	 69.88	 73.18	 68.57	 69.03	 69.88	 68.74	 74.60	 71.01	 69.22	 71.29	 69.03	 73.37	 72.28	 72.71	 69.50	 69.41	 69.69	 73.65	 69.88	 69.12	 74.41	 69.59	 73.37	 67.80	 69.31	 73.47	 72.52	 70.63	 71.58	 72.49	 68.93		Daboia_siamensis 18
																			  0.00	 68.67	 69.52	 72.48	 70.38	 69.81	 71.33	 69.14	 70.38	 70.00	 70.19	 70.19	 70.00	 23.33	 69.62	 70.86	 70.29	 70.38	 70.76	 70.86	 71.05	 71.33	 69.90	 70.12	 71.52	 72.38	 70.38	 71.43	 71.52	 69.43	 68.76	 68.48	 69.52	 69.90	 70.67	 71.24	 69.90	 69.90	 70.10	 70.76	 18.18	 70.38		Diadophis_punctatus 19
																				  0.00	 66.93	 67.55	 70.20	 66.22	 72.54	 70.38	 70.20	 70.11	 71.97	 68.35	 69.32	 68.00	 70.79	 72.85	 71.24	 31.30	 70.11	 68.61	 67.90	 72.31	 70.47	 69.26	 70.03	 67.46	 70.44	 72.31	 68.81	 67.20	 67.11	 30.15	 67.64	 69.14	 70.79	 71.56	 32.54	 31.48	 70.69	 70.65	 67.13	 71.06		Elgaria_multicarinata 20
																					  0.00	 28.84	 68.43	 28.40	 75.07	 69.31	 69.49	 69.31	 73.32	 29.81	 68.96	 70.10	 73.21	 74.10	 73.66	 66.49	 68.69	 29.28	 28.48	 71.42	 70.99	 68.82	 68.96	 40.16	 72.42	 71.51	 71.57	 30.16	 30.69	 68.52	 31.13	 67.81	 72.94	 74.52	 68.97	 67.90	 72.85	 68.61	 67.60	 71.33		Eublepharis_macularius 21
																						  0.00	 67.55	 24.54	 72.72	 70.89	 70.45	 70.54	 74.03	 24.16	 67.37	 71.24	 72.49	 73.66	 73.39	 68.69	 70.18	 28.06	 28.23	 72.04	 70.01	 69.47	 70.71	 36.97	 72.87	 73.03	 70.94	 27.97	 27.16	 71.35	 27.44	 68.16	 72.85	 72.11	 68.26	 68.70	 73.22	 69.48	 70.86	 71.95		Gekko_japonicus 22
																							  0.00	 67.72	 69.47	 27.43	 27.25	 26.37	 73.94	 69.40	 24.51	 69.33	 74.10	 73.57	 74.82	 70.72	 70.19	 67.64	 66.93	 74.28	 26.90	 27.29	 28.31	 67.20	 75.02	 73.48	 67.91	 67.90	 68.78	 69.58	 66.40	 29.45	 74.19	 71.38	 70.48	 69.76	 75.84	 27.07	 67.83	 73.48		Hemicordylus_capensis 23
																								  0.00	 74.53	 68.87	 68.69	 68.60	 73.41	 23.81	 67.11	 68.57	 70.61	 73.21	 71.33	 67.28	 67.90	 21.90	 22.69	 72.13	 69.48	 68.93	 68.95	 35.02	 72.24	 71.51	 69.96	 21.11	 21.25	 68.79	 25.33	 68.95	 70.70	 71.38	 67.64	 66.67	 73.13	 67.99	 65.03	 71.59		Iguana_delicatissima 24
																									  0.00	 72.18	 71.18	 70.73	 68.38	 73.17	 68.47	 71.33	 68.29	 67.48	 68.65	 73.62	 69.02	 73.26	 74.07	 69.38	 71.27	 70.87	 71.00	 71.36	 68.74	 67.75	 68.74	 73.35	 73.98	 73.89	 73.89	 71.73	 67.93	 71.01	 72.27	 72.45	 70.97	 70.91	 70.86	 67.93		Imantodes_cenchoa 25
																										  0.00	 13.95	 14.74	 71.97	 70.90	 25.07	 69.90	 74.55	 73.12	 73.12	 71.43	 70.96	 67.11	 66.40	 72.85	 25.79	 19.53	 18.95	 68.97	 73.58	 74.10	 66.58	 68.78	 69.40	 70.11	 69.57	 29.82	 73.12	 72.58	 68.88	 70.38	 74.16	 20.18	 69.23	 73.39		Lacerta_agilis 26
																											  0.00	  6.49	 72.51	 71.60	 24.54	 70.76	 73.30	 73.39	 72.94	 71.25	 70.61	 66.14	 66.31	 73.48	 25.09	 19.42	 19.74	 68.09	 73.05	 74.37	 67.91	 68.07	 68.08	 70.82	 69.92	 29.82	 73.03	 72.58	 70.74	 70.38	 73.69	 19.82	 68.53	 73.30		Lacerta_bilineata 27
																												  0.00	 72.15	 70.81	 24.63	 70.67	 72.85	 72.85	 72.22	 71.60	 71.23	 66.84	 66.31	 72.13	 25.53	 19.09	 20.61	 68.88	 72.60	 73.03	 67.29	 68.78	 68.08	 71.00	 69.22	 30.53	 73.57	 72.48	 70.57	 70.73	 74.06	 21.05	 69.46	 72.76		Lacerta_viridis 28
																													  0.00	 73.14	 72.87	 69.71	 25.97	 22.82	 22.01	 73.50	 70.53	 71.70	 73.67	 24.08	 72.51	 72.49	 71.34	 72.06	 27.67	 23.63	 71.25	 73.50	 72.78	 71.88	 74.03	 73.14	 24.89	 71.75	 73.41	 73.23	 26.40	 72.15	 70.16	 25.16		Laticauda_colubrina 29
																														  0.00	 68.87	 68.57	 72.85	 72.58	 72.85	 69.58	 68.87	 26.28	 27.43	 72.22	 70.02	 71.20	 70.55	 36.44	 71.52	 71.95	 70.77	 25.40	 25.93	 70.56	 26.01	 68.43	 72.67	 72.39	 68.17	 67.82	 72.38	 70.19	 69.23	 72.67		Lepidodactylus_listeri 30
																															  0.00	 70.19	 73.84	 74.01	 73.66	 70.55	 69.66	 68.25	 68.25	 73.84	 21.28	 23.30	 25.15	 67.73	 73.50	 72.76	 66.76	 69.31	 68.52	 69.94	 67.37	 28.67	 73.57	 71.19	 70.74	 69.85	 74.44	 27.18	 66.67	 73.39		Lerista_edwardsae 31
																																  0.00	 69.71	 70.00	 68.67	 71.43	 70.57	 68.86	 68.67	 69.90	 72.00	 69.36	 71.05	 70.48	 70.67	 69.05	 70.76	 68.57	 67.33	 68.67	 67.24	 70.38	 69.71	 70.86	 69.62	 69.05	 71.24	 71.52	 20.05	 69.33		Morelia_viridis 32
																																	  0.00	 24.46	 20.97	 73.84	 70.97	 71.33	 72.49	 24.01	 71.59	 72.60	 73.66	 71.59	 25.25	 23.03	 69.80	 71.77	 72.13	 71.77	 71.95	 74.19	 22.04	 70.45	 72.13	 72.49	 25.37	 74.73	 70.40	 24.28		Myanophis_thanlyinensis 33
																																		  0.00	 17.20	 74.10	 70.79	 71.68	 73.21	 24.55	 72.04	 73.25	 74.01	 71.42	 24.89	 22.85	 69.44	 72.31	 71.42	 72.13	 72.67	 73.03	 24.19	 71.47	 72.67	 72.31	 24.91	 73.57	 70.63	 24.55		Naja_naja 34
																																			  0.00	 74.64	 70.70	 71.15	 72.22	 21.33	 72.40	 72.82	 72.76	 71.68	 21.47	 19.80	 70.25	 72.40	 71.77	 71.51	 72.58	 74.19	 20.43	 71.19	 72.22	 71.68	 22.57	 73.48	 71.56	 20.70		Ophiophagus_hannah 35
																																				  0.00	 69.22	 68.52	 69.66	 75.09	 70.02	 71.20	 71.60	 68.26	 75.20	 73.39	 70.68	 68.08	 68.61	 29.71	 70.28	 70.46	 74.55	 71.84	 31.56	 32.10	 73.88	 72.31	 70.86	 74.55		Paroedura_picta 36
																																					  0.00	 68.51	 67.19	 70.61	 71.67	 72.17	 71.75	 68.62	 69.99	 70.61	 71.66	 68.07	 67.81	 69.32	 68.60	 70.70	 69.80	 72.30	 68.62	 69.76	 70.97	 71.49	 68.30	 70.43		Phrynocephalus_versicolor 37
																																						  0.00	 13.90	 69.62	 68.25	 67.53	 66.31	 34.66	 72.69	 69.80	 70.05	 19.96	 18.87	 69.76	 27.70	 67.72	 71.33	 70.73	 69.06	 69.76	 72.75	 67.55	 67.83	 69.53		Phrynosoma_blainvillii 38
																																							  0.00	 71.68	 67.46	 67.10	 65.44	 36.97	 73.05	 70.61	 70.41	 19.96	 22.31	 70.38	 28.94	 68.07	 72.40	 70.82	 70.30	 69.94	 73.60	 67.19	 67.13	 70.70		Phrynosoma_platyrhinos 39
																																								  0.00	 72.49	 72.60	 71.86	 71.15	 22.82	 14.43	 70.34	 71.95	 72.40	 71.59	 71.77	 73.75	 21.06	 70.54	 71.77	 72.85	 24.72	 72.13	 72.03	 10.93		Pituophis_catenifer 40
																																									  0.00	 24.70	 26.84	 68.71	 71.97	 72.67	 68.36	 69.39	 68.96	 70.65	 69.13	 30.09	 73.03	 71.93	 70.39	 70.03	 72.85	 26.58	 70.16	 73.03		Plestiodon_gilberti 41
																																										  0.00	 12.30	 69.47	 72.92	 74.00	 67.85	 70.12	 69.80	 69.47	 70.87	 28.69	 73.14	 72.49	 70.01	 70.23	 74.22	 21.25	 67.60	 72.60		Podarci_raffonei 42
																																											  0.00	 69.86	 73.76	 72.67	 68.27	 68.60	 68.78	 71.26	 70.18	 30.26	 72.31	 73.59	 70.57	 71.35	 72.75	 20.00	 69.93	 71.68		Podarcis_muralis 43
																																												  0.00	 73.41	 69.35	 71.57	 35.55	 36.26	 70.12	 36.79	 68.62	 71.86	 71.65	 69.41	 68.79	 70.97	 68.79	 69.93	 70.25		Pogona_vitticeps 44
																																													  0.00	 23.36	 70.17	 72.96	 73.94	 69.63	 73.14	 73.85	 22.19	 70.54	 70.98	 70.71	 21.72	 74.48	 71.79	 23.09		Protobothrops_mucrosquamatus 45
																																														  0.00	 70.34	 72.31	 71.24	 70.97	 72.13	 74.01	 20.88	 71.47	 71.59	 71.06	 23.78	 73.21	 71.79	 14.52		Ptyas_mucosa 46
																																															  0.00	 70.86	 70.41	 69.43	 70.50	 67.20	 70.43	 70.45	 70.32	 70.23	 71.54	 68.89	 70.86	 71.06		Salvator_merianae 47
																																																  0.00	 13.49	 70.03	 26.56	 68.16	 72.04	 72.02	 68.26	 68.70	 73.50	 67.99	 68.30	 71.24		Sceloporus_occidentalis 48
																																																	  0.00	 69.76	 26.19	 67.72	 71.86	 72.39	 66.93	 68.26	 73.69	 67.72	 68.53	 71.59		Sceloporus_tristichus 49
																																																		  0.00	 70.65	 72.15	 71.33	 72.58	 31.03	 31.92	 72.38	 70.20	 69.46	 71.59		Shinisaurus_crocodilurus 50
																																																			  0.00	 68.69	 70.79	 72.30	 68.79	 67.37	 72.19	 69.66	 67.13	 71.68		Sphaerodactylus_townsendi 51
																																																				  0.00	 73.75	 71.19	 69.86	 70.65	 73.78	 30.44	 69.00	 74.55		Sphenodon_punctatus 52
																																																					  0.00	 70.45	 70.61	 72.31	 23.50	 72.85	 69.93	 21.95		Thermophis_baileyi 53
																																																						  0.00	 73.04	 72.21	 71.54	 72.02	 66.67	 71.38		Tropidonophis_doriae 54
																																																							  0.00	 18.09	 72.94	 70.30	 70.86	 70.97		Varanus_komodoensis 55
																																																								  0.00	 71.44	 70.73	 70.63	 72.13		Varanus_salvator 56
																																																									  0.00	 74.34	 71.10	 24.63		Vipera_latastei 57
																																																										  0.00	 69.46	 72.67		Zootaca_vivipara 58
																																																											  0.00	 71.33		Thamnophis_elegans 59
																																																												  0.00		Pantherophis_guttatus 60
