Distance Matrix
---------------

Uncorrected for Multiple Substitutions
Using base positions 123 in the codon
Gap weighting is 0.000000

	    1	    2	    3	    4	    5	    6	    7	    8	    9	    10	    11	    12	    13	    14	    15	    16	    17	    18	    19	    20	    21	    22	    23	    24	    25	    26	    27	    28	    29	    30	    31	    32	    33	    34	    35	    36	    37	    38	    39	    40	    41	    42	    43	    44	    45	    46	    47	    48	    49	    50	    51	    52	    53	    54	    55	    56	    57	    58	    59
	  0.00	 38.60	 40.35	 40.64	 29.24	 39.94	 40.18	 28.95	 31.58	 29.82	 30.36	 41.00	 24.56	 28.36	 40.67	 36.84	 37.13	 28.95	 28.07	 40.64	 41.23	 38.99	 42.56	 36.84	 31.58	 40.64	 40.64	 39.47	 30.70	 40.71	 39.29	 19.88	 27.49	 30.12	 29.82	 41.81	 39.58	 38.60	 40.35	 28.07	 40.35	 40.35	 43.27	 41.89	 28.36	 31.87	 34.43	 40.64	 41.52	 40.35	 40.64	 36.55	 29.82	 30.70	 36.84	 33.33	 38.60	 28.07	 29.24		Python_bivittatus 1
		  0.00	 38.60	 38.89	 38.60	 36.34	 36.31	 37.43	 38.30	 39.47	 40.18	 38.64	 34.80	 38.30	 36.09	 34.50	 35.67	 37.13	 39.18	 40.35	 39.77	 38.39	 34.82	 35.38	 35.67	 38.60	 39.18	 38.89	 39.47	 37.76	 39.29	 38.01	 38.01	 36.55	 38.89	 40.94	 39.58	 38.30	 40.35	 35.67	 39.18	 40.06	 39.47	 39.82	 38.30	 38.60	 30.04	 33.63	 36.84	 37.43	 40.35	 40.06	 36.26	 39.77	 34.80	 41.67	 35.96	 36.84	 37.43		Anilios_bituberculatus 2
			  0.00	 27.78	 40.64	 34.23	 37.20	 40.64	 36.84	 37.13	 38.10	 35.69	 37.13	 39.18	 33.33	 27.78	 27.78	 38.01	 41.81	 35.38	 34.50	 34.23	 31.25	 27.19	 40.35	 32.46	 35.38	 34.21	 40.64	 33.92	 30.95	 38.89	 39.18	 37.43	 40.06	 35.96	 36.31	 27.19	 29.53	 40.06	 30.99	 32.46	 33.33	 36.87	 38.30	 41.23	 29.67	 27.49	 30.70	 33.33	 38.30	 34.80	 41.23	 41.23	 35.38	 50.00	 33.92	 40.35	 40.35		Anolis_carolinensis 3
				  0.00	 39.77	 35.74	 37.20	 40.64	 41.23	 40.94	 38.39	 35.40	 41.81	 39.77	 33.94	 28.95	 26.90	 40.06	 40.35	 35.09	 33.92	 30.65	 35.12	 28.65	 40.06	 33.63	 37.13	 34.80	 41.23	 33.33	 33.33	 43.27	 38.30	 36.55	 39.18	 38.30	 33.93	 27.78	 30.99	 38.89	 31.58	 35.09	 34.21	 40.41	 40.35	 41.23	 31.14	 29.53	 30.70	 31.58	 42.11	 36.55	 39.18	 38.01	 35.67	 50.00	 35.67	 40.64	 40.06		Anolis_sagrei 4
					  0.00	 37.84	 38.10	 28.07	 26.61	 32.46	 26.19	 39.82	 31.29	 30.70	 39.76	 38.89	 38.89	 29.82	 20.18	 40.64	 38.01	 38.69	 37.20	 38.01	 25.73	 38.30	 38.60	 37.43	 26.61	 36.58	 36.61	 29.53	 28.07	 27.78	 29.53	 42.11	 37.80	 37.43	 41.23	 20.76	 40.64	 37.72	 40.06	 42.18	 29.82	 17.54	 36.63	 38.01	 38.60	 40.64	 41.81	 35.96	 24.85	 27.49	 40.94	 50.00	 38.01	 28.65	 19.30		Arizona_elegans 5
						  0.00	  9.31	 38.44	 38.14	 39.64	 40.24	 38.18	 37.24	 36.34	 36.09	 34.23	 31.83	 38.44	 39.94	 37.54	 34.53	 32.73	 32.42	 37.24	 39.34	 35.14	 35.44	 34.53	 39.34	 31.83	 31.83	 40.24	 39.04	 36.64	 40.24	 35.14	 36.09	 34.53	 33.63	 39.94	 35.44	 35.74	 35.74	 33.94	 35.44	 39.04	 18.32	 31.83	 32.73	 33.63	 37.54	 34.53	 39.94	 39.34	 33.63	 33.33	 32.43	 38.74	 37.84		Aspidocelis_tigris 6
							  0.00	 38.69	 41.07	 39.58	 40.48	 39.94	 38.10	 37.50	 37.00	 35.42	 33.33	 39.88	 38.10	 38.99	 34.82	 33.93	 33.03	 38.10	 41.37	 35.12	 37.50	 34.82	 38.10	 32.44	 32.44	 41.37	 39.58	 37.50	 39.29	 39.88	 38.18	 34.82	 34.23	 40.18	 37.50	 35.12	 37.20	 35.44	 36.61	 39.88	 23.08	 33.93	 34.52	 34.52	 37.50	 34.52	 39.58	 41.96	 33.93	 50.00	 31.85	 38.69	 37.50		Aspidoscelis_marmoratus 7
								  0.00	 28.36	 20.47	 27.68	 42.18	 28.36	 22.81	 37.92	 33.63	 35.09	 20.47	 24.85	 39.47	 40.06	 38.39	 40.77	 36.55	 26.02	 42.69	 42.11	 40.06	 30.12	 36.58	 39.58	 32.46	 26.61	 26.32	 24.56	 41.81	 39.29	 35.96	 38.60	 26.32	 40.64	 41.23	 40.94	 39.53	 18.42	 26.90	 33.70	 39.47	 39.47	 39.18	 41.52	 38.01	 24.85	 28.36	 36.26	 41.67	 36.55	 26.32	 28.07		Azemiops_feae 8
									  0.00	 33.33	 27.38	 42.48	 29.53	 32.75	 40.98	 39.47	 39.47	 30.70	 27.78	 40.94	 39.47	 39.88	 39.88	 38.30	 26.90	 39.77	 38.60	 38.89	 32.75	 37.17	 40.48	 32.46	 30.70	 28.95	 30.99	 40.06	 43.75	 36.84	 40.94	 28.65	 41.23	 39.47	 42.40	 43.07	 29.24	 22.22	 35.53	 36.26	 36.84	 42.11	 41.52	 38.30	 27.19	 29.24	 39.18	 25.00	 37.43	 26.32	 26.61		Boaedon_fuliginosus 9
										  0.00	 29.46	 41.59	 28.65	 21.05	 38.23	 33.92	 37.13	 22.81	 29.24	 40.06	 43.86	 39.88	 39.58	 37.72	 24.27	 41.52	 39.77	 36.55	 29.24	 38.35	 42.26	 32.46	 23.39	 26.61	 28.65	 43.27	 39.29	 38.30	 40.06	 30.99	 42.11	 37.72	 39.47	 38.35	 19.30	 30.41	 38.46	 39.47	 39.77	 38.89	 40.94	 42.69	 26.61	 26.32	 39.77	 41.67	 36.84	 25.73	 31.87		Bothrops_jararaca 10
											  0.00	 39.04	 30.06	 28.27	 40.98	 36.01	 35.12	 26.79	 29.76	 39.29	 36.90	 40.24	 39.09	 36.90	 26.49	 41.37	 38.10	 37.50	 23.81	 35.12	 38.39	 28.87	 29.76	 22.92	 27.08	 43.45	 40.91	 36.31	 37.20	 25.00	 37.80	 38.39	 39.58	 40.84	 28.57	 27.08	 35.53	 38.39	 38.99	 40.48	 45.24	 36.61	 24.70	 26.49	 39.88	 50.00	 38.10	 26.79	 25.60		Bungarus_multicintus 11
												  0.00	 41.00	 40.12	 37.35	 33.33	 34.51	 41.89	 42.18	 38.94	 40.71	 36.90	 33.63	 35.10	 40.41	 35.10	 37.76	 34.81	 42.48	 36.01	 37.54	 41.89	 42.18	 36.58	 39.23	 42.77	 30.36	 35.99	 39.53	 38.64	 37.17	 35.40	 36.58	 33.63	 38.94	 40.71	 32.59	 35.10	 36.58	 37.76	 40.41	 39.23	 37.76	 42.77	 35.69	 41.67	 37.17	 40.12	 38.94		Calotes_versicolor 12
													  0.00	 29.24	 38.23	 36.55	 35.96	 27.49	 30.41	 39.47	 42.11	 36.90	 37.20	 37.43	 29.53	 39.18	 40.64	 39.77	 29.53	 38.64	 38.10	 24.27	 26.61	 27.19	 30.70	 40.35	 37.20	 33.92	 37.13	 30.41	 37.72	 40.35	 38.89	 39.53	 29.53	 30.41	 34.43	 35.67	 37.43	 37.72	 39.47	 40.64	 32.75	 30.99	 36.26	 50.00	 36.26	 27.19	 31.29		Charina_bottae 13
														  0.00	 40.37	 36.26	 36.84	 24.27	 29.82	 41.23	 42.98	 39.58	 40.77	 37.43	 27.49	 39.18	 40.06	 37.43	 31.87	 36.58	 40.77	 30.41	 26.61	 27.49	 29.24	 40.64	 41.96	 38.30	 39.47	 30.70	 39.18	 35.67	 37.13	 38.64	 21.05	 32.75	 35.90	 40.06	 39.47	 38.89	 41.23	 39.18	 27.49	 30.41	 39.47	 41.67	 38.01	 28.36	 31.58		Crotalus_tigris 14
															  0.00	 27.52	 26.30	 38.84	 39.76	 35.47	 33.64	 31.48	 32.11	 27.83	 40.67	 30.58	 30.89	 31.80	 39.76	 29.66	 29.05	 41.28	 35.78	 36.70	 37.92	 34.25	 34.27	 28.75	 33.03	 37.00	 29.05	 33.94	 34.25	 37.35	 38.23	 36.39	 32.97	 30.89	 28.13	 30.89	 35.17	 37.61	 38.23	 44.04	 32.11	  0.00	 32.42	 40.06	 37.92		Cryptoblepharus_egeriae 15
																  0.00	 17.25	 36.84	 36.55	 33.92	 33.63	 31.25	 30.95	 11.99	 35.38	 32.75	 32.75	 30.12	 33.92	 30.68	 32.44	 40.06	 33.92	 32.75	 32.46	 38.30	 36.01	 22.22	 23.68	 35.09	 32.75	 30.70	 28.95	 33.92	 35.38	 36.26	 27.84	 23.68	 22.51	 27.49	 36.84	 31.58	 35.09	 36.26	 29.24	 33.33	 31.58	 38.01	 36.84		Ctenosaura_bakeri 16
																	  0.00	 36.55	 37.72	 34.21	 32.16	 28.27	 30.65	 17.25	 35.96	 32.16	 32.46	 29.53	 36.55	 30.09	 30.36	 40.64	 34.80	 35.38	 34.50	 36.84	 36.01	 22.51	 26.02	 33.92	 30.41	 33.63	 30.99	 37.17	 34.80	 37.13	 28.57	 22.81	 24.56	 28.07	 37.43	 34.21	 35.09	 38.60	 30.70	 33.33	 33.33	 36.26	 36.26		Cyclura_pinguis 17
																		  0.00	 27.78	 38.30	 40.35	 38.69	 40.77	 38.89	 28.07	 39.47	 38.60	 38.30	 29.82	 38.05	 38.39	 29.53	 27.19	 27.49	 28.36	 39.47	 39.58	 37.13	 40.06	 26.90	 41.52	 38.89	 42.11	 36.87	 20.47	 29.24	 35.90	 40.06	 41.52	 39.47	 45.32	 39.18	 28.07	 28.95	 40.94	 25.00	 36.26	 26.32	 29.53		Daboia_siamensis 18
																			  0.00	 38.30	 40.35	 35.12	 38.39	 36.55	 24.27	 41.23	 40.06	 36.84	 26.32	 37.76	 38.39	 28.95	 26.61	 26.02	 26.32	 41.52	 40.18	 37.13	 40.94	 21.93	 40.35	 39.18	 40.35	 41.30	 27.19	 19.88	 34.43	 38.01	 38.01	 38.89	 35.96	 37.13	 20.47	 28.65	 38.01	 25.00	 39.47	 24.27	 23.68		Diadophis_punctatus 19
																				  0.00	 35.96	 34.82	 34.82	 36.26	 40.06	 40.64	 38.30	 37.13	 41.23	 34.81	 40.48	 42.98	 39.47	 37.43	 38.89	 38.89	 38.99	 33.92	 35.38	 38.89	 37.72	 38.30	 35.38	 41.00	 36.84	 40.94	 33.33	 35.96	 37.13	 33.33	 38.60	 37.72	 40.35	 40.64	 36.26	 66.67	 38.01	 40.94	 39.18		Elgaria_multicarinata 20
																					  0.00	 32.14	 30.65	 33.04	 41.52	 32.16	 33.63	 33.04	 38.30	 28.32	 29.46	 42.11	 42.11	 37.43	 41.23	 34.50	 36.61	 32.16	 32.16	 40.35	 30.99	 34.21	 33.33	 38.35	 40.35	 39.77	 31.14	 33.33	 35.09	 33.63	 40.94	 35.09	 40.35	 40.64	 33.04	 41.67	 32.16	 40.94	 40.64		Eublepharis_macularius 21
																						  0.00	 31.52	 30.95	 38.10	 33.04	 34.82	 33.04	 35.71	 27.38	 32.73	 42.56	 36.90	 36.61	 39.29	 36.31	 33.03	 29.46	 30.95	 38.10	 28.87	 32.74	 34.23	 36.01	 35.71	 36.61	 27.04	 29.46	 32.74	 32.14	 36.61	 36.90	 38.99	 38.69	 35.42	 55.56	 33.04	 40.18	 38.10		Gekko_japonicus 22
																							  0.00	 30.95	 39.58	 29.76	 31.25	 28.27	 38.99	 27.93	 31.52	 42.26	 37.80	 34.52	 39.29	 38.10	 35.45	 31.55	 32.74	 38.10	 30.65	 30.65	 28.57	 33.93	 38.69	 36.61	 31.87	 30.06	 28.87	 32.44	 34.82	 36.01	 37.80	 39.29	 31.85	 33.33	 32.14	 36.01	 37.80		Hemicordylus_capensis 23
																								  0.00	 35.67	 30.70	 31.87	 30.70	 34.80	 31.56	 31.55	 38.60	 37.13	 33.33	 34.50	 37.13	 37.50	 24.27	 27.49	 35.96	 30.41	 31.58	 30.12	 35.69	 40.06	 36.55	 30.40	 24.56	 26.90	 30.12	 37.43	 34.50	 36.26	 37.13	 28.65	 41.67	 31.58	 37.72	 36.55		Iguana_delicatissima 24
																									  0.00	 40.06	 43.27	 40.94	 29.24	 41.30	 39.58	 31.29	 26.90	 26.02	 28.65	 40.35	 39.58	 38.60	 40.64	 25.73	 42.11	 41.52	 41.81	 40.71	 28.07	 23.39	 36.26	 37.43	 37.72	 40.35	 38.30	 40.64	 22.22	 23.39	 39.18	 41.67	 39.77	 23.39	 26.61		Imantodes_cenchoa 25
																										  0.00	 16.37	 14.04	 38.30	 29.79	 29.46	 39.77	 40.06	 38.60	 40.94	 38.60	 34.23	 30.41	 33.63	 40.35	 28.95	 25.15	 25.15	 39.23	 42.11	 38.89	 34.43	 29.24	 30.99	 32.16	 35.38	 33.04	 38.89	 42.11	 31.29	 41.67	 23.68	 37.72	 39.18		Lacerta_agilis 26
																											  0.00	  7.60	 38.60	 28.91	 33.04	 40.94	 39.77	 38.89	 40.06	 36.26	 36.61	 31.58	 34.50	 41.23	 29.82	 25.73	 23.68	 39.23	 40.35	 38.89	 30.40	 31.29	 31.87	 31.58	 36.55	 36.26	 40.64	 42.98	 36.84	 50.00	 21.64	 38.01	 40.94		Lacerta_bilineata 27
																												  0.00	 37.72	 27.43	 30.36	 38.89	 38.01	 36.55	 38.89	 36.84	 34.52	 28.95	 32.46	 38.60	 29.24	 24.56	 21.93	 38.64	 37.43	 36.55	 30.40	 29.24	 29.82	 29.82	 35.09	 33.04	 38.01	 40.94	 32.46	 41.67	 21.35	 35.38	 38.89		Lacerta_viridis 28
																													  0.00	 38.64	 38.10	 31.87	 28.07	 24.56	 28.65	 42.69	 41.67	 35.38	 37.72	 25.73	 38.30	 36.55	 38.01	 39.53	 29.24	 27.19	 33.70	 37.72	 38.89	 39.47	 42.69	 38.89	 27.49	 28.07	 39.47	 58.33	 38.30	 27.19	 26.90		Laticauda_colubrina 29
																														  0.00	 30.06	 41.59	 37.76	 33.92	 36.87	 36.87	 36.04	 32.74	 31.56	 38.64	 28.91	 32.15	 30.97	 33.93	 35.99	 37.17	 29.30	 31.56	 32.74	 27.14	 34.81	 33.92	 39.82	 38.64	 30.97	 44.44	 29.79	 38.05	 38.35		Lepidodactylus_listeri 30
																															  0.00	 40.77	 40.18	 41.37	 42.26	 37.20	 35.15	 27.08	 31.55	 42.26	 28.27	 33.93	 32.44	 36.64	 41.07	 37.80	 30.77	 28.27	 30.06	 28.87	 35.12	 37.20	 40.77	 41.37	 32.74	 50.00	 33.04	 41.67	 41.96		Lerista_edwardsae 31
																																  0.00	 28.36	 28.36	 31.87	 40.06	 39.88	 38.89	 41.23	 31.29	 42.11	 39.47	 42.40	 42.77	 29.82	 31.87	 35.16	 39.77	 42.69	 42.40	 40.64	 39.77	 30.41	 33.33	 38.30	 33.33	 38.89	 29.24	 29.82		Morelia_viridis 32
																																	  0.00	 26.90	 28.65	 39.18	 40.48	 37.43	 40.64	 26.61	 39.18	 38.30	 39.18	 38.64	 24.56	 27.78	 35.90	 37.13	 37.13	 39.18	 39.18	 40.64	 25.44	 28.36	 39.18	 50.00	 35.09	 26.90	 27.49		Myanophis_thanlyinensis 33
																																		  0.00	 21.93	 39.18	 35.42	 33.63	 35.96	 24.85	 37.43	 38.60	 37.43	 35.99	 26.32	 26.90	 32.23	 35.96	 35.67	 40.35	 40.35	 37.43	 21.93	 28.36	 33.92	 58.33	 38.30	 23.68	 26.61		Naja_naja 34
																																			  0.00	 40.64	 40.77	 37.43	 39.18	 28.65	 40.35	 38.01	 39.47	 37.46	 24.56	 30.12	 35.16	 34.80	 36.55	 40.35	 40.06	 37.72	 25.73	 26.02	 37.43	 50.00	 39.47	 28.07	 28.07		Ophiophagus_hannah 35
																																				  0.00	 40.48	 35.38	 38.60	 41.23	 35.67	 38.01	 37.13	 39.23	 40.35	 39.47	 32.60	 36.84	 37.13	 42.11	 34.50	 42.69	 39.18	 41.81	 37.72	 41.67	 36.55	 40.35	 41.23		Paroedura_picta 36
																																					  0.00	 34.52	 37.50	 38.99	 34.82	 39.58	 34.52	 34.82	 39.88	 38.10	 29.96	 34.82	 36.01	 37.20	 38.69	 39.29	 40.77	 43.15	 36.31	 50.00	 36.31	 41.07	 36.90		Phrynocephalus_versicolor 37
																																						  0.00	 14.91	 35.96	 31.58	 33.92	 31.58	 36.28	 37.72	 35.67	 30.77	 17.84	 20.18	 29.82	 39.77	 32.46	 38.30	 39.18	 31.87	 41.67	 28.65	 38.60	 38.89		Phrynosoma_blainvillii 38
																																							  0.00	 39.47	 34.21	 33.04	 30.70	 36.87	 39.47	 41.23	 33.33	 24.27	 21.93	 30.70	 41.81	 35.67	 40.06	 41.23	 33.04	 33.33	 31.58	 40.06	 40.94		Phrynosoma_platyrhinos 39
																																								  0.00	 40.35	 40.64	 41.23	 40.12	 27.49	 20.18	 34.07	 37.43	 37.72	 39.77	 42.98	 36.26	 19.88	 28.65	 37.72	 41.67	 41.23	 24.27	 15.50		Pituophis_catenifer 40
																																									  0.00	 33.33	 32.46	 39.23	 39.77	 42.69	 26.74	 30.41	 32.75	 30.41	 33.92	 37.72	 40.35	 40.64	 34.50	 50.00	 31.87	 41.52	 42.40		Plestiodon_gilberti 41
																																										  0.00	 16.96	 38.64	 37.13	 38.60	 33.70	 33.33	 33.33	 30.41	 35.67	 36.84	 38.60	 39.18	 35.38	 50.00	 22.22	 38.30	 39.77		Podarci_raffonei 42
																																											  0.00	 36.58	 40.94	 38.30	 32.60	 30.99	 32.16	 28.95	 36.26	 36.84	 42.11	 40.64	 33.33	 50.00	 25.44	 39.77	 42.69		Podarcis_muralis 43
																																												  0.00	 38.05	 42.48	 29.26	 35.99	 36.58	 34.81	 40.41	 37.46	 43.07	 39.53	 38.94	 58.33	 38.05	 38.94	 41.00		Pogona_vitticeps 44
																																													  0.00	 28.07	 35.90	 37.43	 38.30	 38.60	 42.11	 41.23	 25.73	 29.53	 39.47	 33.33	 36.84	 25.15	 24.56		Protobothrops_mucrosquamatus 45
																																														  0.00	 37.36	 34.50	 35.38	 40.35	 39.18	 38.30	 21.05	 29.53	 38.89	 41.67	 35.09	 26.32	 19.30		Ptyas_mucosa 46
																																															  0.00	 30.77	 31.87	 28.57	 32.60	 31.50	 35.16	 37.00	 29.67	-nan	 31.14	 35.53	 34.07		Salvator_merianae 47
																																																  0.00	 12.57	 30.41	 37.13	 35.38	 37.72	 38.60	 31.29	 58.33	 32.16	 37.13	 38.60		Sceloporus_occidentalis 48
																																																	  0.00	 30.70	 38.60	 36.84	 39.47	 38.89	 31.58	 58.33	 30.99	 38.60	 39.18		Sceloporus_tristichus 49
																																																		  0.00	 36.26	 34.50	 42.11	 40.35	 32.75	 50.00	 29.24	 40.35	 42.11		Shinisaurus_crocodilurus 50
																																																			  0.00	 38.60	 35.38	 41.52	 32.75	 41.67	 34.21	 39.18	 43.57		Sphaerodactylus_townsendi 51
																																																				  0.00	 38.89	 38.01	 36.84	 50.00	 33.04	 38.01	 36.26		Sphenodon_punctatus 52
																																																					  0.00	 27.49	 39.77	 41.67	 40.94	 22.22	 21.35		Thermophis_baileyi 53
																																																						  0.00	 41.23	 50.00	 37.72	 23.98	 30.99		Tropidonophis_doriae 54
																																																							  0.00	 50.00	 33.04	 40.35	 39.18		Varanus_salvator 55
																																																								  0.00	 41.67	 41.67	 58.33		Vipera_latastei 56
																																																									  0.00	 37.72	 41.81		Zootaca_vivipara 57
																																																										  0.00	 24.27		Thamnophis_elegans 58
																																																											  0.00		Pantherophis_guttatus 59
