Distance Matrix
---------------

Uncorrected for Multiple Substitutions
Using base positions 123 in the codon
Gap weighting is 0.000000

	    1	    2	    3	    4	    5	    6	    7	    8	    9	    10	    11	    12	    13	    14	    15	    16	    17	    18	    19	    20	    21	    22	    23	    24	    25	    26	    27	    28	    29	    30	    31	    32	    33	    34	    35	    36	    37	    38	    39	    40	    41	    42	    43	    44	    45	    46	    47	    48	    49	    50	    51	    52	    53	    54	    55	    56	    57	    58	    59	    60
	  0.00	 36.74	 65.20	 65.79	 27.85	 40.59	 66.67	 26.99	 28.44	 29.06	 28.59	 66.08	 22.81	 27.58	 65.49	 62.85	 61.38	 28.89	 26.52	 64.76	 38.05	 40.41	 65.34	 61.82	 26.11	 38.64	 40.27	 40.56	 29.65	 39.11	 65.35	 16.44	 28.17	 27.29	 27.14	 42.92	 66.08	 65.79	 64.61	 24.78	 64.61	 40.56	 40.71	 66.52	 25.07	 27.14	 37.33	 62.70	 61.97	 39.97	 39.09	 66.08	 26.70	 25.93	 45.19	 64.02	 55.90	 39.38	 28.44	 26.58		Python_bivittauts 1
		  0.00	 67.11	 66.96	 38.37	 41.04	 66.67	 37.63	 37.33	 36.44	 37.63	 65.48	 38.81	 38.81	 64.44	 65.19	 64.15	 38.52	 38.81	 61.19	 43.11	 44.59	 65.04	 62.52	 38.81	 39.56	 43.11	 42.22	 37.19	 44.30	 64.30	 37.93	 36.44	 39.41	 38.07	 42.22	 66.37	 64.59	 64.44	 38.22	 63.41	 41.78	 42.67	 64.15	 38.37	 38.22	 39.70	 64.59	 65.63	 41.78	 43.56	 66.22	 36.44	 38.07	 54.81	 64.44	 60.30	 42.96	 37.48	 37.19		Anilios_bituberculatus 2
			  0.00	 21.59	 63.85	 62.81	 70.09	 66.81	 63.85	 66.37	 62.96	 36.71	 65.48	 65.93	 33.33	 27.46	 29.81	 66.22	 67.85	 31.57	 65.04	 64.31	 35.69	 30.54	 65.04	 64.60	 65.04	 65.34	 64.01	 65.63	 33.77	 65.78	 64.01	 64.90	 65.63	 65.34	 38.33	 27.90	 25.40	 65.49	 30.69	 62.68	 64.45	 40.09	 66.08	 63.13	 64.74	 27.46	 27.02	 62.09	 64.75	 38.77	 64.90	 64.59	 40.74	 37.30	 78.02	 62.98	 65.63	 64.90		Anolis_carolinensis 3
				  0.00	 63.85	 62.96	 69.49	 66.52	 63.26	 65.49	 61.63	 40.23	 66.07	 65.19	 34.80	 30.69	 31.42	 64.30	 66.22	 33.48	 64.45	 66.08	 35.69	 31.57	 63.57	 66.22	 65.78	 65.49	 62.98	 66.37	 34.95	 64.74	 63.72	 61.95	 63.27	 66.52	 38.91	 28.19	 26.28	 63.72	 33.04	 63.42	 65.19	 39.94	 66.37	 63.27	 64.30	 28.93	 27.31	 63.27	 65.34	 42.58	 64.45	 64.44	 46.67	 37.74	 79.06	 64.01	 66.81	 63.58		Anolis_sagrei 4
					  0.00	 40.89	 66.37	 24.30	 23.41	 25.93	 25.93	 62.96	 31.26	 28.15	 61.63	 61.63	 62.37	 28.89	 22.37	 61.93	 38.96	 41.78	 61.33	 64.15	 21.63	 42.81	 41.04	 40.89	 27.41	 42.07	 63.26	 28.00	 25.63	 25.93	 23.70	 43.11	 63.41	 62.52	 63.26	 15.70	 62.67	 44.15	 43.41	 64.30	 23.85	 18.52	 38.67	 62.52	 62.81	 38.52	 43.41	 64.74	 22.22	 27.26	 53.33	 62.81	 54.96	 43.85	 23.70	 13.93		Arizona_elegans 5
						  0.00	 65.03	 42.07	 43.70	 44.00	 42.22	 64.30	 43.70	 46.07	 64.59	 62.96	 64.30	 42.37	 44.00	 62.07	 38.52	 39.70	 62.67	 62.96	 40.89	 37.19	 38.52	 38.37	 41.93	 41.19	 64.44	 42.67	 41.63	 42.52	 42.67	 41.33	 63.85	 63.11	 64.00	 41.04	 62.22	 34.67	 35.26	 64.74	 41.93	 40.74	 26.96	 63.85	 64.00	 34.37	 40.74	 61.93	 43.26	 41.63	 48.15	 62.37	 64.74	 36.00	 41.48	 41.93		Aspidocelis_tigris 6
							  0.00	 66.37	 65.92	 65.03	 67.41	 68.60	 66.96	 67.71	 69.79	 69.49	 69.49	 65.62	 66.67	 69.05	 66.22	 68.15	 66.82	 70.09	 65.03	 69.35	 69.94	 69.94	 66.67	 66.96	 68.90	 67.41	 68.90	 68.90	 66.52	 65.92	 67.26	 67.56	 68.30	 65.33	 68.30	 69.20	 70.09	 68.90	 66.22	 65.62	 66.37	 68.01	 67.71	 65.62	 67.41	 69.05	 66.67	 66.22	 68.15	 70.68	 79.32	 69.05	 66.52	 65.03		Aspidoscelis_marmoratus 7
								  0.00	 28.44	 19.91	 28.59	 64.75	 30.07	 21.39	 65.93	 61.95	 64.60	 22.22	 24.15	 61.95	 40.71	 42.18	 64.31	 62.83	 24.78	 40.71	 42.04	 41.59	 29.06	 40.15	 64.60	 27.41	 27.29	 26.55	 24.19	 42.48	 65.78	 65.63	 66.08	 24.93	 64.16	 43.66	 42.77	 65.19	 17.85	 27.58	 38.96	 66.52	 65.78	 38.94	 41.45	 65.19	 25.52	 27.56	 51.11	 65.04	 52.21	 43.07	 29.78	 25.22		Azemiops_feae 8
									  0.00	 29.19	 25.19	 64.30	 31.70	 28.74	 63.41	 63.11	 63.41	 30.67	 22.96	 63.26	 40.30	 44.30	 62.96	 63.26	 22.22	 42.67	 43.85	 43.56	 27.26	 42.52	 64.44	 29.04	 26.81	 25.04	 25.33	 44.74	 61.78	 63.70	 63.11	 23.70	 64.15	 44.89	 44.30	 61.93	 27.41	 24.74	 41.78	 63.85	 64.15	 39.70	 41.48	 64.00	 25.33	 24.44	 51.85	 62.81	 56.59	 41.48	 25.04	 23.41		Boaedon_fuliginosus 9
										  0.00	 28.15	 65.78	 32.00	 22.71	 64.90	 63.57	 65.19	 26.67	 26.07	 62.24	 41.45	 40.71	 66.52	 64.16	 27.73	 41.45	 43.22	 42.92	 29.20	 40.30	 65.78	 29.48	 27.73	 26.84	 24.34	 43.07	 66.81	 66.37	 66.67	 25.81	 65.63	 43.95	 45.43	 65.49	 19.32	 28.02	 42.37	 65.04	 66.08	 40.41	 42.77	 67.85	 25.66	 27.70	 52.59	 67.11	 54.87	 43.36	 28.59	 26.40		Bothrops_jararaca 10
											  0.00	 64.74	 31.70	 29.63	 64.89	 62.52	 64.00	 29.63	 24.00	 61.48	 39.41	 40.74	 65.19	 64.89	 24.74	 42.96	 44.44	 43.41	 25.19	 41.19	 64.44	 29.19	 27.70	 22.81	 23.26	 44.15	 65.78	 64.30	 64.15	 25.93	 64.44	 43.70	 42.52	 65.63	 26.67	 25.19	 41.78	 63.56	 62.81	 37.78	 43.26	 65.63	 23.56	 23.70	 48.89	 64.15	 55.56	 42.52	 28.00	 24.74		Bungarus_multicintus 11
												  0.00	 68.74	 64.75	 39.79	 34.95	 36.86	 64.15	 63.56	 37.30	 64.31	 64.90	 38.64	 35.10	 65.34	 65.34	 65.49	 65.34	 62.98	 65.63	 36.86	 66.96	 65.78	 64.60	 65.04	 62.39	 38.33	 37.15	 37.00	 64.45	 38.47	 64.60	 66.96	 37.30	 65.78	 62.54	 62.96	 38.33	 37.59	 64.75	 66.08	 41.41	 63.86	 65.48	 45.19	 35.83	 78.32	 65.49	 65.63	 64.46		Calotes_versicolor 12
													  0.00	 32.74	 64.30	 62.37	 62.96	 33.78	 32.59	 65.04	 39.41	 43.26	 64.44	 64.15	 30.37	 42.67	 44.00	 44.00	 32.44	 41.19	 65.93	 24.00	 30.67	 30.52	 30.67	 44.44	 65.93	 64.15	 64.30	 30.22	 63.26	 42.81	 44.15	 66.37	 30.67	 31.26	 41.33	 63.85	 63.56	 41.04	 41.33	 66.07	 30.52	 30.22	 47.41	 64.30	 59.85	 43.70	 33.19	 30.37		Charina_bottae 13
														  0.00	 66.37	 62.98	 63.86	 28.00	 27.11	 62.54	 44.84	 42.33	 65.63	 64.60	 29.50	 41.00	 42.18	 42.48	 30.09	 41.48	 64.31	 30.37	 28.61	 30.68	 25.66	 44.69	 65.63	 65.63	 65.93	 28.76	 64.31	 43.81	 44.54	 64.16	 18.88	 29.94	 42.81	 63.27	 64.16	 39.53	 43.36	 64.75	 26.40	 29.48	 51.11	 64.01	 55.46	 42.63	 28.59	 28.32		Crotalus_tigris 14
															  0.00	 30.40	 31.28	 64.74	 65.04	 30.40	 64.16	 65.34	 33.78	 30.40	 65.04	 65.19	 64.90	 65.19	 64.31	 62.96	 25.99	 64.44	 63.42	 63.57	 64.90	 65.19	 38.18	 30.54	 30.84	 62.83	 26.28	 65.19	 65.49	 39.35	 63.86	 64.75	 66.52	 31.57	 31.86	 61.95	 62.83	 40.38	 65.93	 64.44	 42.22	 35.39	 78.61	 65.93	 64.74	 63.00		Cryptoblepharus_egeriae 15
																  0.00	 21.44	 62.96	 62.81	 29.37	 62.98	 63.86	 34.22	 17.18	 62.39	 62.68	 62.09	 61.95	 62.09	 61.04	 28.78	 63.26	 62.09	 62.39	 62.68	 64.16	 37.89	 25.55	 24.96	 63.27	 29.07	 62.39	 63.57	 36.12	 63.42	 63.13	 64.89	 25.70	 24.52	 61.65	 62.54	 36.71	 63.57	 61.48	 42.96	 30.98	 78.17	 62.54	 63.85	 61.67		Ctenosaura_bakeri 16
																	  0.00	 63.85	 63.85	 30.69	 62.09	 63.27	 34.07	 19.38	 63.72	 63.13	 62.54	 62.39	 62.24	 62.22	 30.98	 62.07	 61.80	 61.36	 65.19	 63.27	 39.06	 27.31	 26.87	 62.09	 29.66	 62.98	 64.75	 37.15	 63.27	 62.68	 64.89	 26.87	 28.78	 61.21	 62.39	 39.79	 61.50	 61.04	 37.78	 31.86	 78.17	 63.27	 63.26	 62.56		Cyclura_pinguis 17
																		  0.00	 28.15	 62.81	 41.48	 42.96	 64.30	 65.04	 30.07	 42.67	 43.70	 43.26	 30.07	 41.63	 64.89	 31.11	 30.37	 29.48	 25.78	 43.41	 64.30	 65.19	 64.30	 28.59	 65.19	 42.67	 42.52	 64.30	 23.85	 28.30	 42.96	 65.33	 65.19	 40.44	 44.15	 66.67	 29.33	 31.11	 53.33	 65.33	 53.93	 44.15	 29.19	 29.19		Daboia_siamensis 18
																			  0.00	 63.11	 41.04	 42.96	 63.85	 65.04	 18.81	 42.67	 43.56	 43.26	 27.41	 40.59	 65.04	 26.96	 25.48	 24.15	 23.41	 44.30	 66.07	 64.59	 64.59	 22.81	 66.07	 43.56	 44.00	 65.04	 24.30	 25.19	 42.67	 64.44	 64.30	 42.07	 43.41	 66.37	 20.44	 22.52	 54.81	 64.30	 55.56	 43.70	 24.44	 21.33		Diadophis_punctatus 19
																				  0.00	 62.68	 64.01	 32.89	 29.37	 61.95	 64.31	 64.31	 64.01	 62.98	 63.56	 30.54	 62.22	 62.39	 60.62	 61.65	 64.01	 38.62	 29.66	 29.07	 62.68	 29.52	 62.83	 63.72	 38.62	 61.50	 61.95	 62.81	 29.81	 29.96	 62.54	 64.16	 38.77	 61.06	 62.22	 37.78	 32.31	 76.99	 63.42	 63.85	 62.85		Elgaria_multicarinata 20
																					  0.00	 35.40	 64.75	 63.27	 38.64	 35.40	 37.32	 36.43	 40.56	 36.44	 63.42	 39.41	 41.15	 39.53	 40.27	 38.79	 63.86	 65.49	 63.72	 37.17	 64.16	 35.99	 34.51	 64.60	 39.82	 38.94	 38.22	 63.27	 62.54	 31.71	 36.28	 66.08	 41.59	 40.30	 47.41	 65.93	 62.39	 35.25	 42.07	 39.97		Eublepharis_macularius 21
																						  0.00	 65.49	 62.54	 43.81	 36.87	 37.46	 37.61	 43.51	 28.59	 65.04	 41.48	 39.23	 41.45	 42.63	 39.38	 66.96	 65.19	 64.90	 40.12	 64.45	 36.87	 36.14	 66.08	 42.04	 41.89	 36.59	 61.80	 62.39	 34.22	 36.43	 64.60	 42.33	 42.07	 42.96	 64.60	 61.06	 37.17	 43.41	 41.59		Gekko_japonicus 22
																							  0.00	 33.48	 63.13	 66.67	 66.52	 65.93	 63.27	 64.30	 34.07	 63.85	 64.45	 65.34	 64.90	 65.49	 38.05	 33.04	 33.63	 62.83	 32.45	 64.01	 65.34	 34.81	 64.45	 62.98	 62.67	 34.51	 34.66	 65.19	 63.86	 39.38	 65.34	 64.30	 39.26	 36.43	 76.70	 65.19	 62.96	 62.83		Hemicordylus_capensis 23
																								  0.00	 64.90	 63.86	 65.19	 64.45	 63.42	 62.67	 26.58	 63.26	 63.72	 62.24	 66.22	 64.01	 37.74	 26.87	 26.87	 63.86	 27.75	 63.13	 63.86	 34.80	 63.42	 64.16	 64.15	 26.58	 27.17	 60.91	 61.65	 39.06	 62.83	 63.11	 38.52	 29.81	 77.73	 63.72	 63.85	 63.88		Iguana_delicatissima 24
																									  0.00	 41.30	 44.40	 43.66	 27.29	 40.89	 64.31	 26.07	 24.48	 24.04	 23.16	 43.81	 64.75	 62.98	 64.16	 22.57	 62.39	 44.25	 43.36	 63.42	 26.70	 24.78	 38.22	 63.42	 63.27	 40.27	 41.30	 64.60	 21.53	 22.22	 54.81	 63.42	 56.34	 42.04	 24.15	 20.06		Imantodes_cenchoa 25
																										  0.00	 18.14	 16.96	 42.77	 35.11	 63.27	 40.59	 40.41	 43.36	 42.33	 40.86	 67.55	 64.75	 63.57	 41.00	 64.75	 20.50	 20.50	 65.49	 41.45	 43.51	 37.33	 64.16	 65.19	 33.92	 36.58	 64.90	 42.18	 41.78	 46.67	 64.60	 63.86	 19.32	 42.07	 43.22		Lacerta_agilis 26
																											  0.00	  3.54	 44.54	 37.78	 65.04	 42.22	 41.30	 43.22	 42.77	 42.04	 68.14	 65.93	 65.78	 41.15	 64.31	 23.16	 24.04	 65.63	 41.74	 42.04	 37.78	 65.93	 65.93	 32.60	 38.50	 64.45	 44.69	 44.30	 45.19	 66.08	 65.93	 23.89	 44.15	 42.92		Lacerta_bilineata 27
																												  0.00	 44.54	 37.48	 64.60	 42.07	 40.71	 42.48	 42.92	 41.74	 68.73	 66.08	 65.19	 40.71	 63.72	 23.01	 23.30	 66.08	 40.86	 41.89	 37.04	 65.93	 65.78	 32.60	 38.05	 64.16	 44.54	 43.85	 44.44	 65.78	 65.49	 22.86	 44.00	 42.18		Lacerta_viridis 28
																													  0.00	 42.81	 64.31	 32.15	 30.53	 25.66	 24.63	 44.40	 64.45	 63.57	 63.13	 27.14	 63.27	 42.92	 43.36	 65.34	 26.84	 28.61	 44.59	 65.49	 63.72	 40.41	 44.99	 65.04	 26.70	 27.70	 49.63	 63.86	 58.11	 42.18	 29.78	 28.02		Laticauda_colubrina 29
																														  0.00	 64.00	 40.44	 38.96	 41.63	 42.96	 38.67	 66.81	 65.33	 64.15	 40.59	 64.15	 39.26	 38.96	 64.89	 40.59	 41.19	 38.52	 63.41	 62.67	 36.59	 35.41	 67.26	 41.63	 41.04	 48.15	 65.78	 62.96	 36.89	 44.89	 41.33		Lepidodactylus_listeri 30
																															  0.00	 65.19	 64.60	 63.13	 64.16	 64.01	 37.74	 28.49	 26.58	 62.24	 23.20	 63.86	 64.16	 38.47	 62.54	 63.27	 63.70	 29.37	 28.34	 59.14	 62.68	 38.91	 63.42	 65.78	 37.78	 33.04	 77.43	 65.63	 65.19	 63.14		Lerista_edwardsae 31
																																  0.00	 28.89	 25.63	 27.26	 43.85	 66.52	 65.04	 63.56	 27.11	 65.19	 40.00	 41.19	 66.07	 26.07	 27.70	 40.44	 63.11	 63.56	 40.59	 40.30	 66.07	 27.56	 27.26	 43.70	 62.37	 56.59	 39.56	 30.22	 27.11		Morelia_viridis 32
																																	  0.00	 26.55	 26.99	 43.36	 66.37	 64.60	 64.16	 27.43	 63.13	 42.48	 41.30	 64.90	 26.11	 27.14	 39.70	 63.13	 64.01	 40.86	 43.81	 65.63	 25.81	 27.11	 47.41	 63.86	 56.34	 43.51	 27.56	 24.93		Myanophis_thanlyinensis 33
																																		  0.00	 20.50	 46.17	 66.08	 64.16	 62.98	 24.63	 62.09	 43.95	 43.22	 65.04	 25.81	 25.37	 39.85	 62.83	 62.39	 38.35	 43.22	 65.19	 24.34	 24.30	 48.89	 63.27	 56.78	 41.45	 27.70	 24.93		Naja_naja 34
																																			  0.00	 43.95	 64.75	 63.42	 63.57	 22.86	 62.24	 42.63	 42.33	 65.19	 24.63	 26.84	 40.00	 63.86	 63.42	 39.53	 42.63	 64.01	 24.48	 24.00	 44.44	 63.57	 55.46	 40.86	 25.63	 23.01		Ophiophagus_hannah 35
																																				  0.00	 64.45	 65.49	 62.83	 43.66	 65.78	 42.63	 41.59	 66.52	 43.95	 44.10	 41.78	 62.54	 63.86	 37.61	 40.12	 65.63	 42.77	 44.15	 56.30	 66.08	 65.63	 42.33	 46.37	 44.25		Paroedura_picta 36
																																					  0.00	 35.68	 36.27	 64.16	 38.62	 64.60	 66.22	 37.30	 66.08	 65.19	 63.11	 38.62	 38.18	 61.95	 65.04	 42.58	 65.93	 63.56	 49.63	 40.68	 79.35	 66.08	 65.33	 64.76		Phrynocephalus_versicolor 37
																																						  0.00	 12.04	 61.95	 30.10	 64.45	 64.90	 37.44	 66.08	 63.13	 64.30	 21.59	 21.29	 62.39	 65.93	 39.79	 63.13	 65.04	 44.44	 35.24	 77.43	 64.75	 65.93	 63.00		Phrynosoma_blainvillii 38
																																							  0.00	 62.68	 28.93	 64.16	 63.72	 38.03	 66.08	 63.27	 64.15	 21.29	 18.94	 62.09	 64.75	 40.09	 63.27	 65.19	 44.44	 34.21	 77.73	 63.13	 65.63	 63.44		Phrynosoma_platyrhinos 39
																																								  0.00	 63.27	 43.66	 41.89	 62.68	 23.45	 18.73	 37.63	 63.42	 62.24	 39.23	 43.07	 64.16	 23.75	 26.07	 55.56	 64.60	 55.46	 40.71	 24.59	 13.86		Pituophis_catenifer 40
																																									  0.00	 65.49	 65.19	 38.18	 65.04	 63.13	 64.15	 28.78	 29.07	 60.77	 64.75	 39.65	 64.01	 62.81	 37.04	 32.45	 76.99	 63.57	 64.00	 62.85		Plestiodon_gilberti 41
																																										  0.00	 11.06	 65.04	 42.18	 43.36	 36.89	 63.72	 63.57	 32.60	 39.09	 62.98	 44.54	 42.52	 41.48	 63.57	 64.60	 20.80	 43.26	 43.66		Podarci_raffonei 42
																																											  0.00	 65.93	 42.63	 42.18	 35.56	 64.01	 64.16	 32.89	 40.27	 63.86	 45.43	 43.26	 45.93	 65.04	 65.49	 20.35	 44.00	 43.66		Podarcis_muralis 43
																																												  0.00	 64.60	 63.13	 64.89	 38.03	 37.15	 66.08	 65.34	 40.53	 64.45	 64.74	 50.37	 36.12	 78.32	 65.34	 65.48	 62.70		Pogona_vitticeps 44
																																													  0.00	 26.11	 41.63	 63.57	 63.27	 40.41	 42.48	 65.78	 24.63	 27.70	 47.41	 64.90	 52.80	 42.77	 26.22	 23.30		Protobothrops_mucrosquamatus 45
																																														  0.00	 39.70	 62.83	 63.86	 39.68	 43.95	 65.63	 25.81	 27.85	 49.63	 64.31	 55.90	 42.33	 26.96	 20.50		Ptyas_mucosa 46
																																															  0.00	 65.48	 63.85	 35.56	 38.22	 62.81	 41.93	 40.74	 45.93	 64.74	 64.30	 37.63	 41.93	 38.81		Salvator_merianae 47
																																																  0.00	 13.22	 61.50	 63.27	 40.09	 62.24	 62.37	 40.00	 35.39	 77.43	 63.86	 65.48	 63.14		Sceloporus_occidentalis 48
																																																	  0.00	 62.39	 64.16	 39.06	 61.06	 62.52	 42.22	 34.65	 77.43	 64.75	 64.89	 61.97		Sceloporus_tristichus 49
																																																		  0.00	 32.30	 63.86	 39.97	 39.11	 37.78	 59.88	 63.42	 33.19	 40.74	 40.27		Shinisaurus_crocodilurus 50
																																																			  0.00	 64.01	 42.48	 42.52	 42.22	 64.31	 64.16	 38.50	 42.52	 42.77		Sphaerodactylus_townsendi 51
																																																				  0.00	 64.75	 64.74	 50.37	 39.79	 80.09	 64.60	 64.89	 65.64		Sphenodon_punctatus 52
																																																					  0.00	 23.11	 50.37	 62.39	 54.72	 44.25	 24.59	 21.98		Thermophis_baileyi 53
																																																						  0.00	 45.19	 64.15	 58.22	 42.22	 27.11	 25.04		Tropidonophis_doriae 54
																																																							  0.00	 22.22	 51.11	 45.93	 48.15	 53.33		Varanus_komodoensis 55
																																																								  0.00	 76.55	 67.55	 64.44	 62.70		Varanus_salvator 56
																																																									  0.00	 64.90	 55.26	 54.72		Vipera_latastei 57
																																																										  0.00	 44.44	 42.92		Zootaca_vivipara 58
																																																											  0.00	 24.59		Thamnophis_elegans 59
																																																												  0.00		Pantherophis_guttatus 60
