Distance Matrix
---------------

Uncorrected for Multiple Substitutions
Using base positions 123 in the codon
Gap weighting is 0.000000

	    1	    2	    3	    4	    5	    6	    7	    8	    9	    10	    11	    12	    13	    14	    15	    16	    17	    18	    19	    20	    21	    22	    23	    24	    25	    26	    27	    28	    29	    30	    31	    32	    33	    34	    35	    36	    37	    38	    39	    40	    41	    42	    43	    44	    45	    46	    47	    48	    49	    50	    51	    52	    53	    54	    55	    56	    57	    58	    59	    60
	  0.00	 46.55	 58.11	 70.74	 65.99	 58.55	 59.22	 65.02	 65.99	 65.69	 67.12	 66.52	 21.63	 64.24	 58.48	 66.59	 63.94	 66.37	 66.29	 65.19	 66.52	 66.00	 61.50	 63.72	 66.07	 67.18	 64.97	 64.75	 66.74	 63.79	 63.72	 16.37	 65.17	 66.07	 65.02	 45.90	 65.71	 66.22	 66.37	 66.37	 69.05	 64.97	 65.71	 65.93	 65.84	 66.67	 69.13	 64.75	 65.27	 66.81	 65.93	 67.70	 66.97	 65.77	 65.34	 66.37	 71.11	 65.27	 66.90	 66.07		Python_bivittatus 1
		  0.00	 68.08	 71.57	 67.87	 69.27	 68.82	 66.29	 67.19	 66.52	 67.72	 67.56	 46.10	 68.06	 67.19	 68.32	 64.74	 67.49	 66.74	 67.71	 69.49	 69.93	 66.07	 65.03	 67.19	 66.00	 66.59	 66.44	 66.89	 68.00	 65.85	 47.36	 67.87	 66.67	 66.37	 51.37	 69.56	 67.41	 66.44	 67.27	 72.11	 66.89	 67.04	 69.41	 67.04	 67.04	 68.74	 65.85	 66.00	 66.30	 68.89	 69.78	 66.97	 66.29	 66.37	 66.22	 71.69	 66.82	 70.65	 66.82		Anilios_bituberculatus 2
			  0.00	 72.10	 69.14	 57.17	 57.98	 68.31	 68.32	 69.51	 67.94	 47.14	 58.07	 71.53	 33.77	 66.90	 64.83	 67.12	 69.52	 65.49	 45.84	 65.78	 65.56	 64.76	 67.34	 68.28	 67.62	 66.74	 67.87	 45.47	 65.12	 57.11	 67.34	 68.99	 67.49	 68.07	 66.96	 65.42	 65.93	 69.06	 71.09	 66.01	 66.15	 62.70	 68.39	 68.84	 70.33	 65.12	 65.12	 66.30	 64.32	 65.49	 69.29	 68.77	 64.24	 64.68	 71.11	 68.14	 70.27	 68.01		Anolis_carolinensis 3
				  0.00	 69.98	 70.21	 70.44	 69.38	 70.51	 69.53	 69.68	 70.59	 69.38	 72.92	 71.27	 73.05	 70.36	 68.70	 69.76	 71.19	 71.12	 69.23	 71.79	 69.08	 69.76	 72.02	 70.59	 70.97	 70.29	 70.36	 68.40	 71.72	 70.81	 70.74	 70.21	 70.74	 69.38	 69.53	 70.06	 69.23	 71.43	 71.49	 70.97	 69.83	 68.25	 68.85	 70.41	 70.44	 71.04	 70.14	 71.19	 68.70	 69.83	 70.89	 70.51	 71.19	 70.18	 71.34	 69.89	 68.93		Anolis_sagrei 4
					  0.00	 66.59	 66.44	 23.05	 26.28	 25.38	 24.62	 66.74	 65.54	 65.62	 69.22	 70.76	 68.17	 26.50	 21.10	 67.42	 67.64	 67.79	 68.69	 70.05	 22.37	 69.22	 68.17	 68.02	 25.60	 67.12	 67.87	 65.09	 24.17	 23.42	 23.05	 71.02	 68.24	 67.79	 69.67	 14.19	 67.69	 69.59	 70.27	 66.07	 23.57	 17.04	 69.61	 69.29	 69.52	 69.67	 68.84	 69.59	 20.95	 23.42	 69.07	 70.42	 71.44	 69.14	 68.97	 13.51		Arizona_elegans 5
						  0.00	  9.42	 65.24	 68.32	 66.07	 65.69	 64.02	 60.52	 67.36	 56.36	 66.82	 66.15	 65.84	 66.52	 64.53	 65.34	 47.24	 66.45	 66.30	 65.99	 68.65	 66.89	 67.40	 65.77	 62.69	 66.45	 59.48	 66.44	 66.44	 65.84	 68.00	 52.76	 66.30	 66.81	 66.67	 74.15	 66.81	 67.03	 53.79	 66.22	 66.22	 72.16	 66.08	 66.00	 66.30	 66.89	 66.59	 66.22	 66.59	 66.89	 66.37	 71.61	 66.45	 68.51	 65.84		Aspidocelis_tigris 6
							  0.00	 65.69	 68.17	 66.97	 66.14	 64.97	 59.33	 67.36	 56.81	 68.09	 65.78	 65.69	 66.29	 65.34	 65.05	 47.46	 66.08	 66.37	 66.22	 67.99	 67.26	 67.18	 65.62	 63.43	 66.81	 58.96	 66.29	 66.89	 65.92	 67.78	 51.66	 67.26	 66.67	 67.19	 72.11	 67.40	 67.18	 52.98	 66.44	 66.22	 70.80	 67.40	 66.89	 67.62	 67.26	 67.40	 66.22	 67.27	 67.92	 66.37	 71.27	 66.81	 69.04	 66.74		Aspidoscelis_marmoratus 7
								  0.00	 28.75	 19.48	 24.85	 65.92	 65.84	 65.97	 67.19	 68.16	 67.79	 22.82	 24.25	 67.04	 67.12	 68.31	 68.01	 68.31	 24.72	 68.31	 67.42	 67.42	 26.29	 65.62	 67.19	 65.99	 24.87	 25.54	 23.75	 68.31	 67.57	 67.94	 68.09	 24.12	 69.05	 68.24	 69.89	 67.04	 17.53	 23.07	 70.09	 68.69	 68.84	 67.87	 67.64	 69.89	 23.52	 24.85	 67.27	 68.09	 69.93	 69.06	 69.58	 23.45		Azemiops_feae 8
									  0.00	 27.48	 29.05	 68.09	 66.52	 63.19	 69.44	 70.13	 67.94	 28.53	 26.58	 68.62	 67.72	 69.82	 68.69	 68.84	 25.45	 70.35	 68.32	 67.72	 29.80	 67.42	 67.94	 65.54	 25.90	 26.28	 27.48	 68.62	 68.17	 68.84	 69.14	 24.40	 68.37	 67.79	 69.14	 66.52	 27.10	 27.48	 69.45	 68.32	 68.17	 68.39	 69.82	 70.50	 24.40	 26.35	 68.17	 69.44	 70.85	 69.74	 68.66	 25.83		Boaedon_fuliginosus 9
										  0.00	 26.05	 67.27	 65.62	 64.24	 68.99	 67.77	 69.14	 22.97	 23.20	 69.66	 68.91	 70.04	 69.44	 67.42	 25.09	 71.09	 68.16	 68.16	 27.42	 67.57	 67.94	 65.77	 24.49	 24.64	 24.94	 69.59	 68.76	 70.41	 70.19	 24.87	 71.09	 70.86	 70.86	 66.59	 13.78	 26.14	 70.49	 69.51	 70.41	 69.74	 68.39	 69.81	 24.04	 26.80	 68.54	 68.69	 69.85	 71.01	 69.12	 23.90		Bothrops_jararaca 10
											  0.00	 68.09	 68.47	 64.24	 68.02	 69.35	 69.07	 27.25	 25.38	 68.77	 67.72	 69.52	 68.39	 68.47	 24.40	 68.92	 67.34	 67.04	 22.30	 67.64	 67.94	 67.27	 25.08	 19.74	 19.37	 69.59	 69.29	 68.92	 70.35	 26.65	 68.03	 68.92	 68.99	 67.27	 23.95	 25.45	 70.72	 70.20	 70.05	 68.02	 68.62	 70.20	 24.47	 23.05	 68.69	 69.29	 70.94	 68.02	 69.27	 24.85		Bungarus_multicintus 11
												  0.00	 65.85	 69.44	 47.06	 67.14	 57.49	 68.77	 67.79	 58.30	 40.40	 59.01	 59.66	 57.12	 67.72	 58.22	 58.44	 58.15	 67.04	 36.94	 58.15	 66.07	 67.57	 68.16	 66.37	 59.42	 54.19	 57.05	 57.27	 67.72	 71.77	 58.00	 59.32	 51.91	 67.19	 66.37	 71.12	 57.93	 57.34	 58.96	 59.18	 58.22	 67.34	 68.24	 59.40	 60.13	 71.02	 58.59	 69.35	 67.86		Calotes_versicolor 12
													  0.00	 64.58	 57.63	 69.98	 64.67	 65.99	 67.42	 66.22	 67.41	 66.37	 62.52	 65.11	 66.67	 68.07	 66.30	 65.70	 65.54	 65.04	 64.67	 22.07	 65.32	 66.52	 65.32	 46.44	 65.56	 65.85	 65.93	 66.14	 67.01	 64.96	 65.78	 65.48	 65.99	 66.59	 68.66	 63.85	 65.56	 67.48	 67.19	 67.11	 66.89	 65.17	 65.78	 65.04	 70.77	 66.22	 68.66	 65.92		Charina_bottae 13
														  0.00	 67.71	 70.14	 68.75	 67.71	 64.93	 69.10	 69.44	 67.01	 67.01	 71.53	 64.93	 65.62	 67.71	 68.40	 63.54	 65.62	 71.18	 65.97	 63.54	 67.01	 65.97	 69.10	 67.36	 68.75	 68.06	 63.54	 41.67	 67.01	 66.67	 65.62	 63.54	 67.01	 69.44	 68.06	 66.67	 71.18	 68.75	 68.40	 65.28	 66.32	 68.40	 68.06	 68.06	 67.36	 67.36	 66.67		Crotalus_tigris 14
															  0.00	 67.38	 64.69	 67.64	 68.99	 63.73	 45.70	 65.78	 66.15	 64.33	 68.54	 67.32	 68.27	 67.40	 67.57	 43.71	 63.01	 58.52	 66.67	 67.49	 65.84	 67.48	 65.79	 65.50	 65.35	 68.39	 71.43	 65.20	 66.01	 61.18	 68.69	 68.31	 68.42	 64.25	 63.67	 65.57	 63.96	 65.50	 68.54	 68.17	 64.90	 64.47	 71.19	 67.18	 70.96	 68.24		Cryptoblepharus_egeriae 15
																  0.00	 69.74	 69.82	 68.87	 70.69	 70.45	 70.37	 68.56	 68.87	 69.03	 71.32	 70.69	 70.37	 69.90	 68.09	 69.27	 67.22	 69.90	 69.90	 68.79	 67.85	 69.11	 70.13	 70.21	 71.95	 69.73	 71.08	 71.16	 69.42	 68.87	 71.00	 70.17	 70.92	 70.21	 71.63	 68.79	 71.63	 70.92	 68.40	 71.63	 70.45	 69.93	 71.39	 68.24	 70.21		Ctenosaura_bakeri 16
																	  0.00	 67.57	 68.62	 31.57	 57.54	 58.72	 56.19	 18.62	 67.42	 36.23	 34.49	 33.55	 68.46	 55.85	 29.61	 63.33	 67.79	 66.74	 67.57	 57.72	 51.10	 26.51	 27.25	 67.27	 72.79	 33.48	 34.78	 58.19	 68.31	 68.09	 70.72	 26.09	 26.99	 33.92	 35.60	 36.96	 66.59	 68.77	 36.49	 35.52	 70.18	 35.36	 67.89	 67.41		Cyclura_pinguis 17
																		  0.00	 26.58	 68.77	 67.27	 68.84	 67.87	 67.94	 26.95	 69.52	 67.94	 67.49	 27.63	 66.67	 67.34	 66.74	 25.45	 26.73	 25.83	 68.62	 66.14	 68.99	 70.05	 25.23	 67.01	 68.62	 69.52	 65.02	 22.90	 26.20	 70.01	 69.37	 69.82	 68.84	 68.54	 69.22	 25.60	 27.70	 69.29	 68.99	 70.94	 69.82	 70.34	 24.77		Daboia_siamensis 18
																			  0.00	 68.62	 68.54	 69.29	 69.44	 68.47	 19.59	 68.99	 68.69	 68.02	 26.73	 66.82	 67.79	 66.89	 23.57	 23.12	 22.67	 70.05	 68.54	 69.22	 68.92	 21.85	 71.09	 69.22	 69.82	 66.44	 22.07	 21.92	 70.72	 69.14	 69.14	 70.12	 68.47	 71.02	 19.22	 23.95	 69.14	 69.22	 71.69	 68.99	 69.20	 20.57		Diadophis_punctatus 19
																				  0.00	 58.50	 56.95	 57.74	 29.81	 67.42	 35.10	 35.90	 35.68	 68.76	 57.98	 31.64	 65.19	 68.09	 66.82	 67.57	 57.21	 53.38	 31.50	 33.11	 67.19	 72.45	 35.98	 35.02	 59.18	 67.27	 68.16	 70.09	 32.67	 32.38	 31.20	 37.22	 37.44	 66.89	 69.37	 36.64	 35.46	 72.36	 34.36	 67.82	 67.26		Elgaria_multicarinata 20
																					  0.00	 56.66	 58.26	 58.57	 67.49	 58.13	 59.46	 58.57	 67.19	 33.41	 57.76	 66.52	 67.79	 67.79	 67.12	 59.05	 56.14	 58.50	 57.98	 66.67	 72.11	 57.54	 58.72	 51.80	 68.16	 66.67	 70.56	 58.06	 57.03	 57.98	 59.09	 60.04	 67.79	 68.24	 59.60	 60.04	 70.85	 57.10	 70.04	 66.22		Eublepharis_macularius 21
																						  0.00	 57.60	 58.94	 68.16	 57.98	 58.28	 58.20	 68.24	 52.02	 58.65	 67.19	 70.11	 68.99	 68.54	 57.72	 46.36	 57.84	 58.65	 67.94	 70.07	 57.62	 57.25	 46.73	 69.89	 67.64	 71.12	 57.17	 57.32	 57.25	 56.66	 60.63	 67.27	 68.24	 58.43	 59.01	 71.69	 57.47	 71.26	 68.61		Gekko_japonicus 22
																							  0.00	 56.78	 68.69	 57.52	 57.96	 57.60	 68.91	 56.34	 56.42	 61.33	 67.27	 67.64	 67.72	 55.28	 56.12	 56.27	 56.12	 67.79	 68.71	 56.05	 56.12	 59.29	 69.36	 68.01	 70.01	 56.71	 57.23	 58.11	 57.74	 59.14	 69.81	 68.32	 57.82	 55.97	 70.52	 57.01	 68.81	 67.79		Hemicordylus_capensis 23
																								  0.00	 67.19	 34.57	 33.55	 33.19	 68.69	 55.78	 28.81	 64.37	 67.04	 66.59	 67.49	 56.84	 53.01	 25.93	 26.01	 67.87	 70.41	 31.88	 33.70	 57.97	 67.64	 68.46	 70.80	 25.43	 24.80	 32.53	 35.46	 36.01	 67.34	 69.07	 35.76	 34.94	 69.35	 35.36	 68.35	 67.64		Iguana_delicatissima 24
																									  0.00	 68.84	 69.14	 68.16	 25.39	 66.14	 66.52	 65.54	 22.47	 23.07	 22.62	 69.44	 68.54	 68.54	 69.29	 21.65	 69.39	 68.39	 69.14	 66.52	 23.75	 21.20	 69.21	 69.36	 69.44	 68.09	 68.09	 68.31	 19.93	 23.42	 67.72	 68.24	 69.85	 68.39	 67.59	 20.52		Imantodes_cenchoa 25
																										  0.00	 23.12	 21.96	 69.21	 58.50	 34.57	 65.93	 68.84	 68.31	 69.06	 57.58	 53.67	 33.77	 33.84	 67.79	 70.75	 25.00	 25.14	 58.77	 69.81	 69.36	 71.92	 34.93	 33.84	 35.53	 39.93	 39.86	 69.44	 69.52	 39.72	 40.12	 70.94	 25.43	 69.81	 69.43		Lacerta_agilis 26
																											  0.00	  6.59	 68.61	 59.23	 32.90	 65.85	 67.94	 67.12	 68.46	 58.09	 51.84	 33.99	 32.97	 66.74	 72.79	 22.17	 22.75	 60.01	 67.87	 69.06	 71.52	 33.55	 33.55	 33.92	 39.05	 39.28	 67.64	 69.07	 39.65	 39.82	 69.01	 24.20	 67.66	 67.71		Lacerta_bilineata 27
																												  0.00	 68.24	 57.91	 33.11	 64.96	 68.01	 66.97	 67.87	 57.28	 51.25	 33.33	 33.26	 65.92	 72.79	 21.23	 21.52	 59.06	 67.72	 68.61	 71.68	 34.06	 33.19	 33.92	 38.32	 38.91	 67.34	 67.87	 39.57	 39.61	 69.68	 23.77	 67.89	 66.97		Lacerta_viridis 28
																													  0.00	 66.07	 67.87	 67.12	 27.72	 21.05	 20.45	 69.21	 68.69	 67.79	 69.21	 26.07	 66.33	 69.21	 69.51	 66.74	 25.99	 26.37	 71.52	 70.56	 71.01	 70.04	 68.76	 70.11	 25.09	 23.72	 69.21	 68.31	 71.86	 68.61	 71.26	 24.87		Laticauda_colubrina 29
																														  0.00	 55.48	 64.81	 64.94	 67.49	 66.52	 56.98	 56.29	 58.13	 58.06	 66.14	 68.71	 58.43	 59.01	 50.63	 66.14	 65.99	 69.61	 58.13	 57.91	 57.69	 56.73	 58.13	 66.67	 66.52	 57.47	 57.69	 71.02	 59.16	 68.35	 66.22		Lepidodactylus_listeri 30
																															  0.00	 63.70	 67.79	 66.74	 68.01	 56.10	 51.03	 30.05	 28.96	 66.14	 71.09	 31.36	 32.75	 59.21	 67.42	 67.49	 69.85	 28.37	 28.01	 30.77	 36.63	 33.63	 67.79	 67.94	 37.08	 36.18	 70.94	 33.33	 68.35	 66.59		Lerista_edwardsae 31
																																  0.00	 65.39	 66.07	 65.39	 46.52	 65.93	 65.70	 65.26	 65.54	 68.71	 64.67	 65.41	 66.67	 65.77	 67.27	 69.13	 64.67	 65.04	 66.44	 66.67	 67.48	 66.97	 65.62	 65.85	 65.19	 71.78	 64.81	 67.89	 66.07		Morelia_viridis 32
																																	  0.00	 24.64	 23.52	 70.11	 69.44	 68.69	 69.51	 23.45	 65.99	 69.06	 69.51	 66.59	 23.97	 23.90	 69.85	 68.84	 68.54	 67.94	 68.54	 69.74	 21.35	 23.72	 67.72	 68.46	 68.76	 70.11	 68.58	 21.95		Myanophis_thanlyinensis 33
																																		  0.00	 18.43	 69.66	 69.21	 67.49	 68.91	 23.45	 68.03	 68.01	 69.06	 66.29	 23.60	 25.62	 71.44	 67.94	 68.54	 69.59	 68.01	 69.66	 21.87	 22.97	 67.42	 68.16	 69.85	 68.61	 70.04	 22.32		Naja_naja 34
																																			  0.00	 69.96	 68.46	 67.94	 69.14	 24.04	 70.41	 68.46	 68.91	 66.59	 23.07	 24.49	 70.88	 68.91	 68.99	 69.21	 67.87	 69.81	 20.97	 21.25	 68.69	 68.01	 70.02	 68.31	 69.04	 22.25		Ophiophagus_hannah 35
																																				  0.00	 58.61	 56.69	 56.32	 69.44	 68.71	 58.09	 59.57	 60.46	 68.84	 68.76	 71.12	 57.43	 58.39	 58.91	 58.68	 61.12	 69.66	 69.59	 59.72	 60.16	 73.12	 58.17	 69.50	 69.66		Paroedura_picta 36
																																					  0.00	 52.13	 51.76	 67.49	 70.41	 53.01	 52.20	 44.13	 67.72	 68.31	 72.00	 51.54	 51.54	 51.69	 53.74	 53.52	 68.61	 69.44	 54.70	 54.11	 69.10	 52.42	 70.42	 68.46		Phrynocephalus_versicolor 37
																																						  0.00	 14.74	 66.67	 73.47	 32.32	 31.95	 59.36	 69.21	 68.84	 69.53	 22.51	 22.32	 32.31	 37.29	 36.89	 68.91	 68.99	 37.37	 36.83	 71.02	 34.13	 68.74	 67.41		Phrynosoma_blainvillii 38
																																							  0.00	 68.01	 72.45	 32.90	 33.12	 60.75	 69.66	 69.36	 70.01	 21.81	 21.81	 32.09	 38.24	 36.23	 70.04	 70.42	 38.84	 37.56	 72.70	 33.33	 69.43	 68.09		Phrynosoma_platyrhinos 39
																																								  0.00	 68.71	 67.79	 68.01	 65.32	 23.67	 17.60	 69.29	 67.42	 67.27	 67.79	 67.49	 68.39	 20.67	 23.27	 67.04	 68.39	 69.93	 68.16	 69.35	 11.61		Pituophis_catenifer 40
																																									  0.00	 71.77	 70.41	 71.09	 68.37	 66.67	 69.05	 66.33	 67.35	 70.75	 69.05	 73.47	 71.77	 68.03	 70.07	 72.11	 69.39	 71.77	 70.07	 67.35		Plestiodon_gilberti 41
																																										  0.00	 11.09	 58.85	 70.41	 68.91	 72.00	 32.97	 32.53	 33.48	 39.41	 39.13	 68.54	 68.54	 39.65	 38.07	 70.10	 22.61	 68.58	 68.31		Podarci_raffonei 42
																																											  0.00	 59.43	 70.64	 70.56	 72.39	 33.77	 32.53	 33.85	 40.44	 39.20	 69.59	 68.84	 39.35	 39.90	 71.61	 23.04	 69.66	 69.36		Podarcis_muralis 43
																																												  0.00	 66.07	 65.92	 73.27	 59.36	 58.99	 60.16	 61.54	 59.28	 66.22	 66.82	 60.65	 59.50	 68.68	 59.21	 69.12	 65.62		Pogona_vitticeps 44
																																													  0.00	 24.42	 68.89	 68.99	 69.36	 69.06	 67.57	 69.21	 22.02	 24.02	 67.94	 67.87	 68.93	 69.66	 69.27	 22.55		Protobothrops_mucrosquamatus 45
																																														  0.00	 69.37	 69.74	 69.44	 69.51	 68.31	 69.06	 20.90	 23.42	 69.29	 69.81	 70.94	 67.79	 68.43	 15.36		Ptyas_mucosa 46
																																															  0.00	 69.61	 69.85	 68.66	 69.69	 70.41	 69.93	 70.64	 69.93	 70.49	 70.02	 71.60	 70.33	 69.29		Salvator_merianae 47
																																																  0.00	 11.89	 32.97	 35.02	 35.72	 69.66	 69.67	 36.20	 36.32	 69.77	 35.00	 69.50	 68.01		Sceloporus_occidentalis 48
																																																	  0.00	 32.46	 36.92	 36.03	 69.29	 69.59	 35.32	 36.40	 70.44	 34.94	 69.04	 67.56		Sceloporus_tristichus 49
																																																		  0.00	 38.02	 37.65	 69.14	 68.92	 37.37	 36.33	 72.61	 35.16	 68.74	 68.61		Shinisaurus_crocodilurus 50
																																																			  0.00	 41.68	 67.94	 68.47	 38.25	 36.26	 71.86	 40.44	 69.43	 69.28		Sphaerodactylus_townsendi 51
																																																				  0.00	 68.46	 70.42	 42.07	 40.99	 70.52	 37.68	 68.43	 68.16		Sphenodon_punctatus 52
																																																					  0.00	 22.82	 68.09	 69.14	 70.69	 69.51	 68.74	 18.80		Thermophis_baileyi 53
																																																						  0.00	 68.92	 69.74	 70.69	 68.69	 69.35	 22.67		Tropidonophis_doriae 54
																																																							  0.00	 21.37	 69.93	 40.23	 68.35	 67.19		Varanus_komodoensis 55
																																																								  0.00	 69.85	 40.55	 67.36	 68.91		Varanus_salvator 56
																																																									  0.00	 70.10	 70.27	 70.27		Vipera_latastei 57
																																																										  0.00	 67.43	 68.46		Zootaca_vivipara 58
																																																											  0.00	 68.97		Thamnophis_elegans 59
																																																												  0.00		Pantherophis_guttatus 60
