Distance Matrix
---------------

Using the Tamura correction method
Using base positions 12 in the codon
Gap weighting is 0.000000

	    1	    2	    3	    4	    5	    6	    7	    8	    9	    10	    11	    12	    13	    14	    15	    16	    17	    18	    19	    20	    21	    22	    23	    24	    25	    26	    27	    28	    29	    30	    31	    32	    33	    34	    35	    36	    37	    38	    39	    40	    41	    42	    43	    44	    45	    46	    47	    48	    49	    50	    51	    52	    53	    54	    55	    56	    57
	  0.00	 41.83	 43.52	 19.39	 58.52	 56.72	 15.73	 16.93	 14.44	 17.80	 12.32	 13.78	 46.54	 46.53	 44.76	 21.49	 16.85	 47.63	 49.39	 54.81	 43.14	 41.53	 17.86	 45.24	 44.25	 44.25	 20.71	 51.77	 43.53	  9.82	 24.28	 20.75	 20.04	 70.37	 69.28	 46.36	 40.55	 21.71	 41.50	 47.66	 53.92	 61.51	 13.67	 20.18	 56.75	 37.20	 39.05	 46.66	 42.99	 49.06	 20.83	 52.92	 45.36	 15.68	 43.98	 17.16	 21.70		Python_bivittatus 1
		  0.00	 17.82	 50.28	 35.23	 33.89	 51.54	 50.26	 48.70	 49.19	 43.53	 46.47	 28.82	 27.76	 22.43	 56.79	 48.59	 25.44	 31.18	 39.90	 29.23	 19.15	 46.48	 33.79	 32.01	 34.85	 53.73	 38.47	 25.59	 45.70	 52.18	 53.41	 48.97	 58.45	 54.82	 20.19	 18.70	 48.50	 26.56	 36.83	 39.97	 51.05	 46.05	 49.52	 36.60	 23.92	 22.98	 22.14	 42.74	 39.82	 47.72	 37.30	 35.45	 47.65	 37.33	 50.52	 47.21		Anolis_carolinensis 2
			  0.00	 46.28	 39.91	 39.74	 47.35	 49.88	 46.00	 50.91	 40.68	 43.87	 32.30	 19.61	 23.11	 49.09	 47.38	 30.57	 30.31	 45.30	 29.65	 19.91	 50.51	 35.56	 32.81	 33.74	 55.65	 35.89	 30.52	 46.21	 52.62	 54.41	 52.08	 54.41	 56.54	 19.42	 17.84	 45.74	 29.71	 36.45	 40.51	 61.78	 45.80	 45.10	 36.66	 23.80	 24.78	 31.21	 34.73	 42.08	 52.66	 30.16	 30.39	 46.55	 38.41	 49.71	 43.34		Anolis_sagrei 3
				  0.00	 65.42	 64.00	 17.04	 14.90	 13.58	 13.64	 20.90	 11.56	 58.90	 46.70	 46.08	 24.54	  8.29	 58.59	 59.05	 59.92	 46.54	 43.36	  9.17	 55.71	 53.27	 56.05	 16.41	 52.41	 54.98	 21.01	 15.89	 12.94	 12.24	 71.07	 77.99	 50.32	 48.04	  5.89	 53.43	 49.87	 53.66	 65.75	 14.95	  8.42	 50.75	 47.25	 47.72	 53.58	 53.52	 54.46	 11.01	 54.66	 43.26	 20.11	 51.30	 11.05	  5.89		Arizona_elegans 4
					  0.00	  7.78	 64.06	 59.91	 61.36	 74.50	 51.04	 60.20	 43.91	 48.02	 43.38	 80.33	 61.00	 29.21	 34.84	 53.76	 35.36	 37.73	 67.02	 43.24	 40.08	 41.19	 72.43	 46.08	 40.64	 58.72	 66.09	 73.44	 66.97	 66.85	 41.19	 40.45	 38.46	 62.62	 39.02	 41.19	 42.31	 42.42	 62.50	 62.23	 17.06	 39.75	 42.72	 35.60	 45.88	 42.93	 67.07	 40.40	 38.29	 63.95	 36.92	 59.94	 64.15		Aspidocelis_tigris 5
						  0.00	 61.16	 55.57	 60.07	 69.17	 49.48	 55.98	 40.47	 47.65	 40.93	 72.63	 61.36	 30.69	 34.72	 51.41	 33.45	 35.62	 57.82	 42.70	 39.62	 39.62	 65.54	 45.91	 36.93	 52.75	 63.01	 66.57	 65.54	 67.25	 43.09	 37.05	 37.21	 62.83	 37.83	 41.76	 45.17	 41.33	 61.20	 60.88	 19.37	 38.56	 39.37	 33.62	 44.45	 43.87	 67.34	 40.28	 38.19	 65.92	 42.86	 58.65	 58.16		Aspidoscelis_marmoratus 6
							  0.00	 13.89	  7.14	 16.41	 19.31	  9.72	 50.54	 42.59	 44.03	 16.60	 14.58	 49.18	 56.91	 49.07	 49.69	 44.09	 20.04	 56.38	 53.92	 56.66	 22.29	 49.98	 48.18	 16.47	 21.13	 18.55	 16.38	 69.82	 78.57	 48.06	 43.06	 18.57	 45.20	 52.21	 53.49	 70.87	 11.08	 16.38	 58.19	 36.76	 39.61	 52.01	 45.67	 54.21	 19.19	 52.34	 40.42	 13.12	 55.77	 16.34	 18.57		Azemiops_feae 7
								  0.00	 14.02	 14.08	 16.02	 13.33	 49.75	 45.97	 47.46	 22.49	 11.28	 53.89	 59.19	 56.19	 47.24	 43.96	 12.58	 56.84	 55.74	 58.84	 14.61	 50.75	 49.09	 16.96	 15.52	 13.14	 14.67	 75.56	 80.27	 51.75	 44.94	 11.16	 49.12	 54.81	 60.94	 64.78	 13.95	 10.42	 58.60	 44.44	 47.00	 52.24	 52.50	 57.84	 11.72	 54.50	 46.06	 13.94	 59.34	  7.60	 14.99		Boaedon_fuliginosus 8
									  0.00	 12.90	 16.37	  5.31	 50.78	 42.84	 44.31	 16.54	 13.94	 49.02	 53.22	 57.47	 48.67	 42.01	 16.43	 55.30	 52.88	 55.60	 19.34	 52.27	 51.73	 15.93	 20.44	 15.73	 14.98	 69.58	 72.84	 49.14	 45.24	 17.88	 47.84	 51.18	 55.09	 69.42	  5.93	 15.71	 59.46	 40.54	 43.55	 54.52	 49.05	 49.31	 17.08	 51.86	 43.30	 13.18	 54.75	 14.31	 17.88		Bothrops_jararaca 9
										  0.00	 17.76	 14.34	 53.99	 46.27	 45.01	 24.68	 14.00	 53.67	 58.55	 62.30	 48.65	 45.46	 15.80	 55.27	 51.54	 54.18	 15.18	 59.99	 53.05	 21.69	 20.42	 13.78	 13.13	 77.54	 85.26	 53.12	 48.88	 16.62	 53.11	 47.53	 53.71	 68.16	 14.97	 14.46	 64.06	 43.82	 46.16	 53.64	 57.32	 54.50	 17.17	 59.83	 51.15	 16.46	 54.67	 13.68	 16.61		Bungarus_multicintus 10
											  0.00	 17.91	 46.70	 43.72	 40.77	 26.94	 17.53	 44.36	 45.40	 52.47	 43.05	 38.76	 18.57	 46.50	 45.51	 47.83	 23.85	 46.57	 41.78	 12.42	 22.70	 19.93	 19.23	 63.84	 67.00	 47.07	 39.93	 20.84	 43.54	 45.51	 51.54	 54.10	 17.80	 18.57	 50.77	 36.46	 39.28	 45.39	 40.13	 55.79	 21.56	 47.15	 42.21	 20.69	 49.66	 17.86	 20.84		Charina_bottae 11
												  0.00	 48.48	 46.60	 45.83	 17.23	 10.31	 46.81	 52.14	 55.03	 44.25	 42.19	 15.75	 51.57	 49.28	 51.82	 18.63	 48.74	 45.80	 15.26	 16.62	 13.57	 13.55	 71.47	 71.50	 43.29	 44.28	 14.99	 45.62	 51.39	 52.67	 64.80	  6.54	 12.92	 58.32	 39.62	 41.50	 49.51	 48.03	 52.13	 14.95	 52.02	 43.44	 13.12	 51.11	 12.25	 14.99		Crotalus_tigris 12
													  0.00	 35.62	 27.15	 57.66	 53.71	 28.46	 33.52	 40.90	 30.09	 23.85	 53.19	 29.95	 28.24	 30.08	 58.87	 34.55	 15.66	 48.08	 61.17	 52.90	 54.55	 57.06	 55.05	 25.44	 23.73	 56.29	 17.08	 29.84	 31.71	 53.73	 50.54	 55.16	 48.17	 25.44	 28.74	 26.09	 35.36	 43.12	 60.42	 39.12	 42.35	 53.95	 35.25	 55.44	 57.74		Cryptoblepharus_egeriae 13
														  0.00	 14.75	 61.18	 46.24	 31.33	 39.63	 38.91	 32.46	  6.90	 54.65	 40.64	 37.82	 42.36	 53.57	 36.50	 33.11	 51.99	 53.50	 51.82	 50.88	 73.92	 66.33	 21.91	 26.37	 52.09	 27.04	 40.98	 44.22	 62.01	 47.67	 51.67	 41.44	 25.12	 25.17	 26.37	 40.87	 43.05	 53.64	 37.16	 30.27	 48.39	 45.59	 52.40	 48.15		Ctenosaura_bakeri 14
															  0.00	 54.96	 48.49	 23.74	 36.87	 40.09	 34.00	  9.67	 42.48	 32.79	 32.87	 35.74	 52.65	 28.56	 26.20	 47.28	 55.56	 48.24	 45.58	 56.48	 62.13	 16.56	 18.64	 49.68	 23.25	 32.11	 36.99	 46.09	 46.50	 48.64	 36.75	 20.91	 25.53	 26.31	 40.44	 39.71	 49.36	 30.98	 32.87	 40.54	 36.67	 45.06	 48.35		Cyclura_pinguis 15
																  0.00	 19.03	 56.72	 67.44	 62.41	 59.91	 54.90	 24.65	 61.78	 60.04	 60.04	 27.04	 62.61	 59.58	 23.12	 25.65	 22.23	 20.74	 80.98	 76.93	 58.25	 49.14	 23.91	 57.54	 59.55	 67.22	 88.11	 19.53	 23.84	 77.58	 46.53	 49.80	 64.37	 58.49	 61.34	 22.93	 63.58	 52.30	 16.60	 62.71	 22.96	 23.08		Daboia_siamensis 16
																	  0.00	 52.19	 55.81	 52.38	 47.37	 42.93	  8.98	 55.56	 57.49	 60.72	 16.87	 52.37	 48.87	 18.48	 13.14	  8.88	 11.64	 76.06	 79.06	 52.77	 48.54	  7.64	 48.06	 57.40	 63.78	 71.54	 13.88	  8.25	 61.31	 44.20	 44.62	 49.12	 50.02	 50.58	  9.61	 56.13	 44.94	 17.00	 56.33	  8.25	  9.75		Diadophis_punctatus 17
																		  0.00	 40.11	 42.72	 24.39	 22.11	 56.24	 37.25	 38.33	 39.35	 57.14	 33.45	 26.36	 47.68	 60.54	 55.51	 54.46	 59.19	 43.98	 19.92	 20.73	 55.17	 22.88	 33.82	 35.75	 46.90	 48.83	 56.29	 34.79	 20.61	 23.60	 19.14	 34.38	 40.80	 55.81	 32.03	 30.30	 49.16	 33.64	 56.45	 56.52		Elgaria_multicarinata 18
																			  0.00	 44.43	 36.30	 32.86	 57.56	 36.02	 33.20	 34.17	 65.42	 43.79	 36.80	 53.44	 65.15	 61.93	 58.46	 53.10	 55.61	 36.16	 33.10	 63.37	 40.32	 37.94	 41.16	 58.00	 53.03	 55.35	 37.23	 30.24	 31.91	 37.57	 30.43	 45.39	 59.95	 34.78	 34.71	 57.31	 34.70	 55.90	 61.75		Eublepharis_macularius 19
																				  0.00	 39.94	 33.55	 55.99	 49.17	 51.63	 54.12	 65.30	 22.98	 33.44	 54.77	 58.95	 63.72	 58.14	 41.63	 48.76	 42.15	 39.00	 56.09	 34.38	 47.96	 47.96	 63.32	 60.03	 58.29	 53.71	 39.94	 36.28	 37.94	 33.47	 50.84	 54.01	 38.86	 42.86	 49.23	 53.61	 61.56	 56.11		Gekko_japonicus 20
																					  0.00	 25.15	 45.67	 36.18	 35.29	 37.19	 56.70	 31.98	 32.08	 43.17	 52.23	 52.93	 54.43	 56.86	 46.14	 26.01	 29.48	 50.34	 29.32	 34.46	 35.40	 46.75	 46.22	 50.13	 40.03	 26.83	 26.00	 29.25	 32.65	 43.79	 49.25	 36.18	 36.23	 45.91	 36.23	 49.90	 47.87		Hemicordylus_capensis 21
																						  0.00	 43.35	 30.15	 27.62	 30.21	 48.97	 31.16	 26.28	 46.07	 52.18	 46.67	 47.27	 54.80	 56.63	 15.60	 16.96	 46.73	 19.33	 32.01	 37.85	 49.52	 44.09	 47.73	 32.94	 18.39	 19.88	 20.57	 35.36	 32.10	 48.21	 30.05	 28.47	 42.16	 31.95	 46.70	 45.51		Iguana_delicatissima 22
																							  0.00	 50.35	 48.11	 50.60	 18.65	 51.57	 47.49	 16.39	 16.63	 11.57	 14.32	 72.82	 82.19	 52.98	 46.75	 11.75	 49.37	 48.65	 54.96	 62.38	 19.39	 13.82	 53.35	 46.03	 45.26	 52.18	 54.83	 53.06	  9.66	 51.16	 44.60	 17.07	 52.93	 11.05	 11.75		Imantodes_cenchoa 23
																								  0.00	  5.93	  8.52	 55.65	 41.98	 27.84	 47.86	 60.04	 51.74	 56.51	 56.68	 50.76	 31.90	 35.77	 57.77	 29.53	 13.01	 15.15	 46.56	 51.13	 60.39	 40.82	 27.73	 26.89	 32.65	 39.98	 47.98	 55.17	 37.51	 37.27	 56.11	 16.59	 59.08	 56.32		Lacerta_agilis 24
																									  0.00	  3.49	 55.42	 44.20	 28.81	 44.56	 54.57	 47.83	 54.94	 59.91	 52.33	 30.18	 32.99	 56.67	 32.39	 12.96	 16.57	 44.42	 48.86	 57.80	 38.85	 24.46	 26.11	 32.70	 42.11	 48.18	 54.10	 37.63	 37.35	 53.68	 17.43	 55.15	 52.57		Lacerta_bilineata 25
																										  0.00	 56.83	 48.78	 34.47	 46.87	 57.42	 50.27	 56.30	 64.69	 51.04	 32.89	 33.93	 59.58	 35.34	 15.83	 19.66	 46.70	 50.08	 60.75	 41.00	 27.80	 29.57	 34.54	 45.37	 46.98	 56.87	 40.77	 39.36	 56.38	 20.61	 57.96	 55.23		Lacerta_viridis 26
																											  0.00	 66.68	 57.76	 24.79	 22.64	 11.04	 12.99	 84.82	 83.21	 52.38	 45.92	 18.61	 55.63	 46.90	 53.21	 72.96	 20.04	 16.41	 63.95	 48.04	 49.73	 57.16	 56.68	 65.09	 18.65	 66.74	 53.24	 22.42	 59.39	 15.71	 18.60		Laticauda_colubrina 27
																												  0.00	 33.56	 49.35	 54.22	 55.79	 56.87	 40.70	 51.22	 30.17	 35.66	 52.61	 30.14	 41.90	 45.08	 52.16	 50.85	 55.92	 42.82	 34.61	 36.77	 37.25	 31.16	 48.33	 52.42	 32.59	 35.28	 46.41	 44.04	 51.38	 53.94		Lepidodactylus_listeri 28
																													  0.00	 39.49	 58.34	 49.71	 52.36	 54.16	 52.95	 25.51	 26.28	 55.22	 14.95	 30.63	 32.51	 50.65	 52.81	 51.49	 45.09	 26.36	 26.36	 22.97	 30.02	 47.32	 54.98	 34.48	 37.46	 48.36	 35.58	 51.72	 51.29		Lerista_edwardsae 29
																														  0.00	 20.36	 21.55	 22.45	 61.62	 60.25	 48.16	 44.29	 20.14	 45.99	 45.70	 49.29	 63.23	 18.91	 21.01	 58.35	 39.39	 40.24	 52.95	 41.95	 55.72	 19.30	 52.97	 46.56	 15.69	 51.14	 16.43	 20.14		Morelia_viridis 30
																															  0.00	 15.70	 16.50	 76.53	 95.14	 53.60	 50.57	 12.96	 60.18	 58.27	 66.22	 75.12	 20.33	 13.71	 60.63	 46.41	 51.55	 63.34	 59.01	 65.09	 13.70	 62.63	 52.73	 21.04	 64.08	 13.75	 15.83		Myanophis_thanlyinensis 31
																																  0.00	  6.47	 82.17	 88.77	 52.00	 49.25	 14.31	 49.11	 51.54	 55.55	 65.89	 14.97	 13.58	 68.34	 44.36	 46.97	 52.64	 56.87	 58.82	 10.24	 62.25	 50.81	 22.66	 56.48	 10.89	 14.31		Naja_naja 32
																																	  0.00	 82.95	 80.84	 55.82	 43.95	 10.91	 52.25	 49.83	 53.61	 67.61	 14.30	 12.30	 60.80	 46.85	 48.07	 50.40	 57.10	 59.55	 10.88	 60.65	 48.39	 20.24	 59.80	 12.95	 13.66		Ophiophagus_hannah 33
																																		  0.00	 61.57	 62.59	 57.56	 76.11	 51.86	 52.41	 56.42	 68.94	 72.60	 78.68	 63.87	 56.41	 50.71	 61.82	 42.10	 62.68	 73.65	 50.65	 56.42	 69.82	 62.01	 80.03	 80.05		Paroedura_picta 34
																																			  0.00	 59.63	 53.22	 86.76	 54.94	 42.61	 43.72	 35.06	 74.02	 85.01	 49.00	 49.01	 48.62	 44.75	 51.12	 62.18	 77.77	 55.79	 58.83	 71.06	 52.96	 79.57	 84.00		Phrynocephalus_versicolor 35
																																				  0.00	 11.02	 50.64	 23.25	 36.01	 36.01	 51.25	 47.60	 49.58	 36.03	 14.37	 17.83	 21.42	 35.60	 37.94	 55.87	 32.96	 34.79	 49.33	 32.87	 49.76	 48.00		Phrynosoma_blainvillii 36
																																					  0.00	 44.61	 22.35	 34.16	 35.15	 51.43	 48.64	 45.58	 35.17	 12.31	 17.89	 19.92	 34.73	 42.11	 48.80	 33.66	 32.82	 46.59	 34.69	 46.95	 45.79		Phrynosoma_platyrhinos 37
																																						  0.00	 54.52	 54.43	 58.49	 66.50	 18.58	  7.80	 55.43	 49.54	 50.05	 54.74	 52.88	 59.20	  9.64	 58.57	 47.66	 20.18	 57.41	 11.01	  4.73		Pituophis_catenifer 38
																																							  0.00	 33.12	 34.08	 54.00	 47.61	 52.81	 39.19	 24.75	 25.59	 21.44	 30.05	 40.46	 56.33	 34.43	 36.39	 45.39	 31.02	 50.98	 53.11		Plestiodon_gilberti 39
																																								  0.00	  3.49	 46.68	 50.97	 55.93	 35.04	 26.23	 29.42	 28.49	 41.83	 43.84	 52.35	 34.52	 32.65	 48.70	 21.22	 56.05	 53.12		Podarci_raffonei 40
																																									  0.00	 50.27	 52.22	 58.71	 38.10	 28.85	 32.13	 30.24	 44.96	 48.60	 56.34	 37.42	 36.37	 55.04	 20.41	 60.32	 57.06		Podarcis_muralis 41
																																										  0.00	 70.61	 71.19	 43.58	 49.13	 53.91	 41.44	 66.33	 68.55	 64.98	 62.84	 54.51	 68.56	 47.64	 65.41	 68.05		Pogona_vitticeps 42
																																											  0.00	 14.95	 62.11	 40.41	 42.31	 54.21	 52.63	 50.32	 17.04	 56.82	 45.37	 16.81	 51.95	 12.88	 18.57		Protobothrops_mucrosquamatus 43
																																												  0.00	 56.25	 44.89	 49.79	 51.45	 53.52	 57.33	 12.31	 58.32	 48.69	 18.69	 59.98	  9.04	  8.46		Ptyas_mucosa 44
																																													  0.00	 34.04	 37.04	 32.26	 51.78	 40.87	 58.49	 36.45	 35.59	 56.70	 38.58	 53.57	 52.68		Salvator_merianae 45
																																														  0.00	  5.25	 17.72	 30.09	 37.91	 45.70	 32.95	 31.96	 41.73	 29.38	 45.02	 45.87		Sceloporus_occidentalis 46
																																															  0.00	 19.89	 30.09	 37.18	 43.76	 35.85	 34.78	 42.85	 31.94	 48.68	 46.28		Sceloporus_tristichus 47
																																																  0.00	 39.88	 38.85	 55.78	 33.29	 32.24	 55.30	 33.62	 60.48	 54.69		Shinisaurus_crocodilurus 48
																																																	  0.00	 53.71	 59.02	 30.86	 35.43	 48.85	 42.92	 53.73	 55.58		Sphaerodactylus_townsendi 49
																																																		  0.00	 55.64	 47.35	 41.36	 52.27	 50.27	 53.26	 59.13		Sphenodon_punctatus 50
																																																			  0.00	 59.71	 46.61	 19.39	 56.59	  8.98	 11.66		Thermophis_baileyi 51
																																																				  0.00	 14.42	 49.52	 32.92	 58.04	 58.54		Varanus_komodoensis 52
																																																					  0.00	 46.49	 33.56	 46.21	 46.48		Varanus_salvator 53
																																																						  0.00	 53.35	 16.38	 20.18		Vipera_latastei 54
																																																							  0.00	 59.99	 55.96		Zootaca_vivipara 55
																																																								  0.00	 11.69		Thamnophis_elegans 56
																																																									  0.00		Pantherophis_guttatus 57
