Distance Matrix
---------------

Using the Tamura correction method
Using base positions 12 in the codon
Gap weighting is 0.000000

	    1	    2	    3	    4	    5	    6	    7	    8	    9	    10	    11	    12	    13	    14	    15	    16	    17	    18	    19	    20	    21	    22	    23	    24	    25	    26	    27	    28	    29	    30	    31	    32	    33	    34	    35	    36	    37	    38	    39	    40	    41	    42	    43	    44	    45	    46	    47	    48	    49	    50	    51	    52	    53	    54	    55	    56	    57
	  0.00	 62.62	 69.75	 35.77	 64.70	 62.95	 32.77	 38.22	 38.74	 36.79	 27.34	 39.60	 64.95	 58.78	 67.13	 37.71	 36.98	 70.58	 68.83	 69.64	 61.38	 60.49	 34.50	 62.91	 66.11	 63.50	 40.27	 61.67	 60.11	 20.06	 37.03	 35.70	 32.86	 79.46	 71.66	 63.94	 70.96	 38.66	 68.45	 71.33	 67.29	 65.67	 35.87	 32.67	 61.12	 68.85	 66.44	 60.66	 63.99	 59.41	 31.16	 64.79	 57.99	 36.19	 74.10	 40.69	 33.85		Python_bivittatus 1
		  0.00	 30.49	 60.46	 45.88	 45.52	 66.30	 73.84	 59.86	 67.29	 66.74	 59.02	 34.87	 32.17	 30.32	 65.17	 65.06	 42.46	 40.88	 37.66	 39.08	 31.10	 56.22	 35.17	 36.97	 36.64	 64.28	 34.25	 32.47	 61.27	 61.01	 65.98	 60.89	 54.82	 56.59	 30.95	 34.90	 61.22	 39.31	 35.21	 32.82	 58.42	 61.30	 63.75	 45.26	 34.77	 33.54	 31.25	 37.08	 47.55	 63.32	 44.08	 36.00	 60.21	 37.10	 70.83	 59.43		Anolis_carolinensis 2
			  0.00	 67.10	 47.73	 50.68	 64.34	 67.74	 61.77	 68.53	 70.56	 62.64	 29.21	 32.91	 35.17	 63.83	 61.40	 41.99	 39.43	 38.10	 36.47	 36.43	 61.46	 34.56	 38.35	 36.53	 63.11	 38.97	 30.12	 64.98	 58.48	 61.15	 58.35	 51.26	 58.42	 30.35	 33.21	 61.06	 42.80	 36.34	 37.21	 57.88	 67.66	 66.17	 40.05	 32.66	 33.72	 38.15	 42.43	 44.62	 66.15	 43.26	 43.12	 59.44	 36.49	 63.92	 65.18		Anolis_sagrei 3
				  0.00	 64.83	 69.06	 33.84	 39.35	 33.83	 31.84	 40.03	 34.00	 59.07	 61.75	 66.47	 36.22	 31.20	 63.26	 70.18	 71.11	 61.79	 63.68	 28.65	 65.59	 67.26	 64.63	 34.20	 60.38	 61.04	 37.84	 32.55	 33.67	 29.20	 73.32	 65.27	 62.09	 57.69	 18.96	 72.73	 69.14	 68.87	 65.52	 38.40	 18.35	 69.18	 65.33	 63.83	 69.96	 67.23	 61.93	 28.96	 65.73	 65.20	 31.69	 68.66	 34.49	 18.86		Arizona_elegans 4
					  0.00	 12.50	 65.55	 68.20	 61.26	 69.93	 62.79	 63.87	 50.89	 46.27	 51.18	 61.16	 63.94	 47.81	 50.40	 48.83	 51.53	 49.86	 59.95	 47.73	 48.57	 48.21	 64.92	 54.68	 49.78	 67.33	 60.49	 64.50	 59.96	 60.78	 56.38	 47.53	 47.53	 68.31	 57.56	 50.48	 52.83	 61.99	 64.27	 63.81	 30.92	 50.45	 49.00	 45.33	 53.85	 51.92	 66.11	 51.13	 51.91	 54.73	 46.81	 70.38	 66.01		Aspidocelis_tigris 5
						  0.00	 64.34	 70.04	 63.40	 71.24	 61.17	 63.79	 50.33	 47.79	 53.87	 64.71	 67.98	 49.33	 50.05	 49.27	 53.54	 51.88	 59.96	 46.30	 47.23	 49.78	 69.83	 52.18	 48.77	 64.29	 61.55	 65.05	 65.60	 59.06	 55.95	 50.58	 50.08	 69.54	 59.57	 49.62	 50.42	 62.53	 64.79	 64.39	 32.01	 51.89	 48.61	 47.63	 54.27	 52.53	 64.92	 58.79	 51.35	 55.25	 50.88	 67.55	 66.01		Aspidoscelis_marmoratus 6
							  0.00	 34.99	 24.65	 36.61	 39.51	 29.45	 63.20	 56.85	 62.82	 29.67	 38.21	 60.84	 70.71	 65.86	 64.61	 59.37	 32.92	 64.77	 68.60	 62.98	 38.57	 55.73	 63.59	 32.26	 30.63	 33.77	 32.94	 73.12	 73.36	 61.33	 64.97	 35.99	 68.61	 72.06	 68.40	 63.78	 24.02	 30.42	 58.34	 61.02	 65.01	 59.92	 62.49	 60.58	 34.29	 61.00	 60.61	 25.19	 70.10	 43.54	 34.49		Azemiops_feae 7
								  0.00	 38.16	 36.54	 36.33	 45.24	 69.55	 66.13	 70.30	 36.21	 32.24	 71.28	 72.40	 66.68	 62.42	 67.40	 31.88	 70.19	 72.48	 72.80	 38.16	 69.28	 66.65	 34.89	 33.99	 33.61	 31.14	 65.63	 71.12	 70.45	 76.74	 33.50	 69.40	 68.13	 70.87	 71.82	 36.31	 32.97	 62.02	 66.94	 72.39	 68.27	 64.78	 59.11	 39.31	 67.01	 61.93	 35.18	 71.75	 42.47	 31.91		Boaedon_fuliginosus 8
									  0.00	 35.88	 39.73	 23.63	 60.93	 51.71	 55.90	 29.65	 31.54	 65.74	 75.10	 63.67	 67.45	 52.89	 33.90	 66.94	 66.28	 66.05	 40.47	 60.31	 60.20	 37.80	 33.51	 34.57	 28.37	 78.46	 68.39	 60.98	 67.57	 33.63	 62.30	 74.20	 69.39	 59.95	 21.40	 32.46	 59.50	 60.61	 62.15	 63.35	 61.88	 60.09	 31.38	 65.03	 58.89	 23.70	 72.08	 36.84	 36.65		Bothrops_jararaca 9
										  0.00	 43.06	 43.51	 64.84	 65.46	 72.99	 36.94	 35.94	 71.10	 69.09	 72.55	 68.52	 70.84	 32.19	 70.39	 69.38	 67.97	 26.77	 70.59	 68.59	 39.76	 37.57	 27.77	 24.27	 78.08	 75.63	 68.84	 69.32	 30.69	 73.11	 70.36	 67.28	 67.96	 37.69	 29.25	 64.76	 68.00	 68.87	 67.85	 74.14	 64.55	 37.13	 62.04	 61.76	 34.74	 69.62	 43.86	 33.67		Bungarus_multicintus 10
											  0.00	 39.54	 72.74	 61.85	 67.68	 43.51	 32.31	 70.36	 74.47	 66.32	 68.62	 64.39	 31.75	 61.36	 72.12	 72.68	 42.38	 69.01	 69.68	 27.81	 36.59	 35.97	 33.60	 71.03	 72.60	 64.90	 70.22	 38.43	 79.92	 72.80	 74.67	 72.62	 38.99	 34.28	 61.97	 70.73	 67.87	 68.96	 67.12	 58.62	 33.53	 71.81	 66.45	 37.02	 67.87	 36.55	 31.21		Charina_bottae 11
												  0.00	 65.27	 59.60	 59.30	 35.21	 37.03	 66.18	 69.65	 62.97	 66.88	 59.31	 32.42	 57.82	 63.29	 63.67	 38.05	 60.05	 64.89	 37.82	 35.20	 34.40	 34.90	 76.97	 72.16	 68.05	 72.82	 34.40	 67.54	 73.37	 71.18	 65.80	 25.39	 35.09	 64.46	 66.99	 64.56	 61.09	 70.12	 63.09	 28.86	 65.74	 64.38	 29.75	 69.86	 38.46	 35.31		Crotalus_tigris 12
													  0.00	 24.80	 30.45	 61.98	 66.12	 39.66	 43.54	 37.53	 33.98	 28.72	 66.33	 31.51	 33.28	 33.45	 61.70	 37.19	 26.67	 62.86	 63.72	 63.05	 56.08	 44.84	 55.82	 34.84	 35.33	 62.16	 29.86	 36.38	 37.24	 51.63	 61.92	 66.69	 46.01	 30.15	 29.54	 34.02	 35.52	 41.07	 62.04	 46.96	 43.93	 55.66	 37.24	 69.08	 58.87		Cryptoblepharus_egeriae 13
														  0.00	 24.21	 69.15	 61.01	 36.36	 38.99	 36.34	 36.07	 18.95	 53.18	 38.61	 37.12	 36.41	 64.06	 35.08	 26.78	 55.87	 64.94	 59.54	 59.50	 49.89	 54.53	 29.23	 36.72	 60.01	 33.05	 35.58	 37.30	 50.75	 54.73	 60.33	 43.79	 25.38	 28.03	 32.97	 35.05	 44.08	 59.55	 42.74	 39.48	 48.97	 37.90	 66.09	 56.59		Ctenosaura_bakeri 14
															  0.00	 60.84	 64.07	 37.11	 40.19	 37.65	 40.85	 24.16	 59.63	 35.88	 37.26	 37.84	 62.46	 35.63	 29.07	 58.84	 66.47	 60.90	 57.84	 53.04	 59.57	 34.90	 32.76	 60.99	 37.17	 35.73	 34.30	 48.93	 58.23	 65.36	 46.43	 30.42	 26.49	 34.24	 34.18	 42.22	 70.20	 42.30	 39.41	 53.20	 35.69	 71.81	 64.94		Cyclura_pinguis 15
																  0.00	 32.65	 66.89	 71.61	 68.06	 66.48	 65.16	 32.44	 63.93	 72.92	 70.76	 39.35	 69.06	 61.40	 37.85	 32.31	 40.82	 35.67	 81.03	 69.37	 67.02	 69.38	 36.22	 74.37	 60.57	 59.70	 63.10	 30.68	 34.28	 62.85	 77.01	 70.37	 66.93	 69.70	 56.40	 40.91	 67.94	 60.93	 19.90	 67.76	 38.93	 33.14		Daboia_siamensis 16
																	  0.00	 70.58	 69.16	 65.18	 58.88	 68.15	 23.93	 63.00	 73.07	 70.88	 35.23	 67.36	 58.92	 36.29	 28.43	 33.22	 29.29	 78.68	 70.74	 65.17	 70.82	 29.53	 69.97	 73.12	 72.57	 72.23	 32.56	 28.80	 70.25	 67.34	 70.29	 64.08	 71.87	 62.48	 23.63	 68.09	 64.16	 33.34	 71.20	 32.11	 29.48		Diadophis_punctatus 17
																		  0.00	 44.52	 44.92	 39.99	 36.26	 60.69	 45.49	 43.43	 45.02	 64.83	 40.90	 37.87	 67.12	 69.09	 57.91	 62.19	 55.27	 57.84	 40.33	 41.17	 60.05	 46.47	 45.75	 42.14	 53.43	 65.58	 62.60	 49.42	 41.75	 37.74	 34.84	 41.60	 38.89	 64.07	 49.98	 45.91	 55.19	 48.12	 70.53	 63.97		Elgaria_multicarinata 18
																			  0.00	 43.42	 42.66	 42.86	 59.00	 37.18	 43.17	 42.97	 61.76	 38.63	 33.15	 65.02	 72.32	 69.83	 71.69	 54.94	 58.83	 37.45	 39.44	 62.68	 50.80	 42.92	 39.57	 62.16	 75.76	 69.08	 48.92	 40.36	 41.14	 42.84	 49.94	 51.95	 76.24	 50.51	 47.91	 63.35	 41.94	 77.43	 67.88		Eublepharis_macularius 19
																				  0.00	 41.45	 34.95	 63.53	 40.73	 43.64	 42.95	 62.87	 31.33	 38.00	 67.64	 69.43	 68.78	 68.53	 57.43	 65.18	 43.61	 41.83	 69.22	 44.32	 42.44	 44.81	 63.85	 65.00	 68.09	 54.74	 38.71	 39.68	 39.47	 38.87	 49.48	 71.72	 53.07	 47.85	 60.38	 42.15	 74.10	 69.50		Gekko_japonicus 20
																					  0.00	 37.91	 60.15	 33.98	 37.43	 36.79	 66.49	 41.19	 36.01	 62.46	 67.78	 62.30	 61.30	 46.85	 55.95	 35.50	 39.87	 63.96	 44.01	 40.52	 38.77	 52.98	 68.17	 63.97	 44.30	 35.89	 39.67	 37.69	 40.89	 41.38	 58.76	 43.89	 42.07	 60.20	 44.07	 59.23	 66.97		Hemicordylus_capensis 21
																						  0.00	 54.58	 35.50	 35.80	 36.01	 61.49	 34.74	 28.58	 62.37	 63.95	 55.30	 59.32	 59.13	 53.81	 30.24	 33.83	 61.67	 35.72	 37.62	 37.44	 51.94	 58.22	 62.43	 45.66	 33.28	 27.73	 35.79	 32.23	 44.24	 60.59	 41.25	 39.52	 53.54	 38.15	 64.91	 60.62		Iguana_delicatissima 22
																							  0.00	 58.56	 67.42	 67.31	 30.51	 62.46	 57.62	 36.23	 31.75	 30.56	 28.63	 65.88	 59.25	 55.98	 65.37	 26.22	 67.82	 67.71	 64.10	 62.84	 33.06	 23.59	 60.11	 59.24	 62.66	 57.82	 63.57	 58.45	 27.29	 60.90	 58.16	 29.69	 63.15	 29.48	 24.48		Imantodes_cenchoa 23
																								  0.00	 17.40	 17.18	 56.12	 38.35	 35.24	 55.28	 60.44	 66.08	 60.82	 55.81	 52.71	 35.59	 38.55	 58.70	 40.55	 22.03	 25.73	 57.84	 67.73	 63.98	 46.26	 38.03	 34.20	 38.42	 43.61	 44.07	 61.80	 44.81	 41.82	 56.44	 28.32	 64.07	 62.48		Lacerta_agilis 24
																									  0.00	  5.99	 58.83	 41.28	 37.52	 63.94	 64.29	 65.36	 63.81	 56.93	 61.38	 38.10	 42.01	 67.07	 38.58	 26.52	 27.24	 56.22	 68.49	 67.76	 45.33	 39.45	 34.54	 39.05	 38.91	 46.51	 68.79	 50.15	 47.51	 61.12	 31.82	 68.58	 70.05		Lacerta_bilineata 25
																										  0.00	 64.67	 40.24	 37.29	 62.58	 63.95	 65.78	 67.25	 58.94	 61.75	 38.66	 41.42	 67.57	 38.65	 25.83	 27.28	 58.41	 67.05	 68.86	 46.37	 37.96	 35.09	 40.10	 38.29	 46.21	 69.23	 44.02	 43.49	 60.86	 32.27	 66.90	 72.66		Lacerta_viridis 26
																											  0.00	 59.25	 61.13	 37.81	 35.57	 30.98	 27.85	 70.63	 68.73	 63.14	 63.15	 31.40	 63.45	 67.51	 63.92	 63.57	 36.16	 34.40	 66.09	 59.95	 59.47	 60.07	 71.31	 59.86	 39.04	 60.50	 62.83	 37.15	 65.64	 38.33	 31.28		Laticauda_colubrina 27
																												  0.00	 28.49	 56.02	 58.94	 62.93	 63.08	 49.07	 62.14	 38.50	 38.83	 58.74	 41.19	 39.94	 37.28	 53.91	 57.79	 64.05	 45.30	 37.15	 35.77	 37.10	 38.51	 46.83	 61.98	 43.23	 42.79	 60.30	 41.12	 65.72	 66.96		Lepidodactylus_listeri 28
																													  0.00	 57.84	 57.48	 59.44	 59.71	 54.05	 51.41	 29.55	 34.27	 59.01	 32.63	 36.01	 32.51	 50.25	 60.72	 60.74	 42.26	 31.01	 29.18	 34.28	 37.46	 43.13	 61.55	 44.65	 38.04	 56.00	 39.68	 64.02	 64.19		Lerista_edwardsae 29
																														  0.00	 33.68	 38.82	 32.08	 72.33	 70.36	 57.82	 63.73	 34.90	 61.77	 61.46	 60.98	 61.21	 31.77	 38.06	 60.00	 62.56	 62.35	 61.29	 61.78	 54.92	 33.70	 62.49	 55.48	 32.11	 67.28	 38.15	 34.96		Morelia_viridis 30
																															  0.00	 32.88	 30.56	 77.47	 66.61	 66.37	 72.69	 36.30	 65.07	 62.28	 63.82	 64.25	 31.90	 32.48	 57.00	 65.06	 67.52	 61.26	 62.76	 57.87	 31.09	 63.48	 64.27	 33.74	 65.67	 38.48	 32.72		Myanophis_thanlyinensis 31
																																  0.00	 22.66	 73.10	 66.18	 65.69	 67.36	 32.88	 66.82	 74.96	 69.37	 69.34	 29.19	 29.49	 56.45	 64.87	 64.15	 59.55	 59.15	 58.73	 29.42	 62.94	 58.32	 34.38	 68.88	 39.35	 31.58		Naja_naja 32
																																	  0.00	 71.82	 62.68	 60.33	 67.05	 25.80	 64.82	 65.83	 64.35	 55.76	 29.06	 27.51	 58.17	 56.16	 57.44	 57.53	 65.49	 58.84	 28.98	 65.24	 60.32	 32.83	 64.33	 34.37	 27.38		Ophiophagus_hannah 33
																																		  0.00	 65.76	 54.08	 54.09	 70.61	 53.12	 56.34	 56.45	 63.57	 74.77	 73.54	 54.61	 51.52	 53.42	 49.37	 56.88	 61.91	 78.85	 62.97	 61.58	 67.62	 57.91	 76.78	 72.65		Paroedura_picta 34
																																			  0.00	 56.11	 59.14	 67.79	 70.40	 63.02	 60.57	 40.28	 74.06	 66.28	 56.05	 58.89	 55.32	 60.13	 59.90	 55.64	 68.77	 66.29	 59.81	 59.18	 60.15	 63.77	 68.56		Phrynocephalus_versicolor 35
																																				  0.00	 20.39	 61.85	 37.99	 39.49	 37.65	 57.82	 70.73	 63.94	 44.25	 26.56	 27.00	 36.01	 39.58	 42.77	 66.83	 44.56	 46.30	 57.93	 42.45	 65.92	 65.11		Phrynosoma_blainvillii 36
																																					  0.00	 57.52	 52.49	 38.94	 41.39	 57.83	 73.80	 63.53	 50.90	 28.00	 24.14	 39.64	 40.75	 48.65	 71.20	 44.64	 49.52	 59.53	 38.37	 66.24	 65.32		Phrynosoma_platyrhinos 37
																																						  0.00	 68.30	 65.99	 65.32	 67.62	 36.43	 20.04	 65.64	 62.39	 63.40	 68.01	 69.33	 65.60	 34.09	 68.49	 66.10	 32.45	 68.51	 33.84	 18.45		Pituophis_catenifer 38
																																							  0.00	 45.29	 42.05	 56.68	 60.24	 75.72	 54.03	 37.10	 37.09	 38.25	 38.86	 48.93	 72.59	 57.13	 53.02	 66.01	 44.62	 69.89	 79.68		Plestiodon_gilberti 39
																																								  0.00	 14.65	 58.87	 71.70	 73.99	 44.74	 36.86	 37.49	 38.50	 43.41	 46.71	 77.77	 51.91	 46.42	 59.97	 26.92	 67.87	 64.64		Podarci_raffonei 40
																																									  0.00	 59.90	 65.46	 68.01	 44.83	 36.92	 36.32	 36.91	 43.46	 45.85	 75.74	 48.91	 42.61	 59.91	 28.48	 71.64	 67.03		Podarcis_muralis 41
																																										  0.00	 65.90	 67.28	 62.43	 54.83	 53.42	 51.71	 55.55	 55.88	 65.24	 62.75	 54.79	 55.87	 63.61	 61.18	 70.78		Pogona_vitticeps 42
																																											  0.00	 35.33	 60.35	 63.45	 64.91	 57.26	 66.66	 57.19	 31.89	 65.82	 59.72	 24.95	 68.19	 40.60	 36.37		Protobothrops_mucrosquamatus 43
																																												  0.00	 61.20	 66.75	 65.33	 66.76	 75.57	 63.53	 28.57	 65.09	 61.39	 30.84	 69.56	 33.58	 15.15		Ptyas_mucosa 44
																																													  0.00	 48.57	 46.79	 48.42	 45.33	 46.91	 64.86	 54.33	 50.09	 54.65	 47.84	 70.73	 65.39		Salvator_merianae 45
																																														  0.00	 16.56	 36.04	 37.88	 46.82	 69.41	 46.46	 45.70	 60.28	 37.53	 68.81	 68.22		Sceloporus_occidentalis 46
																																															  0.00	 34.54	 37.20	 45.19	 68.09	 46.91	 42.77	 58.36	 40.80	 66.07	 65.59		Sceloporus_tristichus 47
																																																  0.00	 38.61	 41.17	 59.54	 44.74	 39.94	 56.71	 36.63	 72.99	 61.10		Shinisaurus_crocodilurus 48
																																																	  0.00	 45.60	 67.37	 49.66	 44.86	 61.48	 44.51	 72.13	 72.51		Sphaerodactylus_townsendi 49
																																																		  0.00	 63.79	 48.55	 53.26	 49.93	 53.20	 63.07	 58.77		Sphenodon_punctatus 50
																																																			  0.00	 68.87	 62.73	 33.44	 74.14	 33.81	 29.78		Thermophis_baileyi 51
																																																				  0.00	 23.03	 59.75	 42.54	 70.15	 63.65		Varanus_komodoensis 52
																																																					  0.00	 52.69	 50.33	 66.67	 63.56		Varanus_salvator 53
																																																						  0.00	 65.81	 40.38	 32.03		Vipera_latastei 54
																																																							  0.00	 85.08	 69.81		Zootaca_vivipara 55
																																																								  0.00	 31.03		Thamnophis_elegans 56
																																																									  0.00		Pantherophis_guttatus 57
