Distance Matrix
---------------

Uncorrected for Multiple Substitutions
Using base positions 12 in the codon
Gap weighting is 0.000000

	    1	    2	    3	    4	    5	    6	    7	    8	    9	    10	    11	    12	    13	    14	    15	    16	    17	    18	    19	    20	    21	    22	    23	    24	    25	    26	    27	    28	    29	    30	    31	    32	    33	    34	    35	    36	    37	    38	    39	    40	    41	    42	    43	    44	    45	    46	    47	    48	    49	    50	    51	    52	    53	    54	    55	    56	    57
	  0.00	 37.90	 39.61	 30.56	 40.16	 39.70	 27.69	 32.71	 30.65	 31.48	 25.36	 31.93	 37.81	 33.78	 32.56	 31.27	 29.75	 37.90	 42.24	 42.65	 39.78	 33.51	 29.84	 38.35	 38.44	 39.52	 32.71	 40.48	 36.98	 18.01	 28.76	 29.30	 28.41	 43.32	 42.52	 35.82	 36.85	 30.82	 39.96	 37.72	 37.72	 40.90	 30.29	 30.38	 40.41	 34.59	 35.93	 39.52	 41.04	 40.66	 29.89	 38.71	 38.44	 34.35	 40.23	 29.78	 27.96		Python_bivittatus 1
		  0.00	 25.09	 41.13	 38.54	 39.07	 38.35	 40.68	 41.76	 40.09	 37.37	 39.91	 36.47	 31.36	 29.96	 39.70	 41.67	 36.38	 38.12	 37.63	 33.78	 32.53	 40.23	 35.75	 35.75	 36.65	 41.85	 38.51	 33.75	 37.28	 40.32	 41.04	 39.52	 40.54	 40.71	 29.08	 29.10	 39.16	 34.59	 35.75	 33.24	 41.71	 38.17	 39.52	 39.34	 34.77	 34.05	 34.86	 40.14	 40.31	 41.38	 36.38	 37.28	 42.12	 34.59	 40.43	 39.70		Anolis_carolinensis 2
			  0.00	 40.32	 38.18	 37.54	 40.68	 41.49	 42.11	 41.43	 37.01	 41.70	 36.02	 30.82	 30.85	 40.23	 41.31	 33.96	 36.50	 38.26	 33.60	 31.54	 40.59	 33.96	 35.75	 35.57	 41.13	 38.06	 32.94	 38.08	 40.05	 41.94	 40.41	 41.26	 40.44	 27.65	 29.01	 39.07	 35.13	 35.39	 32.44	 42.61	 40.95	 39.78	 37.46	 31.90	 30.38	 34.50	 39.96	 42.10	 41.92	 36.20	 36.38	 43.65	 34.77	 40.97	 39.70		Anolis_sagrei 3
				  0.00	 41.43	 41.76	 28.23	 29.21	 29.66	 26.37	 31.99	 29.15	 41.58	 38.17	 38.65	 31.18	 24.64	 40.77	 42.33	 44.27	 40.50	 39.61	 24.82	 40.77	 40.32	 41.04	 28.41	 44.79	 39.50	 29.21	 27.24	 28.58	 26.34	 45.83	 42.61	 38.15	 38.83	 17.65	 39.87	 39.78	 40.14	 44.14	 28.94	 21.06	 41.04	 38.08	 38.62	 41.76	 44.71	 43.81	 24.69	 41.49	 42.11	 32.94	 40.50	 26.81	 16.04		Arizona_elegans 4
					  0.00	 12.27	 42.24	 43.05	 43.77	 42.55	 41.06	 44.26	 40.79	 35.92	 35.77	 42.51	 43.32	 37.64	 39.48	 40.79	 37.09	 36.19	 40.43	 39.08	 39.98	 39.53	 44.04	 40.14	 38.72	 39.71	 41.06	 40.34	 42.24	 43.00	 40.73	 35.26	 36.21	 42.42	 39.62	 37.27	 36.28	 42.47	 43.41	 43.32	 27.26	 38.00	 38.99	 39.53	 42.33	 44.12	 41.23	 39.89	 39.35	 43.47	 39.35	 43.09	 40.34		Aspidocelis_tigris 5
						  0.00	 41.31	 42.92	 41.94	 42.24	 40.05	 42.87	 39.34	 34.86	 34.62	 41.58	 43.37	 37.81	 38.39	 40.41	 37.46	 35.48	 40.32	 38.26	 37.90	 38.80	 43.64	 40.93	 39.05	 39.70	 40.14	 38.98	 41.04	 41.97	 41.80	 35.19	 34.05	 42.83	 38.53	 37.54	 37.10	 41.35	 41.67	 42.29	 26.25	 37.10	 38.71	 39.70	 42.03	 44.25	 40.57	 39.25	 38.98	 42.00	 38.71	 41.52	 40.59		Aspidoscelis_marmoratus 6
							  0.00	 30.56	 23.39	 29.60	 30.82	 23.41	 39.43	 38.80	 37.67	 23.66	 26.88	 40.05	 43.77	 42.38	 40.05	 36.92	 27.06	 40.05	 40.50	 41.31	 31.00	 42.91	 39.14	 29.12	 27.15	 29.21	 28.05	 45.20	 42.61	 38.69	 38.02	 27.33	 39.34	 40.59	 40.23	 41.35	 20.34	 28.05	 40.50	 36.92	 37.10	 40.23	 41.49	 41.47	 26.57	 41.49	 40.41	 26.24	 39.78	 27.26	 25.90		Azemiops_feae 7
								  0.00	 32.80	 31.66	 34.32	 32.56	 41.04	 41.13	 41.79	 31.18	 28.49	 43.82	 43.50	 43.64	 41.76	 40.68	 29.48	 41.67	 42.47	 41.76	 30.29	 44.52	 40.13	 32.89	 31.18	 30.82	 30.65	 47.00	 44.15	 40.31	 40.54	 27.24	 41.67	 42.20	 41.67	 43.42	 33.42	 29.93	 40.23	 40.23	 39.78	 41.94	 44.27	 43.81	 28.64	 42.20	 40.14	 34.47	 41.76	 26.35	 28.23		Boaedon_fuliginosus 8
									  0.00	 32.65	 31.09	 22.69	 40.95	 38.44	 37.22	 27.24	 29.30	 41.67	 43.14	 43.01	 40.50	 37.72	 29.39	 39.70	 39.34	 40.50	 32.17	 43.81	 41.02	 30.73	 28.85	 30.02	 29.03	 46.10	 43.61	 39.59	 40.36	 31.81	 40.23	 40.59	 40.05	 42.52	 20.25	 30.38	 41.76	 37.81	 38.80	 42.92	 41.13	 43.63	 27.83	 41.49	 42.20	 29.29	 40.05	 31.05	 29.93		Bothrops_jararaca 9
										  0.00	 31.12	 31.78	 42.06	 38.30	 39.23	 30.76	 27.89	 42.42	 43.09	 44.93	 40.36	 40.09	 25.65	 39.19	 37.76	 38.21	 25.11	 43.58	 39.44	 32.74	 27.44	 24.30	 23.59	 46.32	 44.46	 39.53	 38.59	 27.53	 40.90	 39.46	 39.19	 42.83	 30.67	 27.00	 41.88	 38.39	 39.82	 41.43	 43.59	 42.14	 28.30	 42.42	 42.87	 34.63	 40.36	 29.18	 28.34		Bungarus_multicintus 10
											  0.00	 32.02	 37.19	 35.39	 35.70	 33.15	 31.90	 37.72	 41.70	 42.03	 39.34	 36.02	 29.12	 38.71	 37.90	 37.99	 33.69	 41.02	 36.18	 24.73	 31.72	 31.99	 31.27	 44.57	 41.52	 37.07	 37.21	 31.90	 40.14	 39.87	 39.70	 40.36	 31.63	 31.99	 40.41	 36.92	 34.86	 39.96	 40.32	 41.74	 31.24	 38.35	 38.17	 34.59	 38.80	 30.96	 30.73		Charina_bottae 11
												  0.00	 40.09	 37.58	 37.70	 28.16	 29.51	 40.00	 43.63	 45.11	 40.72	 36.41	 29.96	 40.72	 41.26	 41.79	 33.36	 43.40	 39.53	 31.84	 30.13	 30.85	 28.88	 46.50	 44.83	 40.43	 39.95	 29.60	 41.08	 41.35	 41.35	 41.84	 22.42	 29.33	 41.79	 37.67	 38.03	 41.26	 41.70	 43.40	 28.66	 42.24	 40.63	 30.86	 42.51	 30.62	 28.61		Crotalus_tigris 12
													  0.00	 32.08	 30.40	 40.77	 40.86	 33.60	 36.50	 35.57	 30.73	 31.00	 40.05	 33.06	 32.53	 33.96	 42.56	 34.11	 28.46	 35.75	 39.87	 42.11	 39.70	 38.21	 42.97	 33.75	 33.51	 41.13	 30.29	 33.69	 34.32	 41.80	 40.86	 41.58	 37.63	 32.17	 33.06	 34.32	 35.84	 41.29	 40.04	 36.20	 35.48	 40.35	 34.95	 40.52	 40.59		Cryptoblepharus_egeriae 13
														  0.00	 19.19	 39.43	 38.98	 30.29	 36.77	 37.99	 32.53	 17.83	 37.63	 32.08	 32.17	 32.53	 41.58	 36.45	 28.82	 35.04	 38.44	 38.17	 36.38	 40.90	 38.98	 27.56	 28.20	 39.61	 34.50	 31.99	 31.18	 39.01	 39.61	 38.80	 36.65	 28.23	 29.21	 33.78	 38.26	 40.31	 37.07	 35.39	 34.23	 37.88	 32.97	 37.36	 38.35		Ctenosaura_bakeri 14
															  0.00	 38.65	 38.74	 29.96	 33.84	 36.05	 31.66	 17.31	 37.13	 31.93	 32.11	 32.65	 41.43	 35.76	 29.11	 33.36	 38.03	 37.85	 36.77	 40.04	 39.29	 27.22	 27.95	 38.03	 31.84	 32.29	 32.02	 39.59	 36.50	 38.30	 35.34	 27.98	 28.52	 32.74	 35.70	 39.80	 37.83	 35.07	 34.26	 39.53	 34.62	 37.31	 37.49		Cyclura_pinguis 15
																  0.00	 29.84	 39.34	 44.04	 43.64	 41.40	 39.61	 29.39	 40.50	 40.14	 40.23	 32.35	 43.36	 39.95	 32.26	 30.20	 31.45	 29.39	 46.28	 45.15	 39.05	 38.56	 30.11	 40.23	 40.95	 40.23	 42.97	 25.54	 30.29	 40.59	 36.83	 36.83	 39.61	 44.53	 42.28	 30.79	 42.29	 41.76	 26.47	 39.96	 29.78	 29.39		Daboia_siamensis 16
																	  0.00	 40.95	 43.14	 44.35	 41.67	 39.07	 21.59	 41.31	 41.85	 41.76	 27.33	 44.34	 38.33	 29.84	 27.69	 26.61	 26.25	 46.10	 43.61	 38.06	 39.19	 25.18	 39.61	 41.49	 41.13	 42.16	 28.94	 25.81	 43.01	 38.08	 36.83	 41.94	 41.76	 43.54	 21.01	 42.92	 41.31	 31.65	 42.03	 25.54	 22.85		Diadophis_punctatus 17
																		  0.00	 35.78	 37.10	 35.04	 31.18	 39.70	 34.68	 33.96	 34.14	 43.10	 37.97	 31.51	 38.08	 39.61	 42.38	 40.05	 41.97	 40.71	 30.88	 31.26	 42.56	 35.04	 35.04	 34.50	 41.80	 39.87	 40.50	 36.02	 33.69	 33.42	 31.36	 37.81	 41.47	 40.84	 34.59	 34.59	 41.76	 35.22	 40.43	 39.61		Elgaria_multicarinata 18
																			  0.00	 38.12	 35.16	 35.07	 43.95	 37.31	 37.31	 37.13	 44.75	 36.03	 32.97	 41.52	 42.69	 43.68	 42.42	 41.83	 39.29	 35.04	 35.53	 40.99	 34.44	 36.59	 34.98	 44.09	 42.60	 41.70	 38.48	 36.86	 36.32	 38.92	 34.53	 39.17	 42.23	 41.35	 41.17	 45.06	 36.77	 41.19	 40.45		Eublepharis_macularius 19
																				  0.00	 36.11	 37.63	 43.28	 38.08	 37.19	 37.63	 46.68	 31.42	 36.18	 40.59	 43.19	 45.16	 44.44	 39.37	 43.16	 35.64	 35.50	 44.89	 35.13	 39.43	 38.35	 44.59	 43.55	 43.73	 39.96	 37.28	 37.46	 38.98	 36.02	 42.73	 43.99	 38.98	 39.25	 43.88	 38.62	 43.41	 42.47		Gekko_japonicus 20
																					  0.00	 32.44	 39.96	 34.86	 34.14	 34.68	 42.38	 34.47	 30.97	 38.62	 40.14	 39.52	 40.41	 39.19	 40.53	 34.83	 33.42	 40.68	 29.93	 33.78	 33.96	 40.00	 39.70	 40.86	 36.02	 34.86	 35.48	 33.33	 36.92	 39.41	 41.11	 35.39	 36.11	 39.88	 34.14	 40.88	 40.32		Hemicordylus_capensis 21
																						  0.00	 37.19	 32.17	 33.15	 33.60	 41.58	 35.46	 30.25	 34.50	 37.72	 38.80	 37.28	 40.18	 39.08	 28.46	 29.46	 39.52	 33.42	 32.62	 32.53	 39.46	 37.63	 39.07	 35.93	 29.30	 29.93	 33.42	 35.30	 40.04	 37.70	 34.86	 34.77	 38.94	 34.86	 37.09	 38.26		Iguana_delicatissima 22
																							  0.00	 40.86	 39.34	 40.14	 28.14	 43.36	 37.70	 28.76	 26.08	 25.27	 24.82	 44.22	 42.88	 36.27	 37.12	 24.01	 39.34	 40.86	 41.22	 41.26	 28.76	 25.18	 39.52	 36.83	 38.35	 41.76	 41.31	 42.64	 21.63	 39.43	 39.43	 32.00	 40.68	 24.01	 23.30		Imantodes_cenchoa 23
																								  0.00	 18.37	 19.35	 39.78	 37.34	 32.59	 37.28	 39.34	 40.86	 39.61	 39.46	 40.62	 33.93	 32.07	 40.86	 33.06	 21.95	 21.51	 40.99	 39.52	 40.14	 37.10	 32.35	 32.08	 32.97	 38.80	 40.84	 40.84	 36.02	 34.50	 39.88	 21.95	 39.35	 39.52		Lacerta_agilis 24
																									  0.00	  7.17	 41.58	 37.16	 32.23	 37.90	 38.80	 40.86	 40.50	 38.30	 41.43	 33.21	 32.43	 40.77	 32.35	 22.94	 21.24	 40.81	 40.23	 39.87	 36.56	 31.72	 32.26	 33.78	 38.44	 41.02	 39.68	 35.66	 34.59	 40.82	 21.68	 39.53	 38.53		Lacerta_bilineata 25
																										  0.00	 42.11	 37.79	 33.03	 39.52	 40.32	 40.59	 40.41	 39.10	 41.43	 33.39	 33.24	 41.13	 32.62	 21.68	 20.61	 41.26	 42.03	 39.52	 37.19	 31.81	 32.71	 34.14	 39.43	 41.74	 39.77	 36.47	 34.86	 42.12	 21.95	 39.35	 39.16		Lacerta_viridis 26
																											  0.00	 46.95	 40.48	 30.29	 29.57	 24.91	 24.46	 46.19	 43.52	 39.95	 39.64	 29.93	 42.29	 41.40	 41.49	 44.77	 32.80	 27.60	 43.82	 40.77	 40.23	 43.28	 44.35	 45.51	 28.37	 43.19	 42.65	 33.88	 42.03	 30.51	 29.30		Laticauda_colubrina 27
																												  0.00	 34.53	 41.38	 43.36	 43.54	 42.82	 37.20	 40.60	 37.05	 36.46	 44.25	 33.93	 38.42	 37.97	 43.50	 42.64	 42.55	 39.59	 36.18	 37.16	 39.14	 35.01	 40.65	 42.54	 39.14	 38.42	 43.29	 38.33	 42.22	 43.36		Lepidodactylus_listeri 28
																													  0.00	 36.98	 38.78	 40.31	 38.15	 39.17	 39.78	 31.47	 31.86	 39.77	 27.47	 33.03	 31.96	 42.06	 38.96	 39.41	 35.37	 31.96	 31.60	 33.57	 35.91	 39.39	 38.76	 35.19	 34.20	 40.33	 33.30	 38.43	 37.88		Lerista_edwardsae 29
																														  0.00	 28.58	 29.12	 28.67	 44.57	 41.70	 35.37	 36.04	 30.02	 38.62	 37.72	 37.54	 41.35	 30.56	 30.73	 40.41	 34.77	 35.66	 39.34	 40.32	 41.56	 30.52	 37.72	 37.81	 33.76	 38.71	 30.87	 27.15		Morelia_viridis 30
																															  0.00	 26.88	 24.91	 45.29	 42.88	 37.97	 37.75	 28.23	 40.05	 39.87	 39.52	 41.89	 28.32	 28.14	 42.03	 37.81	 37.63	 41.76	 41.58	 42.37	 28.64	 39.52	 38.80	 33.06	 40.77	 28.43	 25.09		Myanophis_thanlyinensis 31
																																  0.00	 20.16	 44.39	 42.97	 39.68	 39.01	 28.85	 41.31	 40.50	 40.23	 42.16	 29.30	 27.15	 41.58	 37.81	 38.17	 42.65	 43.73	 43.45	 26.30	 42.20	 40.50	 33.65	 42.29	 26.53	 26.97		Naja_naja 32
																																	  0.00	 46.01	 42.34	 38.96	 37.93	 26.43	 41.22	 39.34	 39.16	 40.90	 28.58	 26.70	 40.68	 37.19	 38.44	 41.31	 41.67	 43.00	 24.24	 40.32	 39.61	 31.65	 41.85	 25.81	 25.27		Ophiophagus_hannah 33
																																		  0.00	 42.65	 40.88	 40.40	 45.02	 40.45	 39.91	 39.73	 44.36	 46.82	 45.65	 41.52	 41.26	 40.72	 40.99	 40.27	 44.20	 45.19	 42.69	 43.41	 46.35	 39.37	 45.35	 45.56		Paroedura_picta 34
																																			  0.00	 37.97	 37.65	 43.34	 41.70	 40.25	 39.89	 37.56	 44.61	 43.16	 39.71	 40.62	 40.80	 43.52	 43.61	 44.50	 43.96	 42.70	 42.61	 45.45	 40.53	 40.73	 42.97		Phrynocephalus_versicolor 35
																																				  0.00	 15.07	 37.97	 32.94	 34.02	 32.59	 40.43	 39.05	 37.34	 36.45	 26.66	 26.66	 32.94	 39.23	 40.20	 39.41	 35.91	 34.65	 40.21	 33.93	 36.71	 37.07		Phrynosoma_blainvillii 36
																																					  0.00	 39.10	 31.26	 32.61	 31.80	 39.22	 37.48	 36.76	 35.59	 26.58	 26.31	 33.06	 37.84	 39.98	 39.44	 35.14	 34.77	 40.59	 32.61	 38.75	 38.38		Phrynosoma_platyrhinos 37
																																						  0.00	 40.50	 40.32	 40.14	 43.15	 29.84	 19.27	 40.23	 38.17	 38.26	 41.13	 44.09	 44.08	 24.24	 42.65	 41.94	 34.71	 40.32	 25.36	 14.43		Pituophis_catenifer 38
																																							  0.00	 33.96	 33.60	 42.16	 38.89	 41.13	 37.37	 33.42	 34.14	 33.33	 35.48	 39.32	 40.13	 36.74	 36.83	 42.35	 35.84	 39.53	 40.23		Plestiodon_gilberti 39
																																								  0.00	 11.56	 40.81	 40.41	 40.23	 37.28	 33.24	 33.51	 35.13	 39.34	 39.95	 40.75	 35.30	 34.68	 40.59	 19.80	 39.53	 39.34		Podarci_raffonei 40
																																									  0.00	 41.44	 39.87	 39.96	 37.10	 32.89	 33.33	 34.86	 39.87	 40.39	 41.20	 36.38	 35.93	 41.65	 20.52	 39.62	 38.89		Podarcis_muralis 41
																																										  0.00	 42.70	 41.89	 43.51	 39.82	 40.63	 42.07	 43.51	 45.58	 42.96	 43.24	 42.34	 44.44	 41.26	 41.92	 42.88		Pogona_vitticeps 42
																																											  0.00	 30.38	 42.38	 38.53	 39.78	 40.41	 41.67	 42.64	 29.98	 42.92	 40.41	 28.24	 40.59	 30.60	 28.14		Protobothrops_mucrosquamatus 43
																																												  0.00	 41.22	 37.28	 37.28	 42.03	 42.20	 44.52	 24.96	 43.01	 42.11	 34.12	 40.95	 26.99	 19.00		Ptyas_mucosa 44
																																													  0.00	 37.99	 38.08	 38.26	 41.40	 43.54	 41.02	 39.16	 38.89	 41.53	 38.89	 41.06	 41.49		Salvator_merianae 45
																																														  0.00	 14.34	 34.41	 37.46	 38.87	 37.61	 36.38	 35.30	 39.76	 33.24	 38.72	 36.20		Sceloporus_occidentalis 46
																																															  0.00	 34.41	 36.11	 40.57	 38.06	 37.99	 34.95	 40.71	 34.95	 38.54	 36.83		Sceloporus_tristichus 47
																																																  0.00	 40.32	 40.22	 41.83	 36.56	 35.13	 43.06	 35.57	 40.70	 41.13		Shinisaurus_crocodilurus 48
																																																	  0.00	 42.19	 42.73	 41.76	 38.89	 42.00	 40.86	 42.78	 41.49		Sphaerodactylus_townsendi 49
																																																		  0.00	 44.15	 41.92	 40.75	 42.10	 41.20	 42.31	 42.82		Sphenodon_punctatus 50
																																																			  0.00	 40.75	 40.22	 32.78	 41.56	 22.51	 22.98		Thermophis_baileyi 51
																																																				  0.00	 21.59	 41.76	 35.84	 40.97	 41.94		Varanus_komodoensis 52
																																																					  0.00	 41.29	 35.66	 39.44	 39.87		Varanus_salvator 53
																																																						  0.00	 41.41	 32.07	 33.06		Vipera_latastei 54
																																																							  0.00	 40.70	 40.59		Zootaca_vivipara 55
																																																								  0.00	 24.91		Thamnophis_elegans 56
																																																									  0.00		Pantherophis_guttatus 57
