Distance Matrix
---------------

Uncorrected for Multiple Substitutions
Using base positions 12 in the codon
Gap weighting is 0.000000

	    1	    2	    3	    4	    5	    6	    7	    8	    9	    10	    11	    12	    13	    14	    15	    16	    17	    18	    19	    20	    21	    22	    23	    24	    25	    26	    27	    28	    29	    30	    31	    32	    33	    34	    35	    36	    37	    38	    39	    40	    41	    42	    43	    44	    45	    46	    47	    48	    49	    50	    51	    52	    53	    54	    55	    56	    57
	  0.00	 50.00	 50.00	 35.21	 48.24	 46.13	 33.10	 36.97	 34.15	 32.75	 20.07	 37.32	 54.23	 48.59	 47.89	 39.08	 32.75	 47.18	 47.54	 47.54	 48.94	 47.54	 31.69	 52.11	 49.30	 48.94	 33.10	 51.06	 50.00	 11.97	 32.39	 32.39	 32.39	 51.76	 53.87	 48.59	 50.35	 33.45	 49.65	 52.11	 51.06	 51.76	 33.10	 32.04	 51.76	 49.65	 48.24	 48.24	 50.70	 46.83	 31.69	 50.70	 51.41	 18.64	 51.41	 32.04	 32.39		Python_bivittatus 1
		  0.00	 22.54	 51.41	 41.55	 40.14	 52.82	 54.93	 53.17	 47.18	 52.11	 56.34	 31.69	 23.24	 26.06	 54.58	 52.46	 30.99	 33.80	 40.14	 31.69	 26.76	 51.76	 34.15	 33.10	 32.75	 55.63	 35.56	 28.87	 50.70	 49.65	 54.23	 49.65	 40.49	 38.03	 24.65	 25.70	 51.76	 32.39	 32.75	 34.51	 36.97	 53.87	 51.76	 37.68	 27.11	 25.00	 28.87	 39.44	 32.04	 51.41	 36.97	 36.62	 35.59	 35.92	 50.70	 52.11		Anolis_carolinensis 2
			  0.00	 50.00	 37.32	 37.32	 51.76	 52.46	 52.82	 46.48	 48.24	 54.23	 32.04	 23.94	 22.54	 52.46	 48.24	 31.34	 30.63	 35.92	 31.34	 25.70	 52.82	 28.52	 30.28	 30.28	 51.76	 33.45	 31.69	 47.54	 49.30	 50.00	 49.30	 38.03	 35.56	 24.30	 22.89	 50.70	 29.93	 31.34	 32.04	 38.03	 53.17	 51.06	 39.08	 25.70	 27.46	 26.76	 35.92	 33.10	 49.65	 35.56	 35.92	 38.98	 30.63	 48.94	 50.70		Anolis_sagrei 3
				  0.00	 49.65	 48.59	 27.11	 27.46	 29.58	 22.89	 32.04	 28.17	 51.41	 49.30	 48.24	 27.46	 23.24	 47.54	 46.83	 49.65	 52.11	 47.89	 24.65	 49.30	 48.24	 48.94	 26.41	 51.76	 47.89	 35.21	 27.11	 27.11	 24.30	 51.76	 51.41	 49.65	 46.13	 14.44	 48.94	 48.59	 49.30	 48.94	 27.46	 14.08	 48.94	 50.70	 49.30	 50.35	 52.46	 50.70	 20.77	 49.65	 52.46	 11.86	 50.70	 23.24	 15.14		Arizona_elegans 4
					  0.00	  5.63	 53.87	 52.11	 53.87	 49.30	 49.30	 52.82	 38.73	 34.86	 35.21	 52.11	 52.82	 41.20	 38.03	 35.56	 38.73	 36.27	 52.46	 38.03	 38.03	 38.38	 53.52	 39.44	 38.38	 50.00	 48.94	 53.17	 51.41	 44.72	 42.25	 35.56	 34.15	 52.82	 37.68	 39.08	 39.08	 44.37	 54.93	 51.76	 20.77	 39.44	 39.44	 39.44	 42.25	 43.66	 51.76	 47.18	 44.01	 37.29	 42.25	 52.82	 50.70		Aspidocelis_tigris 5
						  0.00	 54.58	 51.41	 53.87	 50.00	 48.59	 53.17	 39.08	 35.21	 34.86	 53.87	 53.17	 39.44	 37.32	 34.86	 38.38	 37.32	 52.11	 40.49	 39.08	 39.44	 53.52	 39.44	 38.03	 47.89	 47.89	 52.11	 52.11	 43.66	 41.90	 36.27	 34.51	 53.17	 38.38	 38.03	 38.38	 42.61	 54.58	 51.41	 19.37	 39.44	 39.44	 41.20	 41.20	 41.90	 50.35	 45.42	 42.96	 37.29	 40.85	 51.76	 50.00		Aspidoscelis_marmoratus 6
							  0.00	 30.99	 18.31	 28.17	 30.28	 20.42	 49.30	 51.76	 51.06	 21.48	 25.70	 50.70	 50.70	 49.65	 50.70	 48.59	 25.35	 49.30	 50.35	 50.00	 28.52	 51.06	 48.24	 32.75	 28.17	 29.58	 27.46	 47.89	 51.41	 50.35	 49.65	 26.41	 47.54	 52.11	 51.41	 52.46	 16.90	 25.35	 52.82	 48.59	 49.65	 48.24	 49.30	 50.70	 28.17	 51.06	 51.41	  5.08	 54.58	 25.35	 28.52		Azemiops_feae 7
								  0.00	 31.69	 26.76	 32.39	 31.34	 51.06	 51.41	 50.00	 32.04	 24.65	 50.35	 51.06	 49.30	 53.87	 48.94	 25.00	 53.17	 50.70	 51.06	 29.58	 51.76	 50.00	 36.97	 28.87	 26.76	 25.00	 52.46	 52.82	 47.89	 49.65	 25.35	 50.70	 51.76	 51.76	 54.93	 29.23	 24.65	 51.06	 54.23	 50.70	 51.76	 49.65	 49.65	 22.54	 52.11	 53.52	 13.56	 55.28	 19.72	 25.35		Boaedon_fuliginosus 8
									  0.00	 27.82	 28.17	 17.96	 52.11	 50.35	 48.94	 26.41	 27.82	 48.94	 49.30	 48.59	 51.76	 46.48	 25.70	 50.00	 50.35	 50.00	 30.28	 51.76	 46.48	 35.21	 26.06	 29.93	 27.11	 45.07	 50.35	 51.76	 52.46	 30.28	 47.54	 50.70	 50.70	 50.35	 17.96	 29.58	 50.70	 49.65	 49.30	 49.65	 46.83	 49.65	 26.76	 50.35	 52.11	  5.08	 53.52	 24.30	 28.17		Bothrops_jararaca 9
										  0.00	 29.58	 28.87	 49.30	 47.54	 47.54	 31.69	 22.54	 47.54	 46.13	 48.24	 50.00	 46.13	 22.89	 45.42	 44.01	 44.37	 28.17	 52.46	 45.77	 33.80	 26.06	 20.77	 21.13	 50.70	 50.70	 46.13	 45.07	 25.70	 45.42	 47.18	 46.13	 52.82	 26.76	 25.00	 50.00	 47.89	 46.48	 46.48	 46.13	 45.77	 21.48	 52.46	 50.70	  6.78	 49.30	 21.13	 23.94		Bungarus_multicintus 10
											  0.00	 33.80	 51.06	 47.89	 47.18	 32.39	 29.93	 47.89	 50.70	 47.18	 50.70	 44.37	 30.63	 49.30	 46.83	 47.54	 29.93	 48.24	 47.89	 21.83	 26.76	 30.28	 30.63	 49.30	 51.41	 46.83	 49.65	 30.63	 48.94	 48.59	 49.30	 50.00	 30.99	 32.39	 50.70	 47.18	 44.01	 46.48	 46.83	 46.83	 28.52	 51.06	 50.70	 13.56	 48.94	 26.41	 28.52		Charina_bottae 11
												  0.00	 53.17	 52.46	 50.35	 27.46	 28.52	 50.70	 49.30	 48.24	 51.41	 50.00	 26.06	 48.94	 50.00	 51.41	 29.58	 51.41	 50.70	 36.62	 26.76	 32.04	 30.28	 47.89	 52.82	 51.06	 49.65	 30.28	 48.94	 52.11	 50.35	 51.76	 16.55	 28.87	 50.35	 50.70	 50.35	 50.35	 51.76	 53.52	 28.17	 50.70	 52.46	  1.69	 53.87	 27.82	 30.28		Crotalus_tigris 12
													  0.00	 28.87	 28.17	 48.59	 48.59	 37.32	 31.69	 31.69	 35.56	 27.46	 49.65	 32.04	 29.58	 30.28	 48.24	 27.46	 22.18	 51.41	 47.18	 48.94	 47.54	 38.73	 36.27	 25.35	 28.87	 50.35	 25.00	 29.23	 30.99	 35.92	 48.94	 51.06	 33.45	 28.17	 29.23	 27.82	 30.99	 33.45	 48.59	 37.68	 39.08	 32.20	 35.21	 47.89	 50.00		Cryptoblepharus_egeriae 13
														  0.00	 11.62	 52.82	 50.35	 26.76	 29.23	 34.15	 27.46	 10.56	 47.54	 28.87	 26.41	 26.76	 50.00	 29.93	 24.30	 46.83	 44.37	 50.00	 48.94	 38.03	 36.27	 17.96	 20.07	 48.59	 26.41	 28.87	 30.28	 33.80	 51.76	 50.00	 36.97	 22.89	 19.72	 25.00	 32.39	 29.58	 47.18	 35.92	 34.51	 35.59	 30.63	 50.00	 47.18		Ctenosaura_bakeri 14
															  0.00	 50.00	 49.65	 30.28	 28.87	 31.69	 30.28	 12.68	 48.59	 28.52	 26.41	 26.76	 48.94	 28.87	 22.54	 46.83	 45.07	 48.94	 45.77	 37.68	 36.62	 19.72	 21.13	 48.24	 27.11	 27.82	 27.82	 33.80	 49.65	 49.30	 35.21	 23.59	 22.18	 25.00	 30.99	 28.17	 45.42	 38.73	 35.92	 33.90	 28.87	 48.94	 47.54		Cyclura_pinguis 15
																  0.00	 30.99	 50.70	 51.76	 51.41	 50.00	 49.65	 29.93	 49.30	 49.30	 49.65	 30.99	 52.11	 47.89	 38.38	 29.93	 29.93	 27.46	 52.11	 50.70	 51.41	 50.35	 27.46	 48.94	 50.70	 49.65	 54.23	 24.30	 27.11	 52.11	 52.11	 50.35	 46.48	 51.41	 50.35	 27.46	 49.30	 51.06	  3.39	 51.76	 28.87	 28.52		Daboia_siamensis 16
																	  0.00	 49.30	 50.70	 49.65	 53.17	 47.54	 17.25	 50.70	 50.35	 50.00	 25.70	 50.35	 49.30	 33.10	 25.35	 24.65	 24.30	 47.18	 53.87	 49.30	 49.65	 21.83	 49.30	 51.06	 51.41	 52.11	 26.76	 22.89	 51.06	 49.30	 48.24	 50.35	 46.83	 50.35	 17.25	 52.11	 51.41	 13.56	 52.82	 18.31	 21.83		Diadophis_punctatus 17
																		  0.00	 33.45	 38.73	 35.56	 28.87	 47.54	 30.28	 31.69	 31.69	 49.30	 36.62	 33.10	 47.89	 46.13	 49.30	 46.13	 42.96	 39.08	 28.52	 29.93	 47.18	 29.58	 31.69	 31.69	 37.68	 49.65	 47.18	 39.79	 31.69	 29.23	 30.28	 40.49	 30.63	 47.54	 39.79	 39.79	 35.59	 29.93	 46.48	 46.48		Elgaria_multicarinata 18
																			  0.00	 33.45	 33.45	 29.23	 48.59	 33.45	 33.45	 34.15	 48.59	 34.15	 30.63	 46.48	 46.83	 48.94	 45.42	 39.79	 37.32	 28.87	 29.23	 46.83	 30.63	 32.39	 31.34	 34.15	 49.65	 45.42	 38.73	 29.58	 29.58	 33.45	 35.21	 33.80	 47.89	 36.62	 36.27	 35.59	 33.10	 48.24	 46.48		Eublepharis_macularius 19
																				  0.00	 36.27	 33.45	 46.48	 35.92	 34.51	 36.27	 48.94	 27.46	 32.75	 46.83	 47.18	 50.70	 45.77	 35.92	 39.79	 32.04	 36.27	 51.76	 34.15	 32.04	 34.51	 37.68	 48.24	 49.65	 36.62	 35.92	 33.45	 35.56	 30.99	 38.03	 47.18	 43.66	 40.49	 40.68	 35.21	 49.65	 50.00		Gekko_japonicus 20
																					  0.00	 27.46	 50.35	 34.15	 32.04	 32.75	 50.35	 36.97	 33.80	 49.30	 48.94	 51.06	 51.41	 39.08	 36.27	 29.58	 28.17	 52.11	 30.99	 31.69	 34.15	 37.68	 50.00	 50.35	 37.68	 30.63	 28.87	 32.39	 40.85	 34.15	 50.35	 34.86	 36.62	 35.59	 31.34	 52.11	 51.06		Hemicordylus_capensis 21
																						  0.00	 46.83	 27.11	 24.65	 25.70	 48.59	 30.28	 24.30	 46.48	 42.96	 46.13	 43.66	 37.32	 34.51	 17.25	 19.01	 47.18	 27.11	 26.41	 27.82	 32.39	 48.59	 47.18	 33.45	 21.83	 19.01	 25.70	 31.34	 30.63	 45.07	 35.92	 35.56	 33.90	 27.46	 47.18	 45.07		Iguana_delicatissima 22
																							  0.00	 52.11	 51.06	 51.06	 22.54	 48.94	 47.18	 32.04	 23.24	 24.65	 21.48	 46.48	 50.35	 47.89	 49.65	 21.48	 50.70	 51.06	 51.41	 51.76	 24.65	 21.13	 48.94	 51.06	 48.24	 50.00	 49.30	 50.70	 17.61	 51.76	 52.46	 13.56	 52.82	 18.31	 19.72		Imantodes_cenchoa 23
																								  0.00	 10.21	 11.27	 50.70	 35.21	 29.58	 49.65	 47.18	 48.94	 46.83	 40.49	 38.38	 26.06	 25.35	 48.94	 27.11	 17.25	 15.85	 40.14	 49.30	 48.59	 39.08	 29.93	 30.63	 29.93	 34.86	 38.03	 49.30	 39.08	 40.14	 33.90	 16.55	 48.24	 47.89		Lacerta_agilis 24
																									  0.00	  2.11	 49.65	 34.51	 27.11	 49.30	 44.72	 47.54	 45.77	 42.25	 36.27	 25.35	 24.65	 50.00	 28.17	 15.49	 15.14	 38.03	 49.30	 47.54	 35.21	 27.82	 27.82	 30.99	 32.04	 35.92	 47.18	 38.38	 37.32	 33.90	 19.01	 47.89	 48.24		Lacerta_bilineata 25
																										  0.00	 50.70	 35.56	 27.11	 48.94	 45.07	 48.59	 46.48	 42.61	 36.97	 25.35	 24.65	 50.00	 27.82	 15.85	 15.49	 39.44	 49.65	 47.89	 35.21	 28.17	 28.17	 30.99	 32.39	 36.27	 48.94	 38.03	 38.03	 33.90	 19.72	 46.83	 49.30		Lacerta_viridis 26
																											  0.00	 53.52	 48.59	 33.80	 31.34	 21.83	 23.24	 51.06	 51.76	 47.89	 47.89	 25.00	 50.70	 51.76	 51.76	 52.11	 29.23	 23.94	 52.11	 51.41	 51.76	 48.94	 48.94	 49.65	 22.89	 53.52	 53.52	 11.86	 52.11	 24.30	 25.70		Laticauda_colubrina 27
																												  0.00	 29.58	 48.59	 48.59	 53.52	 51.41	 35.21	 35.56	 29.93	 35.21	 53.52	 33.45	 34.86	 36.62	 35.56	 49.65	 52.46	 38.73	 33.10	 32.75	 31.69	 31.69	 36.97	 48.94	 39.44	 40.49	 37.29	 35.56	 49.30	 49.65		Lepidodactylus_listeri 28
																													  0.00	 48.59	 42.96	 47.89	 45.42	 38.38	 33.80	 26.06	 27.46	 46.83	 20.07	 28.17	 29.58	 32.39	 47.54	 46.83	 35.92	 26.76	 25.35	 28.52	 28.52	 29.93	 45.42	 36.97	 36.27	 33.90	 28.87	 44.72	 46.13		Lerista_edwardsae 29
																														  0.00	 33.45	 34.51	 33.80	 48.94	 53.52	 46.83	 48.59	 33.45	 47.89	 50.00	 49.30	 50.00	 34.51	 32.75	 49.30	 46.48	 46.48	 47.18	 47.54	 46.48	 32.04	 47.89	 47.54	 20.34	 50.00	 33.45	 32.75		Morelia_viridis 30
																															  0.00	 28.52	 28.17	 46.48	 48.94	 46.13	 46.83	 25.35	 46.48	 45.07	 46.48	 47.89	 26.76	 26.41	 48.94	 45.77	 45.07	 45.07	 49.30	 46.83	 23.59	 48.24	 51.76	  5.08	 51.06	 22.18	 22.89		Myanophis_thanlyinensis 31
																																  0.00	 17.25	 50.00	 51.76	 48.59	 50.35	 27.46	 48.94	 48.59	 49.65	 55.28	 27.82	 25.00	 54.23	 49.30	 47.89	 51.76	 48.59	 50.35	 19.37	 52.82	 52.82	 13.56	 52.46	 21.48	 24.30		Naja_naja 32
																																	  0.00	 47.89	 50.00	 46.13	 47.89	 23.94	 47.54	 44.72	 46.13	 50.00	 28.17	 23.59	 48.24	 48.24	 44.72	 47.54	 46.83	 50.35	 19.01	 50.35	 50.00	 10.17	 50.35	 20.77	 22.54		Ophiophagus_hannah 33
																																		  0.00	 45.07	 39.79	 41.90	 51.06	 37.68	 39.79	 41.20	 39.79	 47.54	 50.35	 42.61	 36.62	 37.68	 41.90	 41.90	 43.31	 48.59	 42.61	 47.54	 40.68	 41.55	 47.54	 49.30		Paroedura_picta 34
																																			  0.00	 36.27	 35.56	 51.76	 34.15	 34.86	 35.21	 32.04	 50.00	 51.06	 41.55	 37.68	 34.86	 35.56	 37.68	 39.08	 50.35	 44.37	 42.61	 37.29	 36.62	 51.06	 50.70		Phrynocephalus_versicolor 35
																																				  0.00	 11.97	 48.24	 27.82	 26.76	 27.82	 33.80	 47.54	 47.18	 33.80	 20.07	 18.31	 23.24	 30.99	 31.34	 45.77	 35.56	 35.21	 32.20	 26.41	 46.83	 47.54		Phrynosoma_blainvillii 36
																																					  0.00	 48.94	 27.82	 26.76	 28.17	 36.27	 48.94	 47.89	 35.56	 24.65	 23.94	 23.94	 35.21	 31.69	 48.94	 37.32	 35.21	 32.20	 27.11	 48.59	 48.94		Phrynosoma_platyrhinos 37
																																						  0.00	 48.94	 49.65	 50.70	 50.00	 28.17	 14.44	 49.65	 50.70	 48.59	 47.54	 52.82	 48.94	 21.83	 48.59	 51.41	 11.86	 51.41	 21.83	  9.51		Pituophis_catenifer 38
																																							  0.00	 26.76	 25.70	 34.86	 48.59	 50.00	 36.62	 25.00	 25.70	 27.46	 33.45	 31.34	 48.24	 36.62	 35.92	 35.59	 27.82	 47.54	 48.59		Plestiodon_gilberti 39
																																								  0.00	  4.93	 35.56	 50.70	 48.59	 35.56	 27.11	 26.76	 32.04	 34.15	 36.27	 48.94	 39.08	 39.08	 33.90	 16.90	 49.30	 48.24		Podarci_raffonei 40
																																									  0.00	 35.92	 51.41	 48.24	 36.27	 27.82	 28.17	 33.80	 33.80	 35.92	 49.65	 38.73	 38.73	 33.90	 18.66	 49.65	 49.30		Podarcis_muralis 41
																																										  0.00	 50.00	 52.11	 38.03	 34.15	 32.04	 35.92	 34.86	 37.68	 50.00	 40.85	 40.85	 33.90	 34.51	 51.76	 50.35		Pogona_vitticeps 42
																																											  0.00	 26.06	 52.11	 50.00	 49.30	 48.94	 48.24	 52.46	 25.70	 49.30	 51.76	  8.47	 51.41	 25.70	 28.17		Protobothrops_mucrosquamatus 43
																																												  0.00	 50.00	 50.35	 50.35	 48.94	 50.35	 47.89	 20.42	 49.65	 51.41	  8.47	 50.70	 21.48	 15.14		Ptyas_mucosa 44
																																													  0.00	 35.21	 35.92	 39.79	 38.73	 43.66	 49.30	 40.14	 42.25	 37.29	 39.79	 51.41	 49.65		Salvator_merianae 45
																																														  0.00	 13.73	 28.52	 36.27	 32.04	 50.00	 38.03	 35.56	 35.59	 29.58	 50.35	 48.59		Sceloporus_occidentalis 46
																																															  0.00	 27.11	 34.51	 32.04	 46.48	 35.92	 33.10	 35.59	 26.41	 48.24	 46.48		Sceloporus_tristichus 47
																																																  0.00	 38.03	 32.04	 49.65	 36.27	 35.21	 32.20	 32.04	 47.54	 48.94		Shinisaurus_crocodilurus 48
																																																	  0.00	 36.27	 46.13	 42.61	 40.85	 33.90	 34.15	 48.24	 52.11		Sphaerodactylus_townsendi 49
																																																		  0.00	 48.59	 42.96	 40.14	 40.68	 37.68	 48.59	 49.30		Sphenodon_punctatus 50
																																																			  0.00	 51.06	 51.06	  8.47	 50.35	 19.01	 17.61		Thermophis_baileyi 51
																																																				  0.00	 22.89	 35.59	 39.08	 50.35	 51.76		Varanus_komodoensis 52
																																																					  0.00	 40.68	 40.49	 53.52	 51.76		Varanus_salvator 53
																																																						  0.00	 37.29	 10.17	 11.86		Vipera_latastei 54
																																																							  0.00	 51.41	 50.70		Zootaca_vivipara 55
																																																								  0.00	 21.83		Thamnophis_elegans 56
																																																									  0.00		Pantherophis_guttatus 57
