Distance Matrix
---------------

Using the Tamura correction method
Using base positions 123 in the codon
Gap weighting is 0.000000

	    1	    2	    3	    4	    5	    6	    7	    8	    9	    10	    11	    12	    13	    14	    15	    16	    17	    18	    19	    20	    21	    22	    23	    24	    25	    26	    27	    28	    29	    30	    31	    32	    33	    34	    35	    36	    37	    38	    39	    40	    41	    42	    43	    44	    45	    46	    47	    48	    49	    50	    51	    52	    53	    54	    55	    56
	  0.00	 18.65	 34.25	 18.42	 33.71	 21.64	 22.34	 23.85	 35.77	 20.69	 34.94	 35.14	 18.35	 39.28	 36.82	 35.63	 35.96	 20.80	 33.30	 14.56	 32.23	 33.61	 22.79	 36.53	 34.97	 21.45	 18.22	 18.88	 13.41	 33.89	 34.18	 19.75	 33.19	 22.06	 35.17	 35.53	 21.19	 38.75	 37.11	 34.97	 21.48	 39.15	 22.91	 35.02	 36.32	 33.40	 13.97	 19.45	 35.26	 35.38	 33.91	 34.42	 21.66	 34.01	 35.65	 34.05		Arizona_elegans 1
		  0.00	 36.77	 17.92	 35.97	 21.70	 24.29	 20.19	 38.64	 19.62	 35.64	 37.94	 18.14	 42.61	 38.10	 33.94	 39.10	 21.92	 31.84	 19.64	 35.40	 36.29	 21.23	 36.48	 40.01	 21.45	 18.32	 17.52	 21.37	 36.89	 36.90	 20.25	 38.18	 19.59	 37.18	 38.77	 20.96	 40.76	 38.24	 33.88	 22.37	 38.94	 22.83	 38.32	 39.44	 36.65	 20.67	 20.07	 36.97	 41.13	 35.09	 35.23	 23.45	 35.03	 38.62	 36.98		Thermophis_baileyi 2
			  0.00	 36.48	 27.44	 34.63	 35.88	 34.59	 25.26	 36.32	 27.49	 27.22	 35.23	 40.05	 26.86	 27.28	 26.97	 36.52	 25.76	 36.32	 23.79	 26.69	 35.04	 29.59	 26.88	 34.56	 29.98	 35.82	 34.15	 27.99	 26.64	 36.41	 25.56	 37.40	 27.41	 27.77	 35.74	 39.18	 31.57	 27.89	 35.66	 34.69	 39.09	 32.86	 28.75	 26.13	 35.55	 34.59	 28.06	 26.04	 26.44	 26.18	 35.46	 26.47	 29.42	 27.23		Elgaria_multicarinata 3
				  0.00	 33.65	 21.32	 22.19	 21.00	 37.38	 20.48	 35.01	 37.16	 18.22	 38.49	 35.78	 33.09	 38.89	 20.15	 32.91	 20.17	 34.35	 35.64	 22.14	 36.40	 39.18	 21.10	 18.62	 20.48	 19.09	 35.58	 37.07	 17.97	 35.90	 21.64	 35.62	 39.06	 21.04	 38.06	 37.46	 33.39	 21.76	 38.67	 22.66	 36.45	 37.19	 36.36	 18.73	 18.82	 36.39	 38.75	 33.50	 37.49	 22.48	 34.32	 34.91	 37.93		Thamnophis_elegans 4
					  0.00	 35.89	 35.03	 34.53	 27.86	 34.28	 26.22	 29.26	 35.25	 40.45	 28.07	 27.50	 26.98	 33.83	 26.10	 34.95	 26.21	 29.65	 35.88	 28.85	 29.74	 34.02	 29.42	 34.83	 33.00	  9.23	 30.69	 35.13	 26.02	 35.29	 29.23	 28.63	 35.16	 39.23	 32.56	 29.09	 37.81	 33.40	 37.40	 30.85	 27.38	 25.35	 33.05	 33.89	 20.10	 30.89	 27.16	 27.93	 36.99	 29.05	 30.91	 29.22		Aspidocelis_tigris 5
						  0.00	 20.73	 22.82	 39.17	 19.70	 36.18	 37.23	 21.59	 41.96	 36.88	 33.90	 37.02	 21.90	 33.75	 22.24	 34.78	 36.41	 17.95	 37.99	 37.86	 21.26	 16.29	 22.67	 20.86	 35.70	 36.13	 21.37	 34.91	 22.73	 35.60	 37.55	 16.85	 39.21	 37.52	 35.06	 24.05	 40.84	 19.21	 38.52	 37.40	 34.12	 21.74	 22.64	 37.17	 37.66	 35.15	 37.89	 22.99	 33.73	 39.10	 36.16		Azemiops_feae 6
							  0.00	 24.14	 38.07	 22.71	 36.93	 38.45	 21.69	 42.95	 38.13	 35.13	 38.11	 24.42	 35.43	 21.60	 34.61	 36.59	 20.45	 37.30	 38.25	 23.11	 14.22	 22.32	 22.37	 36.40	 38.60	 22.23	 34.97	 23.84	 36.05	 39.26	 20.73	 43.03	 40.02	 38.55	 22.64	 40.82	 24.22	 39.30	 37.77	 34.45	 21.29	 21.55	 36.93	 37.98	 35.69	 36.50	 23.38	 35.82	 37.67	 38.68		Daboia_siamensis 7
								  0.00	 37.36	 22.36	 37.18	 37.38	 22.51	 39.96	 35.43	 33.61	 37.77	 22.08	 34.86	 23.96	 36.11	 35.34	 21.93	 38.01	 39.58	 20.69	 21.51	 23.19	 22.97	 35.39	 37.03	 20.55	 37.01	 23.60	 37.60	 37.86	 22.28	 39.50	 38.36	 35.09	 24.00	 36.43	 24.38	 39.02	 37.52	 35.56	 23.47	 22.92	 36.89	 37.95	 36.37	 37.26	 24.34	 35.34	 36.75	 37.30		Charina_bottae 8
									  0.00	 37.14	 26.25	 27.49	 37.09	 45.04	 24.99	 26.44	 27.37	 38.79	 26.48	 38.32	 24.95	 28.32	 39.48	 29.09	 28.96	 38.55	 32.03	 38.23	 36.63	 29.51	 27.69	 36.03	 26.20	 37.97	 27.86	 27.49	 39.50	 40.59	 32.00	 29.05	 36.82	 36.87	 40.86	 32.92	 29.66	 26.09	 38.18	 38.21	 28.22	 30.01	 25.44	 24.67	 37.40	 28.28	 27.85	 27.72		Shinisaurus_crocodilurus 9
										  0.00	 34.14	 37.20	 20.39	 40.68	 35.19	 31.68	 35.02	 20.45	 31.58	 21.85	 34.32	 35.28	 21.14	 36.29	 38.76	 22.24	 18.17	 22.57	 21.69	 35.54	 36.64	 20.63	 34.43	 18.03	 34.93	 36.04	 19.47	 38.97	 37.88	 35.12	 20.33	 41.32	 23.42	 35.81	 36.11	 35.49	 20.35	 18.05	 35.25	 39.10	 33.76	 36.55	 20.46	 34.31	 37.23	 37.12		Ophiophagus_hannah 10
											  0.00	 25.72	 35.05	 38.72	 24.91	 23.21	 19.98	 37.39	 22.96	 34.92	 23.88	 30.56	 36.50	 30.47	 26.07	 34.87	 32.00	 34.35	 35.01	 25.96	 25.22	 33.88	 21.84	 36.22	 23.27	 25.97	 36.30	 40.18	 30.90	 30.18	 34.81	 34.22	 37.84	 30.30	 25.48	 21.20	 33.59	 36.36	 26.91	 27.02	 26.11	 23.97	 34.67	 21.83	 31.97	 25.04		Anolis_sagrei 11
												  0.00	 37.28	 39.90	 26.24	 24.99	 25.88	 38.84	 24.25	 36.70	 24.56	 30.26	 37.97	 31.82	 19.13	 38.05	 30.73	 37.59	 36.69	 28.68	  5.33	 34.42	 24.04	 37.96	 25.34	 16.94	 37.52	 39.59	 31.50	 30.92	 37.08	 34.96	 38.02	 33.00	 21.82	 25.35	 36.93	 34.65	 29.92	 28.71	 28.01	 26.20	 35.59	 26.07	 33.73	 18.56		Lacerta_bilineata 12
													  0.00	 40.15	 37.23	 36.24	 36.93	 21.95	 34.43	 19.07	 33.55	 36.34	 22.65	 36.26	 37.46	 22.09	 19.04	 19.71	 18.77	 35.16	 36.72	 19.17	 35.76	 22.09	 36.08	 37.86	 21.33	 40.10	 37.61	 37.35	 20.66	 40.73	 24.67	 37.32	 37.54	 35.08	 19.05	 20.67	 36.12	 38.14	 34.15	 35.01	 22.09	 35.37	 37.29	 35.98		Imantodes_cenchoa 13
														  0.00	 44.01	 39.65	 40.23	 42.61	 37.35	 40.07	 39.46	 42.53	 41.68	 42.19	 39.64	 38.88	 36.00	 38.21	 39.11	 39.92	 39.10	 37.70	 41.73	 42.20	 42.45	 41.12	 41.31	 31.21	 43.84	 41.30	 43.94	 44.12	 42.90	 41.67	 40.37	 41.49	 39.07	 40.25	 38.71	 39.78	 40.31	 40.07	 40.84	 42.19	 41.21	 40.39		Phrynocephalus_versicolor 14
															  0.00	 22.58	 26.95	 38.13	 23.33	 38.32	 23.25	 29.29	 34.62	 31.33	 29.37	 36.45	 31.01	 37.94	 38.74	 29.93	 26.04	 36.83	 25.50	 36.31	 23.17	 27.35	 36.76	 39.01	 32.10	 25.72	 39.07	 34.17	 37.21	 31.17	 28.45	 24.24	 39.56	 37.01	 29.98	 30.49	 25.28	 23.60	 37.45	 22.03	 30.84	 26.82		Cryptoblepharus_egeriae 15
																  0.00	 25.16	 34.74	 15.58	 34.83	 24.25	 27.06	 33.46	 27.45	 26.07	 34.71	 28.80	 33.92	 35.99	 27.94	 24.69	 33.07	 23.27	 34.00	 22.39	 25.37	 33.21	 38.64	 30.43	 25.22	 34.35	 33.75	 35.21	 32.52	 26.90	 22.51	 34.72	 34.19	 27.85	 27.50	 24.63	 24.61	 34.47	 22.02	 29.47	 24.40		Iguana_delicatissima 16
																	  0.00	 39.21	 25.42	 37.77	 24.47	 31.96	 39.24	 30.93	 25.89	 37.57	 32.57	 36.44	 35.72	 26.03	 24.66	 36.02	 22.97	 39.07	 24.05	 25.90	 38.56	 42.58	 30.13	 30.69	 37.56	 34.52	 38.68	 34.11	 25.79	 22.38	 35.34	 36.44	 26.43	 28.49	 26.97	 24.41	 36.25	 23.24	 31.68	 24.54		Anolis_carolinensis 17
																		  0.00	 34.92	 22.43	 36.58	 35.83	 23.96	 39.38	 38.90	 23.24	 20.00	 22.24	 21.61	 35.86	 37.81	 21.39	 36.09	 22.21	 37.83	 37.28	 21.46	 40.20	 40.04	 35.93	 23.43	 40.06	 24.82	 36.98	 38.46	 38.35	 22.04	 19.47	 36.37	 39.67	 34.67	 35.47	 22.96	 34.96	 38.61	 38.55		Myanophis_thanlyinensis 18
																			  0.00	 34.21	 22.88	 26.56	 34.84	 27.33	 25.12	 34.15	 30.22	 34.64	 33.88	 26.56	 24.15	 32.43	 23.00	 34.08	 21.64	 25.96	 33.88	 37.74	 30.61	 25.51	 35.81	 34.32	 36.04	 29.22	 24.40	 21.14	 33.88	 34.01	 27.11	 27.39	 22.69	 23.53	 33.49	 20.56	 26.64	 23.86		Cyclura_pinguis 19
																				  0.00	 33.63	 34.45	 24.12	 39.40	 36.56	 22.72	 19.30	 19.81	 15.92	 36.03	 35.37	 20.03	 35.49	 22.45	 36.59	 38.68	 23.14	 40.71	 39.55	 37.47	 20.98	 41.07	 24.91	 38.15	 35.86	 36.26	 14.28	 21.58	 35.76	 36.90	 35.09	 36.27	 21.34	 35.56	 41.56	 34.68		Ptyas_mucosa 20
																					  0.00	 28.05	 33.72	 30.29	 25.66	 34.94	 29.88	 34.99	 33.01	 25.74	 24.95	 33.05	 22.18	 34.38	 23.71	 25.70	 36.54	 41.45	 29.43	 28.22	 35.53	 35.45	 36.83	 29.82	 25.09	 21.51	 33.37	 34.77	 28.15	 24.86	 24.85	 21.23	 35.79	 25.13	 29.86	 24.99		Lerista_edwardsae 21
																						  0.00	 33.26	 33.42	 29.08	 34.91	 29.89	 36.42	 34.83	 29.85	 30.44	 34.42	 27.71	 36.37	 28.62	 30.45	 34.27	 40.09	 24.16	 28.75	 34.68	 33.61	 36.99	 32.73	 28.91	 27.72	 36.45	 36.10	 28.87	 30.04	 27.70	 28.64	 36.23	 27.55	 31.27	 29.54		Lepidodactylus_listeri 22
																							  0.00	 37.34	 39.40	 22.62	 17.99	 21.99	 23.78	 36.04	 37.74	 20.92	 36.97	 21.57	 35.19	 38.85	 15.47	 38.98	 38.22	 33.70	 24.38	 39.81	 18.12	 38.70	 39.51	 34.56	 23.76	 23.10	 36.28	 40.28	 34.61	 35.68	 24.27	 33.74	 37.83	 36.88		Bothrops_jararaca 23
																								  0.00	 32.59	 37.35	 31.90	 36.35	 38.03	 30.14	 31.17	 38.46	 29.16	 37.96	 29.06	 32.68	 37.66	 40.38	 33.39	 30.06	 38.96	 36.07	 37.78	 33.43	 33.42	 29.29	 37.50	 37.76	 30.40	 30.40	 29.01	 28.80	 38.86	 30.19	 19.10	 30.82		Varanus_komodoensis 24
																									  0.00	 36.88	 33.09	 36.62	 37.28	 27.93	 19.78	 36.68	 23.46	 38.67	 26.14	 19.45	 39.50	 41.99	 32.16	 32.44	 37.52	 34.21	 38.73	 34.24	 17.84	 25.62	 37.21	 39.78	 29.06	 26.27	 27.85	 24.96	 36.27	 26.70	 33.23	 10.75		Podarcis_muralis 25
																										  0.00	 20.63	 24.19	 22.23	 35.26	 37.03	 21.79	 37.42	 21.96	 36.48	 36.49	 22.01	 39.71	 38.72	 34.23	 23.16	 38.59	 24.33	 37.93	 37.34	 35.74	 21.56	 22.07	 36.48	 37.24	 34.17	 35.40	 21.41	 35.81	 36.87	 36.93		Morelia_viridis 26
																											  0.00	 17.85	 17.81	 30.51	 30.43	 18.68	 29.92	 19.93	 30.58	 31.89	 16.53	 35.05	 32.86	 32.10	 20.04	 33.70	 18.39	 31.00	 32.47	 30.87	 19.67	 18.55	 32.87	 33.05	 29.83	 30.31	 20.22	 29.47	 32.32	 31.69		Vipera_latastei 27
																												  0.00	 20.16	 34.92	 36.57	 21.12	 34.42	 21.63	 35.81	 38.22	 21.30	 40.13	 39.42	 34.80	 21.48	 40.01	 23.36	 36.26	 37.01	 34.26	 20.30	 19.97	 34.48	 36.78	 35.60	 36.61	 24.16	 35.57	 37.62	 35.61		Diadophis_punctatus 28
																													  0.00	 33.80	 37.49	 18.31	 33.21	 22.56	 35.74	 37.23	 22.33	 40.09	 38.41	 37.29	 20.68	 38.99	 24.93	 36.89	 37.45	 34.58	 11.82	 20.25	 33.84	 35.36	 36.77	 35.11	 21.56	 35.66	 36.17	 36.68		Pantherophis_guttatus 29
																														  0.00	 28.99	 33.51	 26.04	 35.30	 29.00	 28.41	 37.24	 41.40	 33.01	 30.26	 38.43	 34.72	 38.24	 31.50	 26.85	 27.39	 34.63	 33.73	 21.19	 32.15	 26.94	 26.17	 36.67	 28.37	 32.59	 27.61		Aspidoscelis_marmoratus 30
																															  0.00	 34.32	 23.68	 37.49	 25.07	 17.47	 35.85	 40.18	 30.66	 29.35	 37.56	 35.16	 36.57	 32.68	 21.39	 25.56	 35.95	 35.22	 30.02	 28.71	 27.60	 25.78	 35.28	 25.40	 33.18	 17.51		Lacerta_viridis 31
																																  0.00	 34.46	 21.15	 35.35	 36.85	 22.84	 40.47	 38.50	 36.80	 22.01	 39.63	 23.96	 37.14	 36.93	 35.69	 19.23	 20.39	 33.53	 34.90	 36.54	 35.81	 22.25	 35.84	 37.11	 36.18		Boaedon_fuliginosus 32
																																	  0.00	 36.33	 20.55	 24.84	 34.29	 41.68	 31.02	 28.96	 35.59	 34.25	 36.37	 32.40	 24.02	 13.02	 33.86	 34.84	 26.11	 27.26	 25.49	 23.59	 33.70	 21.06	 30.46	 23.44		Phrynosoma_platyrhinos 33
																																		  0.00	 37.09	 37.59	 22.72	 41.46	 38.15	 35.36	 20.56	 41.60	 23.50	 36.84	 38.85	 36.40	 22.50	 19.02	 37.19	 39.60	 34.02	 34.81	 20.26	 35.78	 38.18	 37.24		Naja_naja 34
																																			  0.00	 26.15	 34.42	 38.42	 30.44	 27.12	 36.91	 33.59	 36.86	 33.35	 26.47	 20.79	 36.55	 33.63	 28.35	 30.50	 25.35	 23.93	 36.64	 11.53	 29.67	 24.00		Sceloporus_tristichus 35
																																				  0.00	 37.33	 42.68	 30.93	 31.35	 38.56	 35.17	 40.68	 34.03	 21.62	 25.42	 38.30	 35.93	 28.61	 29.67	 28.44	 27.83	 37.42	 27.76	 32.85	 20.46		Lacerta_agilis 36
																																					  0.00	 38.39	 38.00	 34.19	 22.50	 39.14	 18.52	 35.78	 38.96	 33.95	 21.87	 21.74	 35.17	 38.68	 34.96	 35.62	 23.33	 33.92	 34.46	 38.09		Protobothrops_mucrosquamatus 37
																																						  0.00	 44.19	 38.88	 40.53	 44.87	 38.74	 38.66	 42.41	 39.48	 41.50	 37.89	 38.98	 41.51	 38.51	 41.46	 40.57	 36.63	 38.46	 40.51		Pogona_vitticeps 38
																																							  0.00	 30.25	 39.83	 32.15	 38.33	 36.56	 31.39	 30.62	 38.67	 38.52	 33.02	 31.83	 28.44	 28.97	 39.84	 30.33	 33.84	 30.88		Gekko_japonicus 39
																																								  0.00	 37.99	 33.77	 37.04	 33.40	 32.69	 29.00	 37.57	 34.28	 29.60	 32.12	 28.30	 27.12	 38.04	 26.42	 28.65	 30.86		Sphaerodactylus_townsendi 40
																																									  0.00	 40.15	 25.39	 37.63	 36.25	 35.65	 20.39	 21.75	 37.67	 37.68	 36.04	 38.89	 17.12	 34.69	 38.33	 36.59		Bungarus_multicintus 41
																																										  0.00	 41.47	 38.92	 35.79	 33.15	 39.38	 40.29	 35.26	 35.42	 34.37	 34.39	 40.29	 34.38	 36.02	 33.18		Paroedura_picta 42
																																											  0.00	 40.25	 41.50	 36.76	 24.92	 23.02	 39.87	 39.84	 35.02	 36.99	 24.89	 36.38	 39.14	 38.65		Crotalus_tigris 43
																																												  0.00	 32.50	 31.43	 37.31	 37.75	 30.47	 32.53	 27.77	 33.55	 38.92	 31.06	 31.60	 33.22		Sphenodon_punctatus 44
																																													  0.00	 24.69	 37.33	 36.81	 28.59	 27.69	 26.43	 26.81	 36.52	 26.50	 33.73	 17.42		Zootoca_vivipara 45
																																														  0.00	 34.63	 35.51	 24.55	 27.36	 24.41	 23.83	 33.74	 19.89	 29.17	 23.85		Phrynosoma_blainvillii 46
																																															  0.00	 21.07	 36.96	 36.18	 35.74	 36.06	 21.46	 35.13	 39.99	 37.50		Pituophis_catenifer 47
																																																  0.00	 35.08	 37.77	 34.73	 35.35	 21.52	 33.88	 34.98	 36.19		Tropidonophis_doriae 48
																																																	  0.00	 29.21	 27.02	 28.07	 35.06	 28.40	 31.28	 28.27		Salvator_merianae 49
																																																		  0.00	 27.72	 27.70	 37.36	 29.59	 32.52	 26.74		Eublepharis_macularius 50
																																																			  0.00	 24.05	 34.78	 24.11	 28.81	 28.23		Hemicordylus_capensis 51
																																																				  0.00	 34.79	 23.64	 29.85	 25.53		Plestiodon_gilberti 52
																																																					  0.00	 33.94	 40.99	 35.20		Laticauda_colubrina 53
																																																						  0.00	 28.63	 25.42		Sceloporus_occidentalis 54
																																																							  0.00	 31.42		Varanus_salvator 55
																																																								  0.00		Podarci_raffonei 56
