Distance Matrix
---------------

Using the Tamura correction method
Using base positions 123 in the codon
Gap weighting is 0.000000

	    1	    2	    3	    4	    5	    6	    7	    8	    9	    10	    11	    12	    13	    14	    15	    16	    17	    18	    19	    20	    21	    22	    23	    24	    25	    26	    27	    28	    29	    30	    31	    32	    33	    34	    35	    36	    37	    38	    39	    40	    41	    42	    43	    44	    45	    46	    47	    48	    49	    50	    51	    52	    53	    54	    55
	  0.00	 21.07	 44.42	 38.22	 24.76	 23.85	 43.19	 24.60	 40.18	 39.85	 21.70	 43.54	 38.39	 37.60	 41.15	 23.59	 39.84	 41.40	 14.02	 37.67	 45.35	 25.88	 44.94	 42.07	 25.35	 25.83	 22.02	 16.46	 40.87	 42.12	 27.82	 39.68	 25.68	 38.12	 42.87	 25.71	 45.07	 43.19	 41.01	 21.36	 48.75	 26.01	 38.66	 41.89	 36.33	 18.51	 26.49	 38.91	 41.74	 36.89	 40.62	 26.53	 38.65	 41.18	 39.76		Arizona_elegans 1
		  0.00	 43.45	 44.01	 28.56	 26.69	 47.43	 26.91	 49.60	 47.31	 22.87	 52.01	 40.74	 41.77	 49.79	 24.89	 42.98	 41.63	 21.00	 42.29	 47.60	 25.72	 46.60	 48.31	 27.84	 29.13	 21.31	 22.82	 45.15	 47.25	 25.71	 45.81	 25.29	 42.95	 46.63	 26.60	 48.93	 46.57	 45.87	 23.74	 50.89	 26.41	 46.88	 47.63	 41.23	 26.52	 25.56	 45.63	 51.46	 43.20	 45.51	 25.85	 41.16	 43.82	 44.38		Thermophis_baileyi 2
			  0.00	 37.11	 42.32	 40.48	 33.00	 41.02	 39.53	 36.33	 41.21	 44.14	 33.98	 31.07	 36.36	 38.84	 34.25	 33.16	 43.53	 32.57	 34.66	 38.64	 37.07	 37.28	 42.17	 43.02	 46.42	 41.58	 36.85	 34.35	 47.20	 32.11	 40.48	 30.70	 36.58	 39.75	 42.25	 37.47	 37.23	 43.16	 41.75	 39.01	 34.77	 39.01	 30.70	 43.09	 38.64	 34.61	 40.41	 34.63	 32.42	 44.30	 28.18	 35.30	 33.95		Elgaria_multicarinata 3
				  0.00	 44.37	 40.25	 37.04	 39.59	 37.88	 34.69	 38.08	 42.96	 32.73	 32.93	 37.55	 41.00	 35.86	 32.11	 38.34	 33.48	 38.13	 41.78	 40.62	 33.78	 39.24	 44.18	 41.73	 38.56	  9.98	 35.01	 43.08	 34.69	 40.76	 35.36	 33.30	 40.96	 44.84	 41.04	 38.93	 39.26	 43.96	 43.51	 35.96	 33.81	 35.25	 40.60	 39.97	 21.69	 37.73	 33.54	 35.11	 42.54	 34.19	 38.41	 32.42		Aspidocelis_tigris 4
					  0.00	 27.95	 43.90	 28.34	 46.00	 45.44	 24.73	 50.59	 40.57	 41.81	 45.35	 24.61	 42.02	 41.21	 26.71	 40.85	 45.32	 20.73	 44.59	 44.19	 28.25	 23.40	 25.72	 26.03	 46.98	 47.29	 29.59	 43.83	 27.35	 40.56	 44.13	 19.97	 49.84	 47.95	 47.02	 25.26	 51.36	 23.81	 43.65	 45.06	 40.86	 27.06	 27.46	 44.12	 46.66	 42.41	 42.79	 29.31	 37.95	 46.21	 43.80		Azemiops_feae 5
						  0.00	 41.71	 27.43	 42.52	 40.17	 24.37	 43.55	 39.56	 36.56	 42.25	 24.38	 38.46	 35.51	 25.40	 37.14	 43.25	 29.48	 43.01	 39.35	 21.73	 24.33	 27.18	 25.35	 41.16	 39.48	 28.28	 37.57	 26.31	 37.52	 40.07	 24.41	 44.91	 43.21	 43.57	 28.20	 47.80	 28.03	 37.57	 38.65	 35.49	 26.25	 25.06	 42.65	 41.95	 36.14	 35.83	 28.39	 37.68	 42.50	 37.81		Charina_bottae 6
							  0.00	 41.88	 37.34	 35.28	 41.36	 43.22	 36.16	 29.84	 35.26	 42.26	 35.79	 30.44	 43.45	 32.61	 37.26	 43.85	 36.47	 34.72	 41.79	 40.88	 44.85	 42.23	 37.70	 38.20	 47.48	 30.83	 44.64	 33.62	 36.13	 43.18	 47.70	 38.12	 42.33	 43.74	 45.32	 41.53	 38.87	 34.93	 30.28	 44.73	 41.76	 37.18	 40.25	 35.88	 32.48	 44.42	 32.19	 38.30	 33.05		Shinisaurus_crocodilurus 7
								  0.00	 47.33	 42.08	 25.32	 44.50	 38.37	 38.53	 44.45	 25.55	 40.55	 38.43	 24.95	 38.68	 42.87	 23.66	 41.86	 42.56	 26.52	 27.86	 26.92	 23.19	 42.10	 43.89	 27.94	 41.93	 21.50	 41.65	 42.09	 26.22	 47.65	 48.58	 44.90	 21.81	 50.92	 25.59	 43.23	 43.05	 40.51	 26.54	 24.33	 41.82	 44.76	 34.97	 40.22	 23.22	 40.03	 40.20	 42.51		Ophiophagus_hannah 8
									  0.00	 37.44	 44.12	 42.49	 35.73	 32.92	 24.86	 42.91	 35.04	 31.90	 40.89	 33.12	 41.77	 44.75	 44.03	 36.75	 41.43	 45.21	 44.29	 43.07	 37.91	 37.74	 45.94	 27.53	 45.17	 29.02	 38.73	 43.32	 43.39	 37.64	 40.97	 42.95	 40.13	 46.31	 36.57	 37.85	 30.10	 42.34	 42.47	 37.66	 37.87	 36.46	 35.41	 43.05	 29.86	 42.75	 34.99		Anolis_sagrei 9
										  0.00	 42.51	 44.11	 36.21	 34.50	 41.02	 40.11	 38.18	 33.89	 42.41	 35.01	 38.08	 45.05	 40.51	 23.58	 40.41	 46.10	 46.09	 41.72	 37.88	  7.06	 47.52	 32.20	 43.23	 33.01	 16.01	 43.66	 47.48	 38.24	 36.46	 42.55	 42.50	 44.27	 37.86	 22.94	 33.60	 45.58	 44.64	 34.49	 38.53	 35.40	 35.90	 46.30	 35.49	 41.76	 24.22		Lacerta_bilineata 10
											  0.00	 46.49	 39.79	 38.20	 42.36	 24.54	 40.21	 40.10	 21.48	 40.45	 44.22	 26.28	 44.27	 41.22	 25.96	 25.35	 21.46	 20.59	 39.40	 42.17	 25.37	 41.86	 23.49	 38.65	 41.66	 23.64	 48.22	 45.70	 44.17	 25.49	 51.47	 25.77	 41.28	 41.40	 37.71	 22.56	 24.65	 40.58	 46.38	 40.53	 41.90	 25.75	 38.68	 43.25	 39.13		Imantodes_cenchoa 11
												  0.00	 42.56	 41.28	 44.72	 47.78	 42.14	 39.32	 45.16	 40.62	 45.03	 48.43	 45.85	 41.35	 42.89	 48.62	 50.30	 45.42	 44.90	 45.54	 46.95	 38.72	 45.91	 40.31	 42.40	 47.60	 36.94	 46.80	 48.03	 45.75	 50.13	 46.79	 44.64	 44.90	 38.74	 45.82	 47.82	 42.78	 46.06	 39.41	 43.00	 49.22	 40.80	 48.52	 39.18		Phrynocephalus_versicolor 12
													  0.00	 29.70	 35.09	 38.73	 32.10	 28.45	 38.98	 26.09	 35.73	 39.76	 36.13	 37.03	 38.76	 38.82	 39.96	 36.13	 33.52	 36.71	 42.17	 31.66	 40.98	 30.40	 37.95	 37.72	 44.57	 36.89	 33.43	 40.99	 42.57	 41.22	 36.52	 40.13	 29.64	 40.21	 37.45	 34.57	 41.45	 31.96	 28.42	 42.76	 28.23	 37.45	 34.77		Cryptoblepharus_egeriae 13
														  0.00	 36.41	 37.32	 17.98	 15.93	 37.33	 29.83	 32.11	 38.53	 33.15	 34.54	 36.65	 38.15	 40.88	 35.77	 36.18	 35.34	 42.07	 25.98	 41.07	 27.20	 34.62	 39.12	 40.77	 36.83	 37.14	 41.25	 41.05	 38.20	 33.40	 36.19	 27.05	 38.19	 35.90	 33.44	 35.44	 34.27	 29.08	 39.67	 27.94	 34.66	 33.18		Iguana_delicatissima 14
															  0.00	 43.66	 35.96	 32.65	 43.46	 35.67	 43.13	 46.77	 43.60	 36.21	 40.05	 44.22	 46.41	 44.98	 38.49	 41.91	 44.34	 25.67	 47.44	 31.84	 38.79	 45.15	 47.82	 39.09	 39.92	 42.71	 41.54	 45.69	 39.86	 40.97	 29.35	 45.74	 44.69	 36.20	 37.50	 36.69	 36.20	 43.72	 30.23	 40.47	 34.92		Anolis_carolinensis 15
																  0.00	 42.37	 39.26	 21.74	 38.79	 43.44	 24.21	 41.41	 42.29	 26.17	 24.85	 25.00	 22.99	 42.03	 40.13	 29.34	 42.62	 26.41	 38.76	 39.86	 24.27	 44.78	 42.37	 41.98	 27.17	 49.43	 24.09	 38.49	 43.65	 40.06	 24.93	 25.19	 39.89	 44.73	 38.15	 40.95	 28.86	 38.07	 39.97	 40.55		Myanophis_thanlyinensis 16
																	  0.00	 18.91	 39.96	 33.00	 33.92	 41.60	 35.99	 35.56	 37.24	 44.77	 44.47	 39.14	 37.21	 38.14	 42.29	 28.27	 40.64	 28.11	 38.42	 41.46	 43.68	 36.53	 38.71	 40.85	 43.66	 39.45	 36.28	 38.82	 27.55	 39.86	 39.95	 34.51	 35.27	 35.73	 32.26	 40.79	 30.42	 39.20	 33.20		Cyclura_pinguis 17
																		  0.00	 38.64	 29.51	 31.82	 39.67	 32.81	 35.20	 35.19	 41.74	 43.91	 39.58	 33.89	 33.44	 40.73	 26.90	 38.26	 27.12	 34.01	 39.72	 42.47	 35.00	 35.97	 41.07	 38.81	 38.65	 34.34	 36.61	 26.61	 39.48	 38.13	 34.35	 35.98	 33.98	 28.45	 42.39	 27.81	 34.57	 32.42		Ctenosaura_bakeri 18
																			  0.00	 39.45	 45.55	 27.03	 43.29	 44.91	 26.25	 27.79	 20.96	 17.13	 39.48	 41.99	 26.66	 39.65	 24.83	 37.53	 42.61	 24.56	 47.70	 43.97	 45.16	 22.22	 49.62	 26.35	 39.30	 44.17	 38.43	 17.76	 25.41	 41.78	 43.16	 38.94	 42.15	 26.67	 38.54	 41.58	 41.33		Ptyas_mucosa 19
																				  0.00	 35.21	 41.44	 36.54	 32.66	 35.82	 41.10	 40.13	 35.86	 35.00	 33.35	 43.39	 29.84	 38.44	 31.18	 33.08	 37.81	 42.74	 35.89	 36.16	 39.56	 40.26	 38.74	 34.12	 35.78	 28.97	 37.42	 36.35	 32.75	 37.70	 30.79	 27.06	 43.65	 29.93	 37.20	 32.37		Lerista_edwardsae 20
																					  0.00	 41.89	 36.89	 41.62	 40.90	 47.04	 46.26	 43.98	 40.80	 37.70	 47.30	 35.12	 46.00	 36.89	 41.27	 42.91	 45.48	 28.13	 34.91	 45.40	 43.55	 45.10	 36.67	 41.79	 35.83	 46.68	 43.01	 37.74	 37.83	 36.96	 36.63	 45.03	 37.98	 37.63	 39.69		Lepidodactylus_listeri 21
																						  0.00	 42.52	 44.37	 26.88	 23.47	 26.91	 25.59	 45.91	 46.35	 28.46	 45.27	 26.06	 42.76	 45.23	 18.34	 47.59	 50.33	 43.36	 24.64	 50.37	 18.48	 42.08	 45.91	 42.42	 27.62	 28.71	 42.66	 45.38	 38.24	 40.90	 29.29	 43.34	 43.32	 43.18		Bothrops_jararaca 22
																							  0.00	 39.62	 43.42	 38.76	 45.48	 41.86	 42.23	 40.96	 45.13	 35.87	 46.25	 38.96	 39.73	 42.25	 46.63	 40.32	 43.95	 45.64	 51.32	 43.28	 38.46	 40.76	 39.11	 45.98	 43.02	 40.45	 42.70	 36.78	 37.10	 43.02	 36.84	 21.29	 36.85		Varanus_komodoensis 23
																								  0.00	 39.87	 44.00	 45.95	 41.51	 35.04	 23.75	 43.45	 32.16	 42.82	 34.03	 21.51	 45.48	 43.74	 39.83	 40.34	 41.45	 42.93	 44.09	 35.19	 23.82	 32.42	 43.12	 39.57	 34.45	 36.20	 33.32	 36.91	 43.01	 33.22	 42.05	 11.86		Podarcis_muralis 24
																									  0.00	 28.08	 27.41	 25.50	 41.35	 41.75	 28.54	 38.74	 28.92	 40.04	 41.11	 26.27	 44.70	 44.34	 40.68	 26.62	 50.20	 25.69	 40.74	 41.01	 37.91	 27.58	 26.82	 38.74	 43.29	 37.30	 39.19	 29.65	 40.31	 43.65	 41.53		Morelia_viridis 25
																										  0.00	 26.52	 26.77	 45.36	 45.33	 29.21	 40.03	 29.74	 43.63	 44.11	 22.80	 46.96	 48.34	 45.09	 29.05	 53.33	 23.81	 40.26	 42.28	 40.94	 26.91	 24.47	 44.55	 44.86	 39.60	 41.91	 28.40	 40.00	 41.19	 42.78		Vipera_latastei 26
																											  0.00	 22.35	 45.12	 44.62	 28.75	 43.65	 28.17	 41.80	 48.73	 25.52	 50.49	 45.83	 46.33	 26.91	 55.24	 27.43	 43.41	 45.66	 43.00	 25.27	 26.63	 43.00	 48.08	 42.21	 45.74	 28.11	 43.24	 45.34	 43.27		Diadophis_punctatus 27
																												  0.00	 40.27	 43.23	 27.50	 40.80	 22.06	 38.32	 42.45	 25.51	 45.97	 44.31	 42.47	 22.78	 50.53	 26.12	 40.12	 43.41	 37.79	 13.00	 23.17	 40.34	 46.49	 36.69	 41.51	 23.12	 37.05	 40.48	 41.08		Pantherophis_guttatus 28
																													  0.00	 37.46	 44.11	 34.83	 42.08	 37.06	 36.67	 42.90	 47.03	 42.37	 40.44	 41.19	 43.97	 44.67	 35.85	 35.01	 36.45	 42.70	 42.07	 21.26	 39.14	 34.50	 35.62	 45.50	 34.83	 38.84	 31.95		Aspidoscelis_marmoratus 29
																														  0.00	 49.43	 32.48	 43.83	 33.12	 14.61	 42.69	 47.56	 37.87	 39.12	 44.70	 42.42	 44.01	 38.92	 24.38	 33.50	 44.74	 45.21	 35.55	 38.54	 36.49	 36.75	 46.16	 37.52	 40.61	 23.93		Lacerta_viridis 30
																															  0.00	 45.99	 26.69	 43.78	 46.41	 30.75	 48.97	 48.42	 47.48	 27.62	 47.94	 31.12	 45.35	 45.85	 42.71	 29.87	 29.50	 44.62	 48.31	 41.52	 44.59	 29.19	 43.43	 45.72	 42.10		Boaedon_fuliginosus 31
																																  0.00	 43.38	 23.73	 33.22	 39.76	 44.27	 33.24	 37.20	 42.41	 39.80	 41.52	 34.54	 34.71	 13.17	 42.50	 40.19	 34.36	 34.81	 31.92	 31.63	 41.81	 23.87	 38.02	 32.67		Phrynosoma_platyrhinos 32
																																	  0.00	 42.31	 42.58	 25.31	 48.04	 49.15	 46.56	 23.22	 49.31	 26.10	 41.73	 46.36	 39.09	 26.09	 26.22	 44.41	 46.94	 40.62	 42.43	 23.78	 41.03	 45.37	 41.90		Naja_naja 33
																																		  0.00	 35.50	 39.23	 42.35	 35.38	 36.54	 42.07	 41.25	 41.12	 34.99	 36.68	 23.26	 39.22	 39.87	 35.33	 37.45	 33.47	 29.45	 43.36	 13.56	 37.45	 30.52		Sceloporus_tristichus 34
																																			  0.00	 42.17	 46.55	 40.39	 42.75	 43.40	 40.60	 41.78	 37.72	 23.95	 33.20	 44.32	 43.72	 37.56	 38.87	 32.85	 35.43	 45.93	 36.17	 42.29	 22.13		Lacerta_agilis 35
																																				  0.00	 46.80	 46.58	 44.04	 25.03	 48.43	 19.61	 42.74	 43.63	 39.62	 27.82	 23.61	 44.37	 46.52	 38.36	 42.21	 29.00	 41.04	 41.81	 45.08		Protobothrops_mucrosquamatus 36
																																					  0.00	 43.69	 45.24	 47.49	 46.14	 43.66	 48.84	 48.08	 43.71	 47.84	 44.08	 42.65	 50.34	 44.61	 46.78	 49.32	 43.65	 45.50	 43.65		Pogona_vitticeps 37
																																						  0.00	 37.80	 44.29	 40.46	 47.91	 40.37	 40.10	 33.91	 45.85	 43.63	 37.97	 39.46	 36.98	 36.89	 48.93	 38.24	 41.10	 35.95		Gekko_japonicus 38
																																							  0.00	 46.37	 39.11	 46.10	 37.54	 41.83	 35.00	 44.91	 43.24	 37.48	 36.28	 39.78	 36.99	 48.76	 36.16	 43.39	 40.30		Sphaerodactylus_townsendi 39
																																								  0.00	 50.20	 26.55	 41.08	 42.15	 39.70	 23.82	 26.02	 41.24	 45.66	 37.59	 40.23	 25.03	 41.06	 45.13	 40.44		Bungarus_multicintus 40
																																									  0.00	 51.49	 41.96	 45.10	 40.70	 52.51	 47.67	 46.02	 41.93	 46.03	 40.76	 51.92	 42.34	 51.23	 42.08		Paroedura_picta 41
																																										  0.00	 40.98	 44.32	 39.02	 28.41	 25.20	 41.64	 47.32	 37.19	 43.38	 29.49	 39.51	 40.52	 43.24		Crotalus_tigris 42
																																											  0.00	 40.63	 35.22	 40.86	 39.12	 34.70	 39.30	 34.31	 36.75	 45.40	 33.79	 41.24	 36.51		Sphenodon_punctatus 43
																																												  0.00	 35.32	 42.97	 43.24	 36.04	 38.77	 33.59	 38.49	 47.23	 36.11	 44.00	 23.93		Zootoca_vivipara 44
																																													  0.00	 40.33	 37.01	 32.64	 38.28	 31.52	 31.10	 40.69	 21.16	 36.84	 32.10		Phrynosoma_blainvillii 45
																																														  0.00	 28.15	 43.92	 46.55	 40.08	 40.71	 27.85	 39.35	 45.37	 42.50		Pituophis_catenifer 46
																																															  0.00	 42.91	 43.20	 38.18	 42.40	 27.85	 37.32	 39.18	 41.43		Tropidonophis_doriae 47
																																																  0.00	 35.07	 34.11	 36.73	 43.74	 34.11	 40.30	 33.13		Salvator_merianae 48
																																																	  0.00	 37.75	 40.18	 47.85	 37.14	 44.72	 34.80		Eublepharis_macularius 49
																																																		  0.00	 32.73	 42.40	 34.68	 38.08	 32.31		Hemicordylus_capensis 50
																																																			  0.00	 45.07	 30.41	 39.99	 33.54		Plestiodon_gilberti 51
																																																				  0.00	 41.06	 45.58	 42.69		Laticauda_colubrina 52
																																																					  0.00	 37.59	 30.32		Sceloporus_occidentalis 53
																																																						  0.00	 40.06		Varanus_salvator 54
																																																							  0.00		Podarci_raffonei 55
