Distance Matrix
---------------

Using the Tamura correction method
Using base positions 123 in the codon
Gap weighting is 0.000000

	    1	    2	    3	    4	    5	    6	    7	    8	    9	    10	    11	    12	    13	    14	    15	    16	    17	    18	    19	    20	    21	    22	    23	    24	    25	    26	    27	    28	    29	    30	    31	    32	    33	    34	    35	    36	    37	    38	    39	    40	    41	    42	    43	    44	    45	    46	    47	    48	    49	    50	    51	    52	    53	    54	    55	    56
	  0.00	 29.99	 62.97	 28.70	 59.60	 37.88	 35.32	 40.69	 62.97	 32.21	 64.40	 65.91	 28.52	 58.13	 64.15	 58.25	 62.23	 33.52	 62.89	 20.99	 60.62	 62.71	 37.63	 63.46	 65.06	 41.60	 36.93	 26.40	 16.88	 61.63	 65.32	 34.42	 60.29	 31.18	 60.66	 67.59	 36.52	 62.90	 63.46	 66.07	 36.84	 64.97	 36.30	 63.41	 65.34	 57.93	 18.92	 34.75	 62.32	 65.13	 60.53	 59.37	 32.98	 59.12	 64.25	 62.65		Arizona_elegans 1
		  0.00	 63.50	 27.75	 64.43	 36.30	 35.76	 38.45	 64.18	 31.62	 69.10	 62.79	 27.55	 63.68	 63.70	 56.36	 64.52	 34.70	 58.09	 27.42	 58.17	 62.00	 37.20	 70.22	 66.92	 38.42	 35.90	 21.02	 27.38	 66.75	 63.38	 33.92	 66.51	 33.29	 59.70	 69.89	 34.73	 66.93	 64.18	 64.63	 35.87	 69.85	 35.65	 71.65	 65.74	 64.11	 27.79	 30.22	 62.60	 62.87	 63.74	 65.22	 33.05	 59.38	 64.38	 67.02		Thermophis_baileyi 2
			  0.00	 60.04	 48.25	 61.31	 61.21	 61.14	 43.59	 64.46	 49.23	 52.25	 59.13	 56.49	 46.32	 39.91	 48.85	 62.27	 43.00	 59.49	 46.45	 57.24	 62.93	 57.72	 51.42	 61.39	 62.10	 59.28	 62.16	 48.31	 50.29	 60.75	 45.98	 62.37	 46.48	 56.64	 60.42	 61.15	 57.69	 52.60	 66.10	 61.07	 62.86	 58.89	 54.42	 47.21	 59.47	 59.88	 49.30	 49.76	 50.32	 43.95	 61.02	 43.93	 54.67	 50.86		Elgaria_multicarinata 3
				  0.00	 58.06	 35.61	 35.33	 32.98	 58.09	 31.30	 59.84	 61.47	 28.49	 55.73	 57.79	 51.42	 61.39	 32.55	 54.49	 28.57	 54.39	 55.79	 36.18	 60.20	 62.86	 34.25	 34.99	 27.16	 28.49	 58.52	 62.50	 28.19	 56.59	 27.62	 52.93	 65.13	 35.56	 57.42	 60.01	 62.07	 34.53	 62.33	 33.60	 62.39	 65.84	 56.32	 29.71	 33.21	 61.10	 60.71	 56.50	 59.40	 33.16	 55.63	 59.15	 59.97		Thamnophis_elegans 4
					  0.00	 61.20	 63.54	 59.98	 50.27	 64.81	 47.87	 52.30	 60.17	 51.69	 48.37	 43.74	 50.45	 60.26	 45.02	 56.30	 49.53	 55.90	 59.94	 61.80	 50.03	 57.42	 60.18	 58.98	 59.19	  9.81	 52.00	 61.51	 47.53	 60.68	 47.08	 54.42	 56.74	 54.50	 52.40	 58.57	 56.72	 59.06	 64.18	 55.69	 55.65	 47.11	 59.21	 63.03	 26.31	 50.70	 49.46	 45.07	 60.04	 47.97	 59.81	 51.06		Aspidocelis_tigris 5
						  0.00	 27.56	 37.19	 59.41	 34.77	 60.78	 61.54	 35.00	 58.18	 60.39	 50.25	 63.13	 39.43	 52.39	 33.66	 56.81	 58.20	 26.19	 65.76	 62.36	 36.58	 27.31	 35.33	 36.80	 59.81	 60.26	 37.85	 56.07	 34.94	 53.29	 67.70	 24.00	 63.19	 58.46	 62.63	 37.98	 62.86	 25.29	 66.13	 64.37	 57.06	 36.37	 36.95	 63.92	 64.04	 58.64	 58.91	 35.60	 57.65	 64.47	 58.41		Azemiops_feae 6
							  0.00	 38.73	 59.60	 33.48	 64.90	 66.68	 34.04	 59.59	 61.45	 56.02	 64.61	 37.20	 57.72	 33.43	 60.47	 62.87	 29.48	 66.60	 65.62	 38.20	 22.78	 33.31	 36.00	 65.56	 64.58	 36.87	 64.28	 33.53	 60.87	 74.02	 28.27	 61.34	 60.47	 63.51	 37.71	 65.64	 29.94	 68.90	 69.54	 60.68	 36.11	 35.75	 64.65	 62.68	 60.62	 61.02	 35.84	 60.60	 63.11	 64.71		Daboia_siamensis 7
								  0.00	 57.96	 35.12	 61.47	 60.87	 34.89	 59.29	 55.89	 49.47	 59.84	 38.86	 52.95	 38.10	 54.07	 57.54	 37.25	 65.67	 61.77	 27.21	 38.95	 36.68	 39.14	 60.60	 59.60	 37.03	 53.73	 36.99	 53.87	 65.57	 37.10	 58.47	 60.80	 60.37	 38.98	 62.56	 38.57	 66.95	 67.20	 55.54	 38.15	 36.57	 63.18	 61.54	 51.25	 58.14	 38.91	 52.42	 58.67	 60.74		Charina_bottae 8
									  0.00	 64.04	 46.15	 53.61	 60.34	 59.43	 52.34	 41.40	 49.52	 59.88	 45.48	 59.37	 45.62	 58.29	 64.35	 55.84	 53.63	 57.90	 61.79	 59.78	 64.10	 52.97	 55.57	 61.70	 46.90	 62.84	 47.84	 60.67	 59.34	 61.71	 59.12	 58.19	 65.37	 64.12	 63.03	 60.45	 53.16	 46.20	 63.18	 62.41	 51.87	 50.04	 49.55	 47.90	 63.31	 47.07	 53.58	 51.29		Shinisaurus_crocodilurus 9
										  0.00	 63.53	 66.84	 31.73	 57.62	 63.31	 53.76	 63.23	 32.57	 58.37	 28.81	 58.49	 60.05	 34.28	 68.68	 61.84	 37.01	 33.45	 29.30	 31.60	 65.18	 64.99	 36.40	 61.37	 20.65	 58.37	 73.95	 31.48	 66.44	 63.35	 61.93	 26.35	 67.31	 31.34	 70.09	 65.83	 65.15	 30.63	 29.19	 66.14	 61.54	 56.77	 62.44	 25.54	 57.95	 63.55	 61.71		Ophiophagus_hannah 10
											  0.00	 48.48	 64.99	 59.82	 43.41	 38.45	 34.89	 63.36	 39.15	 58.97	 40.42	 55.07	 62.86	 54.66	 48.82	 63.21	 66.48	 63.14	 63.91	 48.32	 49.77	 65.52	 39.39	 59.22	 37.59	 52.04	 61.12	 56.87	 55.76	 54.38	 61.17	 57.28	 64.41	 60.37	 49.15	 38.71	 62.95	 66.84	 47.00	 51.24	 45.64	 40.34	 62.50	 37.93	 57.28	 45.02		Anolis_sagrei 11
												  0.00	 65.60	 61.29	 51.43	 41.78	 49.07	 64.79	 44.20	 63.51	 47.92	 56.17	 64.88	 55.27	 29.00	 58.39	 62.43	 65.74	 60.29	 53.04	  7.04	 64.71	 45.46	 63.27	 48.03	 30.55	 59.33	 63.18	 56.28	 52.86	 64.78	 56.47	 64.81	 65.02	 32.11	 44.42	 60.53	 59.61	 53.57	 53.95	 50.85	 46.06	 65.67	 46.82	 56.56	 30.12		Lacerta_bilineata 12
													  0.00	 61.24	 60.80	 52.78	 63.76	 33.44	 58.15	 27.47	 57.48	 60.78	 35.98	 67.47	 65.63	 37.10	 32.43	 24.04	 27.87	 59.25	 65.02	 31.13	 60.42	 32.43	 57.46	 65.68	 32.51	 61.48	 60.00	 63.10	 34.07	 68.07	 34.08	 68.67	 70.17	 58.53	 27.01	 30.16	 64.26	 60.20	 57.13	 61.15	 34.50	 55.14	 61.79	 64.05		Imantodes_cenchoa 13
														  0.00	 58.75	 52.24	 59.98	 61.98	 55.94	 53.77	 53.38	 64.92	 57.59	 60.82	 60.65	 57.48	 60.20	 59.60	 56.90	 52.21	 62.56	 57.26	 57.35	 58.89	 56.71	 65.97	 54.65	 47.18	 64.40	 64.11	 59.22	 63.80	 61.24	 61.98	 62.59	 55.57	 55.42	 58.44	 55.96	 57.72	 51.04	 49.84	 59.14	 55.97	 61.56	 63.39		Phrynocephalus_versicolor 14
															  0.00	 36.17	 49.12	 61.27	 38.41	 61.38	 34.28	 56.50	 58.43	 57.32	 52.05	 59.94	 61.52	 63.63	 62.66	 50.23	 50.84	 61.57	 43.31	 58.01	 38.57	 56.46	 54.86	 54.05	 50.56	 47.70	 60.58	 59.48	 59.49	 54.37	 54.44	 42.78	 61.55	 63.12	 51.15	 50.80	 41.30	 31.47	 64.35	 40.26	 49.44	 49.63		Cryptoblepharus_egeriae 15
																  0.00	 36.55	 53.54	 16.99	 52.66	 35.07	 49.46	 50.04	 47.61	 44.14	 51.61	 55.37	 55.09	 55.50	 43.10	 43.17	 54.90	 30.11	 54.38	 29.42	 48.74	 50.79	 51.11	 45.42	 45.57	 57.96	 50.96	 52.90	 57.53	 46.45	 28.32	 55.45	 52.81	 43.55	 43.19	 39.25	 35.32	 56.51	 29.87	 44.50	 40.96		Iguana_delicatissima 16
																	  0.00	 65.54	 40.05	 61.29	 46.61	 56.83	 63.29	 55.05	 51.15	 66.21	 64.42	 62.80	 65.41	 50.26	 50.59	 64.95	 40.45	 62.27	 40.46	 54.53	 61.66	 56.48	 56.06	 53.90	 64.15	 58.20	 62.83	 62.98	 52.75	 41.10	 64.59	 62.47	 53.63	 49.88	 48.30	 43.03	 64.83	 39.92	 56.54	 51.49		Anolis_carolinensis 17
																		  0.00	 60.71	 32.70	 60.65	 67.00	 38.91	 65.80	 66.78	 39.81	 40.69	 31.09	 31.96	 60.42	 66.37	 38.00	 64.40	 31.76	 61.13	 72.14	 35.82	 62.13	 62.84	 67.97	 35.20	 68.22	 37.70	 66.78	 68.48	 62.87	 33.32	 34.72	 65.53	 60.20	 58.97	 62.61	 34.54	 60.00	 65.39	 64.18		Myanophis_thanlyinensis 18
																			  0.00	 54.98	 34.76	 53.41	 53.60	 54.30	 45.38	 55.58	 59.28	 60.97	 58.92	 47.26	 44.58	 60.39	 31.46	 57.53	 32.08	 51.03	 51.96	 51.46	 48.94	 46.06	 61.89	 57.51	 55.84	 59.71	 47.12	 29.78	 59.32	 59.51	 46.76	 45.95	 41.68	 39.90	 60.42	 32.85	 50.90	 42.54		Cyclura_pinguis 19
																				  0.00	 56.88	 60.58	 35.88	 62.45	 60.39	 37.48	 35.14	 26.64	 20.31	 55.26	 63.68	 33.26	 56.14	 29.80	 53.59	 66.76	 33.13	 60.83	 59.05	 62.94	 33.44	 62.90	 35.45	 64.60	 64.19	 57.11	 21.74	 32.22	 60.83	 56.67	 53.74	 61.24	 32.28	 54.41	 60.57	 59.78		Ptyas_mucosa 20
																					  0.00	 51.49	 56.28	 55.72	 48.11	 52.90	 60.21	 57.27	 57.36	 52.78	 47.14	 59.61	 38.09	 57.26	 36.44	 51.21	 54.45	 53.98	 52.32	 50.97	 58.91	 56.62	 59.01	 57.86	 49.69	 38.06	 55.91	 55.58	 50.22	 52.28	 39.66	 28.16	 57.09	 36.92	 50.23	 47.62		Lerista_edwardsae 21
																						  0.00	 61.22	 64.58	 57.71	 59.49	 63.41	 62.16	 62.87	 57.62	 56.37	 61.56	 56.52	 61.13	 53.27	 60.91	 62.52	 63.26	 35.13	 48.15	 65.92	 48.12	 61.17	 59.96	 59.71	 55.74	 62.11	 59.61	 60.54	 52.52	 54.03	 52.09	 61.05	 52.26	 59.11	 56.14		Lepidodactylus_listeri 22
																							  0.00	 66.14	 62.66	 35.15	 31.50	 37.87	 36.68	 58.99	 64.96	 39.75	 59.61	 37.58	 59.79	 69.52	 22.79	 58.58	 58.41	 62.35	 38.03	 68.65	 23.03	 69.23	 67.35	 59.44	 35.41	 37.42	 61.73	 64.62	 61.96	 60.59	 36.33	 60.65	 63.71	 62.14		Bothrops_jararaca 23
																								  0.00	 61.52	 60.56	 63.46	 68.22	 65.33	 61.64	 56.80	 67.59	 57.09	 64.03	 56.63	 63.63	 66.32	 64.13	 64.93	 63.43	 69.26	 67.83	 66.76	 67.58	 63.58	 55.55	 64.46	 66.46	 62.25	 55.67	 50.52	 59.30	 66.61	 56.52	 27.81	 58.06		Varanus_komodoensis 24
																									  0.00	 58.32	 64.94	 63.93	 64.63	 51.17	 30.33	 68.58	 46.50	 65.24	 48.51	 36.91	 58.87	 63.24	 57.89	 56.23	 65.65	 58.40	 64.51	 63.05	 31.33	 45.56	 61.17	 64.83	 54.63	 54.23	 50.39	 45.35	 62.35	 50.34	 59.24	 11.82		Podarcis_muralis 25
																										  0.00	 38.71	 35.18	 38.95	 58.47	 58.88	 37.04	 56.99	 38.00	 54.60	 64.25	 37.56	 57.19	 61.48	 64.27	 39.84	 65.12	 39.39	 65.47	 64.84	 58.20	 38.98	 35.45	 59.18	 58.66	 53.32	 58.91	 36.59	 55.53	 59.54	 60.16		Morelia_viridis 26
																											  0.00	 34.84	 38.84	 61.46	 64.20	 38.31	 60.79	 37.62	 62.94	 68.53	 28.65	 63.78	 59.83	 64.03	 35.48	 66.09	 28.87	 68.95	 67.86	 59.86	 36.44	 35.49	 62.93	 59.93	 60.80	 61.06	 35.63	 60.83	 63.91	 61.29		Vipera_latastei 27
																												  0.00	 27.19	 61.29	 64.14	 30.43	 59.49	 29.63	 56.51	 67.12	 33.09	 67.47	 60.22	 64.86	 30.46	 67.92	 34.99	 71.34	 65.71	 59.52	 27.68	 30.86	 61.07	 61.63	 59.41	 64.52	 33.43	 57.30	 63.05	 62.31		Diadophis_punctatus 28
																													  0.00	 61.46	 61.58	 33.72	 61.82	 30.82	 58.39	 66.16	 35.86	 64.61	 61.08	 67.32	 34.28	 64.43	 36.25	 66.16	 65.25	 61.69	 11.74	 31.64	 62.75	 64.33	 59.37	 58.65	 33.64	 58.79	 63.72	 63.25		Pantherophis_guttatus 29
																														  0.00	 53.99	 63.44	 46.64	 61.75	 47.20	 55.80	 57.74	 54.59	 53.31	 61.23	 59.01	 60.65	 64.32	 56.64	 56.02	 48.10	 60.54	 60.57	 26.92	 54.78	 50.53	 46.12	 61.08	 46.86	 63.94	 50.38		Aspidoscelis_marmoratus 30
																															  0.00	 65.58	 46.83	 63.87	 47.93	 30.10	 60.09	 64.73	 56.96	 54.18	 65.20	 55.90	 64.38	 65.66	 33.71	 44.97	 61.86	 60.87	 54.11	 52.18	 48.86	 47.72	 64.29	 46.32	 55.34	 31.65		Lacerta_viridis 31
																																  0.00	 61.39	 34.13	 60.07	 69.70	 37.39	 63.59	 61.42	 68.35	 37.77	 71.55	 39.49	 66.37	 69.42	 58.99	 33.87	 34.66	 66.09	 61.94	 57.45	 59.59	 36.08	 60.69	 61.42	 68.99		Boaedon_fuliginosus 32
																																	  0.00	 58.31	 27.63	 49.78	 57.89	 59.47	 54.28	 52.31	 58.88	 59.06	 59.14	 58.22	 47.11	 15.27	 62.09	 61.39	 49.93	 50.52	 44.61	 38.14	 60.56	 27.16	 53.70	 46.61		Phrynosoma_platyrhinos 33
																																		  0.00	 56.44	 70.15	 34.03	 63.21	 63.66	 65.85	 24.48	 65.23	 34.57	 68.99	 66.08	 56.71	 31.09	 29.02	 62.91	 63.76	 57.23	 60.99	 25.63	 58.21	 64.06	 63.62		Naja_naja 34
																																			  0.00	 52.08	 53.84	 56.85	 52.89	 48.11	 60.30	 56.20	 56.65	 59.20	 49.75	 28.14	 56.14	 59.42	 47.85	 49.44	 42.11	 36.73	 61.12	 13.13	 54.58	 47.10		Sceloporus_tristichus 35
																																				  0.00	 65.45	 64.25	 59.32	 57.03	 70.68	 61.03	 68.64	 69.32	 35.75	 48.24	 65.20	 69.50	 59.38	 55.91	 52.21	 49.79	 70.37	 48.26	 60.26	 37.85		Lacerta_agilis 36
																																					  0.00	 58.32	 57.96	 59.52	 36.96	 63.44	 21.55	 67.62	 62.38	 56.11	 34.98	 37.18	 59.16	 60.07	 58.12	 59.06	 34.86	 53.40	 61.26	 55.76		Protobothrops_mucrosquamatus 37
																																						  0.00	 63.57	 64.25	 61.59	 68.17	 63.52	 70.17	 67.06	 58.27	 64.80	 68.44	 55.15	 61.14	 55.21	 51.78	 62.66	 56.28	 57.88	 61.21		Pogona_vitticeps 38
																																							  0.00	 47.05	 66.57	 52.35	 59.44	 66.09	 62.78	 53.16	 61.98	 62.08	 59.56	 56.14	 51.83	 49.99	 64.25	 50.08	 59.97	 56.82		Gekko_japonicus 39
																																								  0.00	 70.08	 49.99	 65.33	 67.84	 60.30	 51.52	 65.95	 67.92	 57.77	 55.74	 52.51	 49.29	 66.72	 46.82	 62.64	 51.23		Sphaerodactylus_townsendi 40
																																									  0.00	 67.07	 39.46	 70.79	 66.77	 61.79	 34.48	 33.84	 62.98	 62.31	 60.72	 62.05	 27.44	 61.49	 67.91	 61.66		Bungarus_multicintus 41
																																										  0.00	 65.26	 66.45	 63.71	 58.25	 63.01	 63.19	 60.16	 54.17	 60.07	 58.55	 66.19	 55.16	 64.60	 57.14		Paroedura_picta 42
																																											  0.00	 64.70	 66.62	 59.24	 35.69	 36.41	 66.07	 61.56	 64.08	 62.15	 34.25	 60.07	 66.53	 61.54		Crotalus_tigris 43
																																												  0.00	 67.59	 59.67	 65.45	 69.03	 61.08	 62.15	 55.84	 52.91	 70.20	 60.17	 66.92	 64.93		Sphenodon_punctatus 44
																																													  0.00	 46.73	 66.26	 66.45	 54.86	 56.00	 55.14	 47.99	 68.65	 49.05	 61.39	 29.74		Zootoca_vivipara 45
																																														  0.00	 60.54	 60.37	 48.54	 49.44	 43.68	 40.34	 60.07	 27.06	 54.48	 43.47		Phrynosoma_blainvillii 46
																																															  0.00	 31.16	 60.51	 63.64	 61.31	 56.09	 36.53	 59.89	 62.35	 61.03		Pituophis_catenifer 47
																																																  0.00	 62.01	 62.46	 57.25	 58.78	 30.96	 57.87	 64.59	 64.62		Tropidonophis_doriae 48
																																																	  0.00	 51.56	 48.80	 47.85	 65.57	 45.93	 61.13	 51.07		Salvator_merianae 49
																																																		  0.00	 50.41	 46.18	 65.83	 48.58	 54.64	 52.32		Eublepharis_macularius 50
																																																			  0.00	 38.14	 61.19	 41.71	 48.41	 48.66		Hemicordylus_capensis 51
																																																				  0.00	 62.82	 38.62	 54.25	 45.25		Plestiodon_gilberti 52
																																																					  0.00	 61.57	 65.96	 66.39		Laticauda_colubrina 53
																																																						  0.00	 52.89	 46.51		Sceloporus_occidentalis 54
																																																							  0.00	 58.69		Varanus_salvator 55
																																																								  0.00		Podarci_raffonei 56
