Distance Matrix
---------------

Using the Tamura correction method
Using base positions 123 in the codon
Gap weighting is 0.000000

	    1	    2	    3	    4	    5	    6	    7	    8	    9	    10	    11	    12	    13	    14	    15	    16	    17	    18	    19	    20	    21	    22	    23	    24	    25	    26	    27	    28	    29	    30	    31	    32	    33	    34	    35	    36	    37	    38	    39	    40	    41	    42	    43	    44	    45	    46	    47	    48	    49	    50	    51	    52	    53	    54	    55	    56	    57
	  0.00	 21.23	 52.58	 22.53	 54.49	 25.90	 26.62	 29.04	 57.99	 22.92	 54.16	 56.06	 22.01	 54.42	 49.37	 53.32	 51.09	 24.70	 54.90	 51.15	 13.75	 51.48	 51.26	 26.15	 52.44	 57.77	 26.94	 22.96	 22.87	 13.86	 56.87	 55.93	 30.13	 51.88	 25.29	 54.97	 56.46	 27.82	 54.26	 58.48	 55.89	 24.60	 57.47	 25.78	 53.59	 57.24	 54.40	 14.32	 23.48	 55.28	 56.78	 53.02	 54.83	 25.52	 55.97	 51.72	 57.13		Arizona_elegans 1
		  0.00	 52.98	 21.19	 55.10	 24.98	 27.82	 25.68	 51.85	 22.60	 55.89	 60.12	 19.43	 55.95	 52.94	 52.55	 54.59	 23.58	 57.15	 48.35	 20.60	 54.18	 52.82	 23.96	 54.33	 63.07	 24.35	 23.68	 17.13	 21.29	 54.15	 60.87	 28.30	 58.15	 23.00	 55.49	 56.57	 23.61	 55.59	 60.47	 56.79	 27.44	 61.84	 22.68	 56.18	 61.48	 57.85	 24.05	 22.80	 53.29	 62.60	 51.97	 55.42	 28.06	 57.19	 51.66	 63.05		Thermophis_baileyi 2
			  0.00	 52.07	 35.36	 50.17	 54.08	 55.83	 27.81	 52.10	 30.51	 31.97	 50.74	 45.88	 30.05	 26.95	 32.39	 54.43	 28.53	 26.65	 52.38	 28.74	 33.11	 54.14	 37.70	 32.93	 53.75	 44.61	 55.69	 52.54	 36.46	 34.59	 55.90	 30.32	 49.84	 27.54	 34.84	 53.05	 43.48	 35.86	 33.51	 56.84	 45.38	 53.71	 31.00	 34.66	 31.25	 50.63	 50.05	 36.26	 34.83	 30.47	 31.93	 52.63	 32.06	 34.87	 34.49		Elgaria_multicarinata 3
				  0.00	 53.34	 27.17	 24.53	 24.27	 53.89	 22.99	 48.85	 52.57	 19.52	 47.36	 50.59	 49.44	 52.30	 25.11	 53.20	 48.40	 21.53	 50.06	 49.19	 24.17	 49.60	 55.07	 24.67	 24.76	 20.63	 20.35	 51.43	 51.90	 27.29	 51.00	 26.07	 51.24	 50.79	 25.83	 46.43	 53.98	 54.27	 28.83	 56.41	 24.50	 48.63	 60.24	 50.84	 21.88	 22.67	 52.39	 55.97	 47.78	 51.50	 25.99	 52.33	 47.88	 52.98		Thamnophis_elegans 4
					  0.00	 54.35	 50.82	 52.13	 34.51	 49.54	 35.98	 37.55	 50.52	 46.91	 37.04	 36.31	 35.19	 50.57	 37.23	 33.90	 52.91	 37.02	 43.24	 52.47	 39.93	 40.04	 53.47	 44.38	 52.87	 54.82	  8.84	 37.91	 55.28	 36.21	 53.46	 36.26	 37.62	 52.97	 49.61	 39.20	 42.28	 56.44	 48.54	 52.43	 40.12	 35.49	 36.74	 55.14	 48.76	 21.83	 38.49	 38.48	 39.23	 53.42	 37.13	 40.89	 38.97		Aspidocelis_tigris 5
						  0.00	 21.85	 28.00	 52.92	 23.67	 55.52	 57.99	 24.43	 56.37	 51.71	 50.84	 55.96	 22.99	 51.52	 47.11	 23.22	 55.23	 48.09	 18.15	 48.74	 59.54	 23.76	 18.33	 27.20	 24.90	 53.69	 55.54	 25.88	 54.72	 25.27	 53.20	 57.43	 17.40	 53.21	 53.64	 53.60	 26.51	 59.73	 21.30	 51.61	 59.36	 52.69	 24.37	 24.38	 48.90	 56.33	 54.44	 52.22	 28.20	 51.95	 48.33	 61.70		Azemiops_feae 6
							  0.00	 30.12	 53.83	 26.39	 53.12	 59.74	 23.75	 54.14	 50.64	 53.23	 54.26	 24.29	 50.69	 53.06	 24.58	 52.54	 55.08	 21.79	 53.16	 50.48	 27.17	 14.37	 23.08	 24.56	 52.02	 59.25	 26.18	 54.76	 29.30	 56.76	 55.36	 23.04	 51.85	 55.68	 57.40	 27.57	 61.26	 25.38	 48.48	 56.73	 54.52	 26.11	 24.38	 51.31	 56.47	 54.28	 54.56	 28.97	 59.95	 48.60	 51.36		Daboia_siamensis 7
								  0.00	 55.63	 25.27	 57.83	 57.76	 24.28	 55.62	 55.23	 52.13	 54.38	 28.15	 53.56	 49.60	 26.11	 56.57	 54.44	 29.73	 54.81	 61.01	 20.14	 26.18	 23.33	 24.12	 50.14	 58.19	 28.53	 56.03	 26.17	 54.09	 53.01	 28.31	 58.72	 54.00	 53.44	 31.20	 55.97	 28.70	 49.64	 56.20	 53.54	 28.20	 26.70	 49.19	 58.05	 54.65	 56.78	 31.46	 55.97	 51.73	 59.54		Charina_bottae 8
									  0.00	 50.78	 31.63	 29.82	 49.85	 47.55	 26.63	 27.66	 25.87	 52.47	 27.27	 24.03	 56.75	 27.17	 31.52	 55.25	 34.27	 29.04	 49.93	 46.94	 52.27	 53.57	 37.17	 31.12	 55.89	 30.17	 51.71	 26.81	 30.34	 50.06	 44.22	 33.96	 30.30	 55.20	 43.03	 53.58	 36.68	 30.31	 29.91	 58.57	 49.78	 35.65	 33.34	 29.05	 27.57	 52.05	 29.10	 33.92	 29.26		Shinisaurus_crocodilurus 9
										  0.00	 51.55	 56.08	 22.20	 52.47	 49.11	 51.89	 51.86	 24.55	 50.37	 49.28	 21.93	 53.15	 52.97	 22.63	 52.71	 57.27	 24.43	 22.96	 22.16	 21.46	 53.98	 58.79	 24.56	 56.39	 17.27	 48.55	 55.28	 22.62	 49.12	 56.37	 55.98	 18.71	 58.80	 26.22	 52.87	 56.62	 52.65	 19.88	 18.04	 48.52	 58.20	 52.45	 50.84	 21.30	 48.95	 50.44	 58.84		Ophiophagus_hannah 10
											  0.00	 31.23	 53.92	 46.06	 23.26	 28.43	 23.19	 50.15	 27.75	 25.81	 56.57	 24.41	 33.79	 55.08	 34.11	 29.40	 51.59	 49.83	 51.19	 56.14	 38.14	 31.13	 54.30	 25.34	 52.27	 24.10	 28.76	 57.89	 47.32	 33.52	 35.60	 55.40	 44.16	 54.24	 37.37	 28.70	 24.97	 52.68	 51.02	 31.05	 32.04	 28.98	 29.92	 54.14	 24.69	 36.55	 29.07		Anolis_sagrei 11
												  0.00	 58.94	 49.12	 24.69	 27.13	 29.13	 53.90	 28.89	 27.55	 57.03	 26.65	 31.74	 57.50	 38.78	 20.46	 52.99	 49.86	 59.85	 59.88	 37.66	  5.52	 59.70	 30.72	 55.38	 26.02	 13.80	 57.43	 48.11	 35.39	 31.53	 55.76	 45.69	 55.61	 38.04	 23.30	 28.80	 57.23	 54.42	 33.93	 32.05	 27.60	 27.10	 51.55	 30.42	 37.18	 19.82		Lacerta_bilineata 12
													  0.00	 48.77	 55.13	 49.13	 49.55	 24.88	 51.28	 44.41	 18.58	 52.20	 52.96	 25.20	 49.83	 56.79	 26.67	 21.39	 17.15	 18.93	 50.68	 58.86	 24.90	 55.53	 23.10	 52.09	 53.62	 24.48	 53.03	 54.41	 54.74	 24.85	 54.82	 25.06	 52.11	 54.89	 51.02	 20.35	 20.27	 49.64	 51.34	 52.54	 52.66	 24.94	 51.17	 49.28	 58.47		Imantodes_cenchoa 13
														  0.00	 44.09	 43.74	 43.23	 52.88	 46.40	 40.96	 53.89	 43.80	 51.11	 52.81	 52.20	 50.41	 55.61	 46.73	 54.68	 55.05	 47.96	 48.93	 57.32	 46.16	 52.91	 44.66	 44.27	 56.78	 34.85	 52.10	 47.41	 56.21	 56.36	 56.35	 47.26	 47.79	 45.04	 54.39	 51.21	 45.83	 46.52	 43.95	 47.86	 55.11	 47.20	 49.06	 51.79		Phrynocephalus_versicolor 14
															  0.00	 21.15	 26.56	 50.87	 22.16	 18.36	 52.83	 19.78	 28.77	 52.09	 35.74	 27.65	 49.46	 44.05	 52.28	 49.69	 37.89	 26.55	 55.13	 25.53	 51.26	 22.01	 25.57	 50.58	 43.01	 30.84	 28.47	 51.56	 37.07	 54.33	 33.36	 27.05	 25.89	 51.29	 49.05	 33.08	 31.22	 25.85	 20.16	 51.12	 22.42	 33.85	 26.24		Cryptoblepharus_egeriae 15
																  0.00	 23.84	 52.57	 17.20	 13.16	 52.65	 21.68	 28.56	 46.73	 32.29	 29.28	 49.29	 43.39	 54.07	 51.56	 38.27	 29.25	 54.55	 23.76	 49.04	 20.14	 29.64	 48.76	 42.08	 30.33	 26.52	 56.23	 45.87	 50.57	 35.95	 28.19	 22.82	 52.53	 47.38	 33.19	 31.93	 27.97	 24.96	 51.07	 24.68	 31.15	 28.16		Iguana_delicatissima 16
																	  0.00	 53.23	 23.84	 23.53	 53.30	 25.81	 29.50	 51.85	 34.54	 27.18	 49.54	 48.26	 53.03	 51.01	 37.04	 29.40	 58.82	 26.27	 56.06	 24.17	 28.13	 52.65	 46.85	 32.36	 29.38	 54.51	 45.98	 52.21	 39.56	 29.18	 24.46	 52.28	 47.98	 34.12	 31.55	 29.61	 27.08	 53.82	 26.48	 31.81	 28.07		Anolis_carolinensis 17
																		  0.00	 53.94	 51.19	 24.82	 50.64	 49.08	 25.07	 52.25	 54.38	 25.24	 24.45	 21.42	 24.35	 51.26	 54.19	 26.25	 58.61	 24.42	 54.27	 52.62	 24.14	 53.25	 57.36	 55.40	 27.36	 60.33	 26.70	 50.33	 54.69	 56.53	 25.46	 23.24	 47.32	 57.01	 57.01	 50.93	 27.44	 53.65	 50.95	 53.53		Myanophis_thanlyinensis 18
																			  0.00	 17.86	 54.59	 22.60	 29.67	 47.48	 31.72	 27.91	 46.97	 43.47	 51.18	 54.15	 38.95	 30.65	 55.26	 23.64	 51.75	 19.37	 29.47	 48.24	 42.47	 31.64	 27.87	 57.42	 43.00	 50.03	 35.46	 28.32	 25.69	 51.72	 50.58	 34.05	 29.14	 29.17	 26.05	 53.05	 21.88	 31.31	 28.27		Cyclura_pinguis 19
																				  0.00	 47.63	 20.46	 27.57	 43.94	 32.04	 28.66	 45.03	 38.92	 48.33	 46.75	 35.27	 28.36	 52.51	 24.94	 49.88	 20.38	 29.39	 45.15	 39.73	 29.61	 26.43	 52.09	 40.65	 49.00	 34.56	 27.86	 21.57	 48.43	 48.48	 32.67	 29.14	 26.70	 22.43	 49.93	 19.42	 30.18	 26.60		Ctenosaura_bakeri 20
																					  0.00	 51.72	 52.89	 24.20	 53.09	 58.18	 27.07	 21.23	 20.36	 11.29	 55.17	 58.05	 25.24	 53.46	 22.25	 54.48	 56.11	 24.92	 56.49	 57.41	 60.69	 22.44	 59.01	 26.54	 55.40	 58.30	 54.91	 14.19	 23.26	 50.06	 57.67	 53.64	 56.00	 24.69	 56.36	 52.02	 59.99		Ptyas_mucosa 21
																						  0.00	 24.64	 54.19	 34.51	 23.81	 48.19	 46.26	 51.32	 55.71	 37.58	 26.96	 56.40	 26.25	 52.56	 22.61	 27.13	 52.34	 44.35	 31.59	 30.41	 55.77	 42.52	 55.75	 36.34	 28.40	 23.71	 52.52	 46.49	 31.73	 26.28	 26.39	 22.44	 53.30	 23.90	 31.92	 25.76		Lerista_edwardsae 22
																							  0.00	 51.81	 35.84	 29.93	 46.48	 47.44	 53.66	 55.78	 42.96	 33.28	 55.94	 31.88	 52.48	 28.14	 31.73	 49.73	 47.25	 24.62	 30.75	 55.81	 38.59	 52.24	 39.21	 33.63	 31.95	 50.36	 48.56	 36.84	 30.87	 32.50	 30.17	 50.12	 30.62	 35.39	 31.26		Lepidodactylus_listeri 23
																								  0.00	 52.46	 60.86	 27.21	 17.41	 23.18	 26.12	 54.35	 57.84	 27.67	 55.75	 25.80	 52.70	 59.96	 15.56	 50.44	 54.08	 52.58	 27.07	 63.04	 17.27	 51.79	 60.71	 52.26	 24.23	 24.60	 50.77	 59.46	 55.44	 49.36	 30.97	 52.48	 47.66	 64.03		Bothrops_jararaca 24
																									  0.00	 37.23	 47.85	 46.19	 52.41	 52.29	 44.88	 36.19	 52.73	 34.46	 52.08	 35.31	 35.45	 52.67	 48.97	 41.25	 37.71	 51.54	 50.62	 51.18	 38.86	 34.53	 34.35	 55.29	 48.70	 41.78	 37.35	 33.08	 38.19	 50.68	 35.21	 17.54	 39.15		Varanus_komodoensis 25
																										  0.00	 52.17	 50.18	 59.41	 59.23	 39.03	 20.67	 58.75	 30.78	 58.76	 27.32	 20.34	 58.70	 51.18	 36.02	 35.87	 56.26	 45.57	 61.43	 38.55	 20.81	 29.66	 57.61	 56.77	 34.70	 29.72	 29.03	 29.22	 55.69	 27.27	 36.17	 10.39		Podarcis_muralis 26
																											  0.00	 23.05	 26.05	 25.32	 51.10	 52.83	 25.84	 51.29	 28.13	 50.37	 48.45	 22.86	 49.67	 53.75	 49.75	 29.06	 56.49	 25.90	 46.30	 55.81	 49.17	 24.87	 24.32	 48.39	 52.48	 50.09	 46.07	 28.27	 51.17	 44.76	 51.82		Morelia_viridis 27
																												  0.00	 23.20	 22.34	 45.94	 49.97	 25.56	 47.95	 24.18	 46.79	 49.02	 17.39	 44.26	 49.36	 50.89	 24.82	 52.23	 20.92	 42.78	 52.09	 46.54	 22.58	 23.11	 43.71	 49.78	 48.35	 49.93	 26.64	 47.74	 43.33	 50.48		Vipera_latastei 28
																													  0.00	 20.35	 53.87	 58.21	 24.62	 56.15	 23.97	 56.34	 53.74	 23.58	 56.69	 54.72	 56.69	 26.20	 59.89	 26.10	 52.55	 57.85	 54.07	 20.56	 22.48	 54.96	 55.84	 49.23	 51.99	 26.05	 54.05	 49.90	 58.88		Diadophis_punctatus 29
																														  0.00	 56.39	 62.07	 24.87	 54.92	 23.47	 54.95	 56.31	 25.97	 58.60	 59.09	 59.11	 24.99	 59.01	 25.76	 53.13	 58.64	 56.74	 12.90	 22.42	 52.46	 56.17	 55.38	 58.90	 23.14	 58.42	 51.90	 56.32		Pantherophis_guttatus 30
																															  0.00	 39.66	 56.18	 38.46	 54.03	 35.53	 38.71	 54.22	 51.54	 41.14	 44.10	 57.08	 48.37	 53.01	 41.55	 38.83	 39.25	 56.72	 50.60	 22.23	 39.88	 40.57	 42.85	 57.75	 38.24	 40.84	 39.37		Aspidoscelis_marmoratus 31
																																  0.00	 60.10	 31.74	 55.87	 27.46	 14.01	 57.18	 51.68	 35.48	 32.81	 55.32	 48.01	 56.89	 40.24	 23.93	 30.70	 58.23	 55.23	 35.31	 33.11	 27.43	 27.39	 54.69	 30.07	 36.50	 19.81		Lacerta_viridis 32
																																	  0.00	 59.54	 26.27	 57.02	 58.72	 27.51	 58.97	 54.44	 54.52	 28.26	 53.68	 32.13	 50.79	 59.01	 57.68	 25.13	 25.80	 51.38	 57.90	 53.33	 51.92	 28.90	 54.58	 49.80	 57.63		Boaedon_fuliginosus 33
																																		  0.00	 55.84	 17.56	 29.96	 59.11	 46.17	 34.63	 32.72	 55.72	 44.85	 59.26	 38.99	 28.80	 15.06	 50.95	 50.22	 37.25	 31.15	 29.15	 33.57	 52.86	 20.07	 37.39	 28.44		Phrynosoma_platyrhinos 34
																																			  0.00	 53.01	 57.51	 22.29	 57.95	 57.94	 51.12	 20.74	 58.68	 25.91	 51.30	 58.46	 56.24	 23.94	 18.91	 46.37	 57.33	 52.75	 51.12	 23.32	 54.18	 49.01	 61.96		Naja_naja 35
																																				  0.00	 26.93	 53.66	 42.67	 31.67	 28.42	 55.45	 42.42	 53.83	 35.26	 29.44	 19.86	 53.04	 49.67	 35.40	 29.73	 29.16	 24.99	 50.71	 12.49	 32.48	 27.98		Sceloporus_tristichus 36
																																					  0.00	 59.77	 50.55	 34.16	 35.11	 57.65	 46.24	 53.91	 37.45	 22.32	 28.26	 53.16	 53.39	 36.01	 29.84	 26.94	 28.94	 50.87	 30.31	 35.83	 17.96		Lacerta_agilis 37
																																						  0.00	 53.21	 54.26	 55.03	 26.71	 59.38	 18.51	 50.67	 58.83	 58.18	 26.02	 21.84	 49.75	 59.83	 54.87	 47.86	 27.37	 54.21	 48.73	 60.89		Protobothrops_mucrosquamatus 38
																																							  0.00	 53.06	 48.75	 56.58	 55.27	 53.68	 48.44	 52.66	 48.43	 55.72	 52.53	 49.82	 50.11	 44.88	 44.68	 55.27	 46.16	 45.59	 49.95		Pogona_vitticeps 39
																																								  0.00	 32.68	 59.23	 46.26	 55.14	 40.34	 34.52	 35.49	 57.43	 54.44	 42.71	 33.39	 32.47	 31.93	 55.28	 33.23	 38.90	 35.95		Gekko_japonicus 40
																																									  0.00	 58.02	 45.43	 58.62	 39.19	 35.62	 32.21	 57.96	 48.16	 35.35	 36.25	 30.26	 28.26	 56.15	 31.17	 34.45	 34.46		Sphaerodactylus_townsendi 41
																																										  0.00	 60.70	 30.64	 54.11	 56.23	 55.82	 22.82	 23.32	 53.62	 55.31	 56.32	 53.97	 20.20	 54.11	 49.12	 57.33		Bungarus_multicintus 42
																																											  0.00	 61.41	 51.01	 46.80	 45.28	 58.38	 55.73	 43.86	 43.51	 39.72	 42.03	 57.52	 42.95	 48.66	 44.89		Paroedura_picta 43
																																												  0.00	 54.36	 58.96	 56.93	 24.62	 26.33	 52.74	 56.70	 55.11	 52.02	 29.38	 55.24	 51.70	 63.47		Crotalus_tigris 44
																																													  0.00	 40.23	 36.08	 55.32	 48.91	 36.81	 40.83	 35.22	 36.63	 52.56	 38.35	 41.05	 39.08		Sphenodon_punctatus 45
																																														  0.00	 30.60	 58.33	 55.21	 36.08	 31.84	 32.08	 29.17	 54.98	 27.73	 39.00	 20.12		Zootoca_vivipara 46
																																															  0.00	 54.39	 50.88	 35.29	 30.10	 27.37	 26.60	 53.58	 20.26	 36.13	 31.13		Phrynosoma_blainvillii 47
																																																  0.00	 20.75	 52.00	 52.68	 54.65	 52.50	 23.01	 52.81	 53.36	 57.94		Pituophis_catenifer 48
																																																	  0.00	 46.49	 53.68	 51.50	 47.05	 21.92	 49.90	 44.95	 55.43		Tropidonophis_doriae 49
																																																		  0.00	 37.20	 33.61	 37.00	 53.04	 36.17	 38.56	 33.85		Salvator_merianae 50
																																																			  0.00	 30.72	 33.08	 52.08	 30.06	 36.27	 31.78		Eublepharis_macularius 51
																																																				  0.00	 28.08	 54.64	 27.81	 33.85	 29.53		Hemicordylus_capensis 52
																																																					  0.00	 49.71	 25.57	 37.50	 30.76		Plestiodon_gilberti 53
																																																						  0.00	 51.37	 51.80	 56.45		Laticauda_colubrina 54
																																																							  0.00	 35.81	 27.67		Sceloporus_occidentalis 55
																																																								  0.00	 37.62		Varanus_salvator 56
																																																									  0.00		Podarci_raffonei 57
