Distance Matrix
---------------

Using the Tamura correction method
Using base positions 123 in the codon
Gap weighting is 0.000000

	    1	    2	    3	    4	    5	    6	    7	    8	    9	    10	    11	    12	    13	    14	    15	    16	    17	    18	    19	    20	    21	    22	    23	    24	    25	    26	    27	    28	    29	    30	    31	    32	    33	    34	    35	    36	    37	    38	    39	    40	    41	    42	    43	    44	    45	    46	    47	    48	    49	    50	    51	    52	    53	    54	    55	    56	    57
	  0.00	 27.74	 51.65	 25.92	 55.66	 28.72	 28.82	 29.53	 50.84	 25.65	 48.01	 48.46	 27.19	 54.95	 52.53	 47.73	 49.98	 30.74	 48.33	 50.48	 17.93	 50.18	 50.40	 29.17	 55.86	 48.55	 29.13	 30.59	 24.66	 15.24	 55.60	 50.60	 26.80	 49.30	 30.58	 49.62	 51.50	 28.86	 58.02	 53.72	 47.66	 29.14	 50.54	 28.41	 51.91	 48.64	 49.32	 16.53	 25.99	 52.78	 48.27	 50.06	 48.29	 31.67	 47.28	 55.02	 47.45		Arizona_elegans 1
		  0.00	 52.93	 22.10	 53.07	 28.08	 28.78	 26.51	 53.34	 24.17	 49.83	 53.34	 21.97	 54.60	 46.70	 48.92	 54.69	 26.43	 49.42	 46.90	 25.00	 52.10	 50.52	 29.64	 55.74	 53.14	 28.20	 27.08	 21.18	 26.53	 55.36	 54.03	 26.09	 51.77	 29.76	 47.94	 52.92	 26.75	 58.87	 48.15	 48.56	 27.25	 53.87	 26.45	 52.40	 54.66	 50.43	 25.26	 28.21	 51.25	 55.58	 52.09	 48.79	 30.90	 50.06	 55.22	 49.77		Thermophis_baileyi 2
			  0.00	 42.23	 41.07	 50.46	 51.07	 47.38	 39.01	 50.49	 37.11	 40.17	 51.70	 50.63	 37.91	 33.81	 39.04	 51.92	 33.85	 34.99	 53.03	 35.24	 38.86	 53.74	 41.87	 39.88	 48.66	 51.11	 50.20	 51.30	 42.52	 40.31	 50.37	 35.00	 50.83	 35.55	 38.54	 52.65	 53.10	 38.59	 39.12	 55.72	 40.85	 52.93	 40.70	 39.43	 37.90	 51.36	 52.55	 41.74	 38.98	 37.86	 37.47	 56.37	 35.40	 39.90	 37.90		Elgaria_multicarinata 3
				  0.00	 47.49	 19.08	 21.77	 22.23	 43.07	 20.72	 40.36	 41.13	 18.99	 50.81	 39.88	 38.11	 40.64	 20.75	 36.17	 40.95	 18.88	 41.85	 41.91	 20.31	 47.09	 45.11	 23.48	 20.64	 21.22	 21.67	 44.42	 43.68	 18.98	 37.90	 22.79	 44.37	 41.13	 21.57	 49.68	 45.48	 35.98	 22.25	 40.91	 22.63	 43.58	 48.45	 41.68	 19.59	 22.26	 43.54	 36.72	 42.60	 42.47	 24.38	 38.72	 42.57	 42.25		Thamnophis_elegans 4
					  0.00	 54.27	 51.82	 54.51	 40.34	 51.16	 38.18	 39.10	 53.06	 47.46	 38.20	 35.98	 38.81	 51.27	 33.09	 36.94	 51.61	 37.41	 35.54	 53.37	 41.08	 41.03	 50.79	 52.41	 54.40	 54.81	 11.34	 41.13	 57.45	 37.49	 52.69	 38.47	 40.44	 56.22	 54.34	 40.77	 40.55	 54.12	 42.88	 56.03	 42.43	 40.04	 38.26	 56.87	 54.82	 26.32	 39.48	 41.41	 39.18	 55.86	 37.79	 40.87	 36.14		Aspidocelis_tigris 5
						  0.00	 23.37	 29.07	 48.64	 28.35	 50.17	 48.27	 26.16	 55.75	 49.24	 46.65	 46.62	 32.00	 45.01	 46.91	 27.34	 47.69	 48.63	 20.56	 52.37	 50.67	 30.42	 24.55	 26.61	 27.89	 51.74	 50.06	 28.24	 49.78	 30.04	 48.73	 49.13	 19.75	 60.14	 49.55	 49.22	 32.79	 53.29	 22.09	 50.13	 52.82	 51.21	 26.80	 27.04	 51.66	 49.18	 52.74	 50.57	 33.44	 47.54	 51.55	 50.58		Azemiops_feae 6
							  0.00	 29.27	 49.19	 26.85	 48.02	 48.52	 28.48	 54.65	 49.69	 47.90	 48.70	 31.40	 44.11	 48.44	 27.56	 49.52	 48.41	 26.14	 52.69	 50.13	 32.48	 20.37	 26.13	 28.40	 49.06	 49.40	 29.15	 48.16	 29.42	 46.80	 51.58	 25.42	 62.71	 46.74	 49.31	 28.57	 51.58	 24.50	 51.36	 50.74	 47.57	 27.10	 27.04	 52.87	 48.22	 54.25	 52.05	 29.92	 48.03	 53.42	 45.81		Daboia_siamensis 7
								  0.00	 51.08	 28.23	 48.12	 48.02	 27.18	 52.25	 45.48	 45.10	 49.80	 27.96	 44.06	 45.07	 27.96	 47.92	 48.57	 27.72	 51.71	 52.20	 23.59	 29.34	 27.02	 29.35	 53.42	 49.16	 30.32	 49.32	 30.08	 46.03	 45.70	 28.86	 57.72	 48.33	 47.36	 32.26	 49.39	 28.41	 48.38	 50.34	 48.56	 28.30	 29.13	 50.96	 48.79	 52.19	 49.11	 32.77	 45.87	 48.30	 46.11		Charina_bottae 8
									  0.00	 51.74	 30.87	 33.21	 47.29	 46.54	 31.76	 31.38	 35.88	 50.23	 30.42	 31.53	 50.52	 32.59	 35.63	 51.72	 38.52	 35.91	 45.92	 49.99	 51.99	 51.05	 38.94	 33.96	 51.62	 32.91	 49.63	 32.25	 31.70	 53.18	 54.46	 38.13	 35.54	 55.34	 38.17	 51.19	 35.42	 34.82	 31.94	 54.15	 55.19	 38.18	 37.02	 32.27	 33.04	 54.63	 32.59	 40.70	 31.41		Shinisaurus_crocodilurus 9
										  0.00	 50.44	 48.24	 24.90	 53.75	 47.50	 48.40	 50.39	 24.82	 44.44	 46.58	 23.33	 47.61	 51.07	 27.18	 49.97	 51.41	 25.44	 25.71	 23.83	 24.51	 52.11	 50.87	 28.11	 49.34	 20.05	 49.21	 50.73	 25.72	 57.93	 48.91	 47.16	 24.22	 53.02	 27.35	 52.49	 52.06	 50.52	 25.51	 24.34	 50.34	 51.83	 52.18	 49.85	 26.78	 50.01	 50.59	 49.33		Ophiophagus_hannah 10
											  0.00	 30.63	 48.68	 47.21	 31.84	 27.25	 26.64	 49.07	 29.11	 29.55	 47.81	 29.33	 31.40	 50.71	 40.25	 31.60	 42.27	 51.00	 48.06	 49.65	 40.92	 32.38	 50.01	 27.03	 51.39	 27.28	 32.19	 51.37	 48.47	 35.86	 37.39	 49.43	 38.09	 51.55	 36.90	 34.02	 26.04	 50.45	 47.06	 37.66	 32.94	 30.33	 30.50	 50.38	 26.04	 39.45	 32.74		Anolis_sagrei 11
												  0.00	 50.48	 48.59	 31.73	 28.06	 31.31	 47.20	 31.05	 29.72	 52.16	 30.03	 37.69	 49.83	 41.87	 23.46	 46.69	 50.20	 47.59	 50.94	 40.56	  6.91	 49.96	 29.60	 50.84	 30.55	 15.87	 51.33	 52.96	 37.46	 33.41	 50.68	 39.67	 49.88	 38.38	 23.55	 31.24	 53.14	 47.85	 39.65	 36.75	 34.20	 30.98	 50.90	 28.90	 41.65	 22.98		Lacerta_bilineata 12
													  0.00	 55.45	 46.01	 46.32	 49.63	 27.63	 45.98	 44.83	 25.21	 48.12	 48.26	 28.23	 52.95	 52.29	 27.24	 29.10	 22.88	 25.65	 53.36	 51.46	 24.92	 47.60	 28.53	 46.71	 51.00	 27.62	 60.84	 49.87	 47.55	 30.23	 51.81	 27.40	 49.95	 54.24	 47.41	 25.67	 25.76	 53.29	 53.86	 51.97	 50.37	 27.77	 47.90	 52.11	 50.55		Imantodes_cenchoa 13
														  0.00	 48.01	 42.31	 48.53	 57.19	 42.85	 43.64	 52.14	 46.07	 47.22	 56.31	 48.10	 47.55	 49.32	 57.17	 53.99	 56.07	 46.54	 48.43	 53.84	 43.18	 54.28	 45.57	 47.69	 55.49	 49.87	 48.01	 45.22	 57.44	 50.92	 57.06	 47.62	 46.53	 44.93	 58.27	 55.56	 47.41	 45.96	 49.59	 47.01	 56.76	 43.78	 47.99	 46.77		Phrynocephalus_versicolor 14
															  0.00	 25.84	 32.16	 48.17	 27.98	 25.94	 49.58	 23.28	 32.81	 49.46	 41.52	 33.11	 43.00	 46.11	 50.06	 50.20	 37.94	 33.04	 46.40	 31.44	 48.12	 27.38	 32.99	 49.99	 47.45	 33.49	 33.05	 53.78	 36.28	 51.69	 36.79	 34.82	 28.35	 51.28	 49.88	 35.18	 38.71	 29.63	 26.64	 53.31	 28.63	 37.99	 29.20		Cryptoblepharus_egeriae 15
																  0.00	 29.10	 48.52	 18.00	 15.99	 49.79	 25.30	 28.78	 48.61	 36.86	 30.29	 43.29	 49.52	 47.02	 48.62	 36.66	 29.12	 49.53	 27.35	 52.17	 25.19	 31.45	 48.95	 47.40	 29.88	 30.97	 48.96	 34.62	 48.34	 33.75	 32.76	 26.12	 53.41	 45.27	 33.87	 34.16	 30.25	 28.19	 53.33	 24.96	 34.67	 28.49		Iguana_delicatissima 16
																	  0.00	 50.17	 31.56	 30.40	 51.02	 31.13	 35.48	 51.73	 44.01	 32.33	 49.92	 50.76	 51.04	 49.54	 39.80	 31.17	 50.64	 26.97	 50.41	 30.12	 32.00	 53.05	 54.07	 35.86	 36.13	 54.33	 40.76	 51.34	 38.99	 32.09	 28.56	 49.58	 50.63	 40.02	 35.37	 32.35	 33.90	 50.13	 29.97	 40.43	 31.99		Anolis_carolinensis 17
																		  0.00	 43.95	 47.46	 27.90	 49.56	 51.97	 32.05	 52.49	 54.83	 30.43	 29.77	 28.87	 29.72	 49.92	 49.83	 26.97	 51.95	 30.11	 47.73	 49.45	 31.18	 56.79	 53.44	 48.00	 32.69	 51.05	 32.49	 50.08	 50.64	 51.64	 29.42	 27.89	 50.98	 53.73	 51.55	 49.34	 32.44	 48.11	 52.37	 51.01		Myanophis_thanlyinensis 18
																			  0.00	 20.68	 47.26	 27.97	 31.92	 48.55	 37.58	 31.52	 41.02	 47.16	 46.27	 49.63	 35.96	 32.61	 49.94	 29.01	 45.07	 27.50	 30.76	 46.21	 46.05	 31.76	 32.60	 49.28	 33.59	 49.71	 34.23	 35.18	 28.62	 50.63	 47.23	 36.07	 34.43	 34.64	 29.18	 51.38	 27.54	 36.05	 28.65		Cyclura_pinguis 19
																				  0.00	 47.87	 27.72	 32.26	 48.08	 35.07	 30.67	 44.92	 48.42	 47.74	 48.85	 38.28	 31.93	 51.05	 28.90	 48.18	 23.13	 30.58	 47.12	 45.82	 30.27	 30.40	 51.53	 34.60	 47.44	 32.82	 33.32	 26.76	 52.88	 49.40	 36.31	 35.40	 29.66	 27.84	 50.36	 22.90	 36.43	 27.55		Ctenosaura_bakeri 20
																					  0.00	 50.63	 49.73	 27.75	 54.02	 51.89	 27.15	 27.47	 22.40	 16.61	 50.46	 51.80	 24.92	 47.34	 27.97	 48.44	 52.75	 28.43	 59.02	 49.95	 51.64	 26.40	 52.21	 28.00	 52.97	 50.37	 47.46	 16.45	 27.93	 53.53	 49.23	 47.36	 48.03	 29.13	 48.15	 52.49	 50.61		Ptyas_mucosa 21
																						  0.00	 31.10	 50.43	 43.40	 30.95	 48.05	 49.05	 50.33	 53.22	 36.02	 30.20	 52.78	 29.51	 48.44	 26.19	 30.89	 50.56	 45.62	 32.42	 30.73	 51.79	 38.25	 50.00	 36.40	 34.31	 28.69	 51.18	 51.53	 34.02	 35.58	 29.79	 25.39	 52.48	 27.01	 39.11	 28.10		Lerista_edwardsae 22
																							  0.00	 52.52	 42.59	 35.79	 45.72	 47.90	 49.46	 48.30	 37.07	 37.13	 51.33	 34.57	 50.44	 32.05	 37.65	 50.83	 50.22	 29.33	 32.18	 51.72	 38.91	 50.69	 37.71	 37.49	 32.67	 51.32	 47.84	 36.49	 37.02	 36.23	 33.62	 52.44	 31.23	 40.92	 32.40		Lepidodactylus_listeri 23
																								  0.00	 53.37	 52.34	 30.42	 22.75	 26.58	 27.03	 53.33	 51.55	 29.87	 52.67	 31.36	 52.55	 50.20	 21.84	 62.13	 50.01	 49.29	 32.41	 53.60	 20.52	 54.27	 54.06	 54.41	 27.19	 28.15	 52.54	 52.37	 57.09	 51.75	 32.79	 51.07	 54.83	 49.36		Bothrops_jararaca 24
																									  0.00	 43.48	 50.07	 54.28	 57.06	 56.38	 40.43	 43.21	 54.91	 40.88	 54.19	 39.04	 42.89	 52.21	 51.37	 43.68	 39.21	 56.22	 40.31	 55.64	 46.81	 43.12	 39.73	 59.12	 53.72	 42.06	 42.95	 43.40	 44.48	 54.34	 38.04	 21.16	 40.71		Varanus_komodoensis 25
																										  0.00	 49.00	 53.65	 48.48	 49.90	 42.85	 24.76	 53.95	 29.87	 52.48	 31.45	 22.26	 51.18	 51.48	 35.84	 38.03	 49.90	 38.98	 50.88	 39.32	 23.73	 31.13	 51.61	 52.30	 40.45	 36.45	 36.03	 33.66	 48.49	 31.53	 45.64	 13.76		Podarcis_muralis 26
																											  0.00	 30.13	 28.52	 28.21	 51.41	 45.39	 29.05	 47.58	 30.01	 42.52	 46.91	 29.29	 54.88	 48.24	 44.72	 31.14	 48.55	 31.03	 48.22	 49.53	 43.66	 26.99	 26.94	 46.74	 47.79	 47.52	 44.47	 31.96	 42.42	 47.51	 45.65		Morelia_viridis 27
																												  0.00	 29.74	 28.69	 53.35	 50.88	 27.78	 49.78	 29.19	 50.42	 52.75	 24.72	 58.54	 48.82	 49.74	 31.29	 49.05	 25.74	 53.77	 53.24	 50.56	 28.89	 27.17	 48.27	 54.59	 55.28	 50.55	 31.56	 50.04	 52.12	 48.68		Vipera_latastei 28
																													  0.00	 23.16	 55.05	 48.30	 27.41	 48.76	 27.42	 48.31	 49.36	 26.81	 63.07	 49.72	 46.95	 27.97	 53.09	 26.16	 52.69	 49.59	 49.69	 20.22	 25.91	 53.51	 51.94	 51.92	 48.01	 28.14	 47.69	 51.39	 49.14		Diadophis_punctatus 29
																														  0.00	 53.91	 52.09	 24.11	 50.79	 30.57	 49.02	 52.76	 27.89	 55.89	 52.75	 49.92	 28.72	 51.67	 29.13	 51.42	 50.09	 51.03	 12.04	 24.69	 51.29	 51.52	 52.42	 47.17	 31.32	 49.67	 56.47	 49.75		Pantherophis_guttatus 30
																															  0.00	 40.12	 56.61	 38.17	 53.94	 38.98	 42.25	 56.15	 52.32	 40.67	 39.92	 54.27	 45.26	 56.76	 44.06	 39.33	 37.94	 57.22	 51.96	 25.17	 38.85	 40.52	 38.60	 57.15	 37.96	 40.76	 37.07		Aspidoscelis_marmoratus 31
																																  0.00	 50.97	 29.33	 51.61	 31.01	 16.97	 50.57	 52.85	 37.47	 36.71	 48.97	 41.14	 51.64	 39.65	 25.47	 30.99	 53.63	 49.99	 41.21	 37.49	 32.78	 31.70	 52.56	 30.45	 41.52	 22.49		Lacerta_viridis 32
																																	  0.00	 49.64	 28.86	 49.16	 52.02	 29.54	 59.96	 51.81	 48.73	 30.33	 54.70	 27.17	 52.28	 51.54	 48.89	 25.12	 27.84	 53.91	 51.54	 52.15	 49.37	 33.04	 48.79	 52.82	 52.08		Boaedon_fuliginosus 33
																																		  0.00	 49.21	 27.10	 30.63	 50.23	 51.67	 35.81	 36.98	 51.75	 38.88	 52.64	 35.96	 32.20	 15.80	 52.13	 51.61	 38.32	 34.40	 33.26	 27.34	 49.77	 23.61	 40.96	 29.00		Phrynosoma_platyrhinos 34
																																			  0.00	 49.09	 50.17	 30.61	 58.02	 52.17	 48.34	 26.66	 57.25	 31.61	 52.80	 55.22	 51.31	 30.55	 31.32	 52.07	 53.32	 50.59	 52.39	 28.07	 49.45	 55.21	 48.71		Naja_naja 35
																																				  0.00	 31.28	 49.30	 49.81	 33.82	 32.36	 50.61	 35.59	 51.29	 32.52	 31.55	 21.91	 49.73	 49.37	 36.15	 37.95	 31.59	 26.37	 52.20	 15.22	 39.58	 30.10		Sceloporus_tristichus 36
																																					  0.00	 52.42	 54.36	 35.93	 37.49	 51.60	 41.08	 51.56	 38.40	 24.27	 32.48	 52.09	 51.81	 42.28	 35.76	 34.51	 32.28	 52.05	 32.24	 39.86	 23.09		Lacerta_agilis 37
																																						  0.00	 60.54	 49.96	 48.74	 30.02	 53.72	 23.62	 51.41	 53.39	 50.11	 27.59	 28.41	 51.35	 54.29	 54.12	 54.06	 35.28	 50.50	 53.74	 49.86		Protobothrops_mucrosquamatus 38
																																							  0.00	 51.29	 50.86	 64.01	 52.85	 63.65	 50.29	 55.25	 46.82	 57.04	 60.65	 49.83	 56.45	 52.04	 50.29	 60.65	 48.45	 52.41	 50.04		Pogona_vitticeps 39
																																								  0.00	 34.33	 51.47	 38.88	 50.45	 40.98	 37.72	 35.44	 52.80	 50.16	 38.80	 35.56	 38.48	 32.65	 53.52	 35.15	 42.76	 30.96		Gekko_japonicus 40
																																									  0.00	 54.16	 37.82	 48.55	 35.93	 38.65	 34.82	 51.76	 46.23	 39.40	 38.80	 33.53	 32.78	 50.65	 32.94	 38.27	 33.13		Sphaerodactylus_townsendi 41
																																										  0.00	 53.07	 32.54	 53.94	 51.13	 51.91	 29.07	 30.23	 54.00	 52.06	 51.93	 55.98	 27.37	 51.84	 55.35	 47.37		Bungarus_multicintus 42
																																											  0.00	 53.40	 41.35	 38.69	 37.68	 53.39	 53.19	 42.03	 42.56	 39.66	 38.10	 55.71	 35.93	 40.62	 36.00		Paroedura_picta 43
																																												  0.00	 52.12	 49.50	 51.91	 29.02	 29.37	 51.14	 53.77	 50.85	 51.82	 35.01	 49.45	 54.18	 50.29		Crotalus_tigris 44
																																													  0.00	 39.92	 34.86	 53.59	 51.19	 43.11	 37.03	 37.81	 38.89	 52.44	 33.93	 45.99	 36.42		Sphenodon_punctatus 45
																																														  0.00	 33.99	 50.65	 51.09	 40.30	 37.40	 33.97	 33.50	 51.79	 31.55	 43.82	 25.59		Zootoca_vivipara 46
																																															  0.00	 54.12	 50.09	 38.11	 35.85	 32.22	 26.75	 52.39	 23.50	 39.88	 28.54		Phrynosoma_blainvillii 47
																																																  0.00	 25.66	 53.18	 53.55	 53.67	 51.54	 29.89	 49.59	 57.67	 52.32		Pituophis_catenifer 48
																																																	  0.00	 52.47	 50.07	 52.86	 50.47	 29.79	 48.66	 52.14	 48.61		Tropidonophis_doriae 49
																																																		  0.00	 38.70	 38.06	 40.41	 54.16	 36.82	 43.90	 37.02		Salvator_merianae 50
																																																			  0.00	 35.31	 39.07	 51.92	 37.44	 42.76	 37.40		Eublepharis_macularius 51
																																																				  0.00	 33.58	 54.35	 30.45	 41.67	 34.21		Hemicordylus_capensis 52
																																																					  0.00	 52.55	 26.29	 40.48	 30.28		Plestiodon_gilberti 53
																																																						  0.00	 48.60	 57.06	 49.42		Laticauda_colubrina 54
																																																							  0.00	 39.16	 30.28		Sceloporus_occidentalis 55
																																																								  0.00	 41.15		Varanus_salvator 56
																																																									  0.00		Podarci_raffonei 57
