Distance Matrix
---------------

Using the Tamura correction method
Using base positions 123 in the codon
Gap weighting is 0.000000

	    1	    2	    3	    4	    5	    6	    7	    8	    9	    10	    11	    12	    13	    14	    15	    16	    17	    18	    19	    20	    21	    22	    23	    24	    25	    26	    27	    28	    29	    30	    31	    32	    33	    34	    35	    36	    37	    38	    39	    40	    41	    42	    43	    44	    45	    46	    47	    48	    49	    50	    51	    52	    53	    54	    55	    56	    57
	  0.00	 25.18	 50.58	 29.17	 54.49	 27.87	 33.17	 32.31	 52.66	 28.00	 48.42	 52.73	 27.41	 52.66	 52.39	 49.46	 54.56	 29.69	 46.70	 46.61	 20.00	 47.87	 54.63	 31.39	 59.27	 52.74	 32.69	 29.39	 25.28	 15.30	 54.76	 53.66	 32.81	 50.14	 28.60	 47.92	 57.30	 28.70	 58.27	 55.33	 59.29	 30.37	 58.80	113.25	 54.59	 56.47	 50.43	 16.21	 28.43	 52.83	 59.49	 48.58	107.86	 31.90	 48.24	 56.06	 52.18		Arizona_elegans 1
		  0.00	 48.42	 25.73	 53.22	 28.73	 31.68	 30.65	 48.23	 24.86	 51.60	 54.90	 23.78	 54.64	 49.85	 46.11	 53.82	 25.38	 43.46	 42.64	 25.05	 47.62	 53.62	 29.36	 55.14	 54.78	 31.69	 29.19	 22.90	 22.06	 54.97	 54.20	 30.01	 50.05	 26.22	 49.16	 55.40	 26.36	 58.80	 54.63	 52.79	 30.22	 56.61	103.62	 55.75	 59.24	 50.09	 24.81	 27.44	 53.28	 59.94	 48.79	118.92	 31.21	 48.44	 52.25	 53.61		Thermophis_baileyi 2
			  0.00	 48.90	 47.97	 50.01	 50.83	 50.90	 40.82	 47.50	 45.59	 49.27	 51.33	 54.27	 44.02	 37.48	 46.53	 52.51	 41.12	 38.49	 51.50	 41.38	 48.89	 49.22	 46.99	 47.77	 50.63	 49.81	 51.57	 49.86	 48.86	 48.84	 55.39	 44.10	 51.71	 42.68	 47.71	 46.69	 50.75	 50.90	 47.75	 51.54	 54.30	112.27	 52.49	 46.68	 41.08	 49.41	 50.15	 51.14	 51.59	 46.40	113.22	 50.72	 43.13	 43.60	 49.61		Elgaria_multicarinata 3
				  0.00	 56.06	 30.40	 33.49	 34.00	 46.51	 29.97	 53.53	 55.30	 25.21	 54.04	 49.08	 48.08	 54.30	 31.42	 47.39	 47.34	 29.77	 48.61	 52.08	 31.92	 55.76	 52.90	 31.08	 30.26	 25.93	 28.46	 58.59	 53.92	 29.86	 49.48	 31.01	 47.65	 57.05	 30.75	 57.28	 55.16	 52.25	 34.58	 55.63	127.50	 55.43	 58.01	 47.07	 28.99	 29.85	 54.58	 55.29	 48.32	117.89	 33.82	 48.65	 54.52	 53.73		Thamnophis_elegans 4
					  0.00	 54.42	 54.56	 53.80	 49.19	 51.74	 48.96	 52.48	 56.21	 53.85	 49.28	 46.46	 50.89	 54.14	 48.49	 43.83	 53.39	 46.29	 49.69	 55.37	 50.71	 52.57	 52.33	 52.44	 56.60	 51.54	 10.28	 51.05	 56.47	 48.94	 56.73	 50.92	 53.53	 53.32	 54.70	 51.65	 54.81	 54.95	 53.17	121.96	 50.15	 49.60	 47.40	 53.64	 54.31	 29.61	 55.78	 46.79	132.66	 54.04	 49.58	 53.13	 51.80		Aspidocelis_tigris 5
						  0.00	 27.74	 32.12	 49.22	 28.88	 52.18	 52.29	 30.48	 54.19	 50.27	 44.52	 57.21	 30.51	 46.34	 43.07	 27.92	 45.38	 51.50	 23.09	 55.34	 54.11	 30.72	 25.95	 30.01	 28.57	 54.39	 52.42	 36.91	 48.45	 31.57	 50.35	 56.67	 20.36	 60.77	 52.36	 50.65	 30.57	 55.17	121.99	 54.63	 55.12	 50.33	 29.62	 30.37	 52.77	 57.45	 46.74	128.69	 32.70	 48.73	 54.11	 51.36		Azemiops_feae 6
							  0.00	 35.43	 51.85	 32.01	 51.56	 52.98	 33.86	 54.59	 52.06	 50.07	 52.92	 31.31	 50.82	 47.44	 32.71	 51.72	 53.31	 27.78	 58.23	 53.51	 35.58	 20.56	 33.53	 30.44	 56.18	 52.43	 36.32	 52.75	 33.33	 51.15	 55.27	 27.74	 60.02	 52.97	 55.97	 34.33	 58.96	112.19	 51.87	 55.36	 51.99	 31.11	 34.93	 55.50	 57.07	 49.77	113.74	 34.85	 49.97	 57.06	 52.46		Daboia_siamensis 7
								  0.00	 50.72	 31.43	 51.11	 50.17	 33.60	 53.48	 48.18	 44.56	 51.15	 33.37	 46.04	 41.44	 33.87	 45.64	 49.45	 31.99	 54.25	 54.14	 26.43	 31.44	 35.13	 31.73	 53.34	 50.31	 36.60	 47.68	 35.49	 45.80	 53.84	 29.84	 53.12	 51.79	 50.06	 35.85	 54.83	111.19	 53.74	 54.62	 48.62	 33.96	 32.98	 50.61	 55.68	 45.64	132.65	 34.22	 43.94	 52.34	 50.62		Charina_bottae 8
									  0.00	 51.15	 47.91	 45.58	 51.83	 50.09	 44.84	 42.23	 44.15	 50.12	 45.46	 40.95	 51.05	 39.94	 46.27	 50.93	 48.80	 45.51	 49.62	 47.51	 51.00	 49.74	 48.89	 45.60	 53.65	 42.35	 50.87	 42.84	 48.80	 47.89	 53.73	 50.56	 49.94	 52.62	 54.08	113.60	 52.83	 48.22	 42.85	 50.35	 52.42	 50.42	 48.73	 50.32	119.79	 53.64	 43.71	 46.97	 44.78		Shinisaurus_crocodilurus 9
										  0.00	 49.67	 57.02	 27.30	 55.90	 49.94	 46.54	 53.77	 28.50	 42.52	 43.38	 30.26	 48.63	 52.86	 30.63	 52.74	 53.19	 30.20	 31.88	 27.36	 26.78	 52.67	 54.31	 34.74	 49.12	 21.52	 49.86	 60.08	 27.85	 57.81	 54.80	 53.65	 22.94	 56.50	108.67	 56.10	 59.16	 47.39	 29.55	 25.25	 56.04	 55.03	 46.40	145.22	 24.31	 48.06	 52.33	 51.75		Ophiophagus_hannah 10
											  0.00	 47.82	 53.25	 48.59	 44.50	 38.86	 34.72	 50.32	 38.52	 35.11	 51.83	 40.25	 48.66	 53.16	 50.82	 44.92	 50.51	 50.10	 52.84	 48.72	 50.13	 47.86	 53.85	 36.76	 52.32	 38.16	 47.25	 50.87	 51.97	 48.85	 50.18	 51.60	 49.94	133.06	 50.82	 44.81	 35.82	 52.22	 53.37	 50.68	 46.67	 40.50	121.17	 51.21	 37.89	 47.39	 45.30		Anolis_sagrei 11
												  0.00	 53.78	 51.79	 46.03	 44.08	 46.95	 54.53	 46.65	 42.73	 53.22	 43.63	 50.26	 53.93	 52.45	 27.97	 50.72	 50.18	 55.12	 53.22	 52.35	  7.04	 58.09	 43.79	 56.37	 44.83	 28.43	 51.24	 56.71	 50.91	 51.67	 54.87	 54.30	 91.59	 56.22	 30.39	 45.72	 54.03	 52.89	 51.33	 52.61	 45.71	108.27	 55.77	 44.70	 52.02	 26.91		Lacerta_bilineata 12
													  0.00	 55.72	 51.12	 47.72	 52.44	 27.08	 48.79	 44.31	 25.51	 48.05	 51.42	 30.94	 53.31	 54.63	 32.10	 32.62	 23.25	 24.55	 57.72	 53.76	 31.59	 50.39	 28.09	 48.89	 57.76	 28.96	 59.40	 57.53	 54.18	 30.20	 58.86	106.13	 54.32	 58.99	 49.83	 26.26	 28.61	 53.63	 57.52	 48.15	121.29	 31.67	 49.29	 55.61	 53.68		Imantodes_cenchoa 13
														  0.00	 53.69	 49.83	 52.43	 55.38	 50.30	 49.65	 53.79	 45.98	 53.35	 52.12	 59.13	 52.69	 50.99	 51.10	 54.32	 52.97	 52.53	 50.65	 60.15	 49.09	 53.75	 50.37	 53.96	 52.48	 48.82	 55.81	 56.85	 53.69	 55.91	 93.27	 52.87	 49.79	 50.42	 53.30	 52.80	 54.56	 55.03	 50.09	116.87	 55.51	 50.68	 56.20	 52.50		Phrynocephalus_versicolor 14
															  0.00	 39.75	 45.32	 50.43	 39.65	 38.87	 53.77	 34.61	 44.96	 49.61	 52.06	 45.80	 50.29	 47.71	 50.40	 50.73	 48.64	 45.16	 54.68	 43.45	 51.57	 40.80	 48.11	 48.80	 51.86	 48.74	 48.67	 51.92	 52.61	128.85	 51.85	 47.18	 43.66	 50.66	 49.19	 48.17	 50.83	 45.10	121.86	 55.13	 39.63	 50.35	 43.72		Cryptoblepharus_egeriae 15
																  0.00	 38.90	 47.95	 21.15	 16.67	 49.15	 35.88	 39.72	 46.68	 43.93	 44.46	 43.63	 47.11	 48.32	 48.46	 47.07	 43.36	 49.51	 31.70	 47.66	 29.71	 45.94	 42.60	 46.92	 46.79	 43.84	 48.34	 47.39	 94.77	 48.68	 47.76	 31.59	 47.83	 46.14	 44.57	 49.00	 41.17	111.03	 50.84	 30.65	 42.46	 41.13		Iguana_delicatissima 16
																	  0.00	 54.50	 40.61	 37.87	 52.92	 40.55	 49.49	 52.77	 50.31	 45.92	 51.29	 49.47	 54.52	 53.02	 51.01	 47.64	 57.68	 36.10	 52.33	 37.09	 51.72	 51.42	 54.38	 51.89	 52.86	 54.34	 53.25	127.06	 53.13	 50.43	 36.11	 53.73	 50.30	 50.62	 51.45	 49.21	123.55	 52.42	 36.36	 47.98	 45.95		Anolis_carolinensis 17
																		  0.00	 48.36	 46.16	 29.17	 49.72	 49.93	 29.81	 55.53	 54.39	 32.43	 30.89	 28.62	 26.20	 54.70	 54.14	 32.18	 52.55	 30.19	 50.32	 58.39	 29.12	 57.53	 54.71	 53.56	 30.92	 55.40	101.90	 57.55	 58.41	 50.42	 28.46	 28.75	 52.24	 57.60	 47.14	116.23	 35.20	 49.77	 56.19	 53.21		Myanophis_thanlyinensis 18
																			  0.00	 18.37	 47.72	 37.83	 42.98	 48.22	 45.79	 47.27	 46.37	 46.56	 49.00	 45.99	 48.03	 44.76	 50.47	 34.16	 47.93	 33.73	 49.96	 43.76	 48.55	 48.93	 45.46	 49.19	 52.16	 89.24	 51.41	 48.56	 33.03	 46.50	 47.31	 45.81	 48.95	 43.73	101.26	 48.23	 32.26	 42.48	 44.75		Cyclura_pinguis 19
																				  0.00	 45.68	 35.28	 40.24	 44.74	 45.00	 44.26	 43.93	 42.86	 46.55	 43.60	 45.62	 42.65	 47.81	 27.62	 44.96	 29.41	 45.80	 41.61	 46.28	 46.88	 44.73	 46.48	 48.43	102.42	 45.49	 45.31	 27.97	 44.60	 45.00	 44.21	 46.34	 38.61	109.00	 46.70	 26.69	 43.18	 41.62		Ctenosaura_bakeri 20
																					  0.00	 45.79	 54.77	 32.62	 57.19	 54.63	 34.60	 30.10	 26.61	 17.75	 55.02	 52.06	 34.86	 46.67	 32.04	 47.95	 57.76	 30.02	 60.63	 54.87	 56.93	 31.73	 55.15	122.60	 54.90	 55.96	 50.40	 20.83	 28.42	 54.94	 57.51	 49.83	128.70	 33.24	 46.81	 54.56	 51.96		Ptyas_mucosa 21
																						  0.00	 44.24	 49.96	 49.30	 43.47	 44.44	 46.45	 47.98	 46.03	 46.21	 44.04	 49.12	 37.08	 47.83	 35.34	 46.76	 44.14	 49.94	 47.86	 47.18	 50.67	 49.09	 93.36	 45.18	 44.73	 38.96	 47.91	 46.49	 44.06	 50.90	 41.47	119.87	 50.14	 35.88	 46.14	 40.94		Lerista_edwardsae 22
																							  0.00	 50.80	 53.98	 49.96	 50.64	 49.78	 53.48	 51.01	 51.69	 48.67	 56.06	 48.87	 52.99	 46.02	 49.63	 49.55	 51.33	 35.21	 43.45	 53.03	 44.43	109.92	 54.80	 50.18	 46.69	 51.79	 51.44	 48.06	 45.04	 46.09	148.05	 55.27	 45.21	 52.06	 48.03		Lepidodactylus_listeri 23
																								  0.00	 55.08	 56.86	 30.49	 26.44	 28.14	 29.03	 55.86	 53.12	 34.50	 51.96	 30.14	 50.11	 56.25	 15.50	 53.71	 53.10	 54.29	 32.32	 55.69	101.13	 55.15	 60.00	 51.73	 30.62	 33.46	 53.01	 59.24	 48.38	113.21	 34.46	 49.75	 53.11	 55.01		Bothrops_jararaca 24
																									  0.00	 52.57	 51.03	 53.50	 56.46	 57.46	 52.98	 52.27	 55.67	 51.24	 59.52	 44.12	 53.26	 53.65	 57.77	 54.95	 53.62	 55.52	 58.04	 93.24	 57.51	 55.38	 48.59	 57.86	 55.32	 53.39	 57.52	 53.41	123.47	 56.44	 46.36	 25.74	 52.83		Varanus_komodoensis 25
																										  0.00	 50.72	 55.83	 55.19	 52.12	 51.38	 26.01	 57.25	 44.31	 55.78	 43.04	 31.62	 54.81	 54.41	 50.22	 55.29	 53.75	 57.53	 92.40	 56.17	 28.59	 42.17	 53.99	 52.12	 50.92	 51.31	 48.53	126.22	 58.43	 45.26	 52.52	 12.30		Podarcis_muralis 26
																											  0.00	 32.77	 32.16	 30.42	 52.97	 49.47	 34.80	 48.07	 30.80	 43.90	 54.99	 28.73	 52.58	 54.89	 50.05	 34.56	 54.17	100.50	 53.92	 55.58	 47.44	 30.41	 31.44	 50.66	 57.23	 43.84	111.26	 33.08	 46.02	 51.81	 49.80		Morelia_viridis 27
																												  0.00	 30.61	 28.60	 52.47	 49.30	 32.06	 48.96	 30.43	 45.45	 54.94	 26.20	 56.03	 49.94	 50.74	 33.56	 51.04	112.49	 48.48	 53.94	 50.08	 29.46	 31.46	 48.93	 52.72	 48.68	125.78	 33.06	 43.51	 52.97	 52.88		Vipera_latastei 28
																													  0.00	 24.61	 57.40	 54.74	 33.70	 50.95	 28.14	 50.27	 60.62	 26.49	 58.39	 54.95	 56.26	 31.54	 57.74	116.38	 56.20	 58.22	 50.22	 26.48	 29.25	 54.99	 62.39	 48.37	122.58	 33.80	 48.59	 54.52	 54.67		Diadophis_punctatus 29
																														  0.00	 51.77	 52.70	 32.16	 47.36	 27.01	 44.22	 56.61	 27.13	 56.06	 54.53	 58.28	 30.85	 56.46	118.24	 51.42	 57.40	 46.65	 13.01	 27.32	 52.55	 58.08	 45.61	114.76	 30.82	 46.04	 54.14	 50.68		Pantherophis_guttatus 30
																															  0.00	 51.69	 56.85	 49.55	 56.52	 50.38	 54.56	 52.98	 53.96	 52.44	 56.24	 55.05	 53.98	113.49	 51.79	 49.34	 48.18	 55.61	 54.40	 29.91	 54.12	 47.16	144.60	 54.63	 50.11	 52.15	 50.49		Aspidoscelis_marmoratus 31
																																  0.00	 60.06	 44.30	 56.02	 44.10	 26.58	 52.00	 56.20	 50.73	 50.49	 54.14	 53.41	 91.57	 55.36	 29.64	 44.42	 54.65	 51.46	 51.61	 50.68	 44.53	112.62	 56.09	 45.63	 51.77	 25.43		Lacerta_viridis 32
																																	  0.00	 51.57	 32.68	 48.55	 58.53	 33.97	 56.80	 59.30	 56.90	 37.32	 61.61	 98.03	 58.29	 59.04	 52.63	 29.90	 32.77	 55.95	 60.25	 54.19	120.32	 38.79	 47.95	 57.76	 59.11		Boaedon_fuliginosus 33
																																		  0.00	 50.13	 26.18	 45.62	 49.03	 54.99	 49.01	 49.91	 48.05	 48.16	123.28	 50.11	 44.71	 16.99	 49.33	 48.55	 48.31	 47.05	 43.13	124.10	 50.56	 26.07	 49.18	 43.85		Phrynosoma_platyrhinos 34
																																			  0.00	 49.03	 59.04	 28.68	 58.63	 55.50	 56.33	 23.49	 55.17	103.34	 57.73	 59.07	 50.02	 28.79	 27.75	 53.48	 60.04	 49.03	127.23	 25.32	 48.42	 55.26	 55.89		Naja_naja 35
																																				  0.00	 45.50	 46.16	 52.99	 49.73	 48.72	 49.42	 50.09	117.27	 49.63	 47.77	 26.87	 46.30	 49.15	 49.40	 47.51	 45.58	128.01	 51.80	 13.22	 46.79	 42.98		Sceloporus_tristichus 36
																																					  0.00	 55.21	 55.86	 53.65	 54.25	 59.77	 55.65	102.33	 57.42	 32.05	 45.53	 56.36	 56.20	 56.37	 52.73	 49.40	119.78	 58.31	 47.46	 53.23	 31.28		Lacerta_agilis 37
																																						  0.00	 52.37	 50.58	 49.32	 29.24	 52.69	 98.04	 51.18	 56.13	 48.79	 28.88	 29.22	 50.54	 55.72	 45.91	112.83	 32.42	 47.78	 53.00	 53.64		Protobothrops_mucrosquamatus 38
																																							  0.00	 57.45	 54.23	 59.01	 59.23	 91.14	 58.25	 58.53	 52.06	 56.17	 57.67	 52.52	 56.83	 55.10	130.09	 58.68	 53.33	 54.47	 55.13		Pogona_vitticeps 39
																																								  0.00	 42.96	 53.41	 47.56	120.71	 56.36	 54.87	 47.95	 54.31	 51.69	 51.24	 51.16	 48.07	147.29	 59.61	 48.97	 54.81	 50.26		Gekko_japonicus 40
																																									  0.00	 54.67	 48.50	109.25	 57.81	 55.18	 48.44	 54.95	 53.09	 54.37	 53.02	 46.17	132.84	 57.75	 45.39	 49.45	 52.88		Sphaerodactylus_townsendi 41
																																										  0.00	 56.89	102.58	 53.51	 56.77	 48.74	 33.80	 28.00	 56.77	 56.20	 52.89	120.62	 27.25	 50.00	 54.26	 54.00		Bungarus_multicintus 42
																																											  0.00	140.09	 60.43	 58.69	 51.07	 58.08	 55.59	 51.88	 54.47	 48.15	139.26	 57.62	 47.96	 60.03	 56.21		Paroedura_picta 43
																																												  0.00	115.62	111.37	115.57	121.06	117.14	109.03	122.83	123.56	 62.08	102.84	121.92	109.30	 85.93		Crotalus_tigris 44
																																													  0.00	 52.99	 51.53	 52.59	 52.93	 51.60	 57.82	 52.04	120.33	 55.28	 48.92	 55.62	 56.04		Sphenodon_punctatus 45
																																														  0.00	 46.34	 58.09	 56.74	 50.87	 51.24	 46.93	127.08	 59.92	 47.73	 54.79	 27.67		Zootoca_vivipara 46
																																															  0.00	 51.31	 49.00	 48.44	 48.23	 44.10	127.79	 48.92	 27.09	 46.79	 42.83		Phrynosoma_blainvillii 47
																																																  0.00	 28.24	 55.99	 59.56	 48.19	130.76	 32.84	 46.95	 55.25	 51.58		Pituophis_catenifer 48
																																																	  0.00	 50.87	 58.42	 49.29	131.71	 29.06	 47.33	 51.24	 51.72		Tropidonophis_doriae 49
																																																		  0.00	 51.24	 48.94	112.29	 57.39	 47.74	 51.47	 49.68		Salvator_merianae 50
																																																			  0.00	 53.74	130.15	 55.96	 49.38	 55.56	 50.06		Eublepharis_macularius 51
																																																				  0.00	148.29	 52.37	 44.35	 48.06	 46.17		Hemicordylus_capensis 52
																																																					  0.00	131.52	110.63	146.82	118.50		Plestiodon_gilberti 53
																																																						  0.00	 50.40	 56.50	 57.80		Laticauda_colubrina 54
																																																							  0.00	 46.57	 43.74		Sceloporus_occidentalis 55
																																																								  0.00	 49.47		Varanus_salvator 56
																																																									  0.00		Podarci_raffonei 57
