Distance Matrix
---------------

Uncorrected for Multiple Substitutions
Using base positions 123 in the codon
Gap weighting is 0.000000

	    1	    2	    3	    4	    5	    6	    7	    8	    9	    10	    11	    12	    13	    14	    15	    16	    17	    18	    19	    20	    21	    22	    23	    24	    25	    26	    27	    28	    29	    30	    31	    32	    33	    34	    35	    36	    37	    38	    39	    40	    41	    42	    43	    44	    45	    46	    47	    48	    49	    50	    51	    52	    53	    54	    55	    56
	  0.00	 24.85	 40.64	 28.65	 37.54	 28.07	 29.82	 31.29	 40.35	 29.53	 39.47	 38.01	 25.73	 38.10	 39.45	 37.72	 40.35	 28.07	 38.01	 38.30	 17.54	 35.71	 35.99	 32.46	 39.77	 29.53	 50.00	 20.18	 19.30	 37.50	 36.84	 26.61	 40.94	 27.78	 38.01	 38.01	 29.82	 42.48	 38.10	 41.23	 25.60	 40.94	 30.70	 35.67	 37.72	 36.84	 20.76	 27.49	 36.30	 37.13	 36.31	 39.77	 26.61	 36.84	 40.35	 37.43		Arizona_elegans 1
		  0.00	 41.52	 22.22	 40.54	 24.85	 28.07	 32.75	 42.40	 25.73	 39.47	 41.52	 22.22	 41.07	 39.14	 36.55	 41.23	 25.44	 35.67	 35.67	 21.05	 41.67	 40.71	 26.61	 42.40	 30.70	 41.67	 20.47	 21.35	 39.88	 38.89	 27.19	 40.06	 21.93	 40.06	 39.77	 25.73	 43.66	 39.58	 36.26	 24.70	 40.06	 27.49	 40.35	 41.23	 38.89	 19.88	 27.49	 35.56	 41.23	 38.10	 40.94	 27.49	 38.60	 40.64	 38.89		Thermophis_baileyi 2
			  0.00	 41.23	 36.90	 38.60	 37.72	 39.47	 33.04	 39.47	 34.78	 37.97	 39.47	 39.23	 35.15	 35.94	 35.07	 38.89	 33.91	 33.62	 41.52	 40.12	 34.50	 39.47	 35.07	 42.69	 66.67	 38.89	 39.47	 37.76	 36.81	 41.23	 35.07	 38.01	 36.81	 40.29	 36.26	 41.23	 34.81	 37.97	 39.29	 38.84	 40.64	 37.39	 37.97	 33.62	 39.47	 40.64	 33.33	 35.94	 34.51	 37.39	 41.23	 35.65	 36.23	 37.97		Elgaria_multicarinata 3
				  0.00	 38.14	 26.32	 26.32	 27.19	 40.06	 28.07	 40.35	 38.01	 23.39	 41.37	 40.06	 37.13	 40.06	 26.90	 35.96	 37.72	 26.32	 41.37	 38.05	 25.73	 39.47	 29.24	 41.67	 24.27	 24.27	 38.39	 35.38	 26.32	 39.77	 23.68	 38.30	 37.72	 25.15	 39.23	 40.18	 39.18	 25.89	 40.06	 28.36	 38.30	 37.13	 38.30	 24.27	 23.98	 35.19	 40.64	 36.01	 41.23	 27.19	 36.84	 40.35	 38.01		Thamnophis_elegans 4
					  0.00	 38.14	 37.24	 35.74	 32.74	 41.74	 35.42	 34.52	 38.14	 36.06	 35.17	 36.90	 35.12	 38.14	 32.14	 34.52	 37.84	 29.73	 30.95	 37.54	 34.52	 39.94	 66.67	 39.94	 37.54	  8.93	 32.74	 39.04	 33.93	 38.14	 33.04	 33.63	 35.44	 36.34	 32.43	 36.90	 40.06	 36.61	 36.04	 34.82	 31.55	 34.82	 40.84	 37.54	 18.32	 33.04	 31.21	 34.52	 38.44	 31.85	 32.74	 35.12		Aspidocelis_tigris 5
						  0.00	 20.47	 28.36	 38.60	 24.56	 40.06	 42.40	 26.02	 38.69	 37.92	 36.55	 40.06	 26.61	 35.09	 33.33	 26.90	 39.29	 36.87	 20.47	 40.35	 32.16	 41.67	 24.85	 28.07	 37.50	 40.35	 28.36	 38.01	 26.32	 39.18	 42.98	 18.42	 39.53	 38.39	 40.94	 27.38	 41.81	 22.81	 37.72	 36.55	 35.67	 26.32	 28.36	 32.22	 39.77	 40.77	 40.64	 30.12	 39.18	 36.55	 40.64		Azemiops_feae 6
							  0.00	 27.49	 39.18	 28.36	 39.77	 38.30	 28.07	 38.99	 38.53	 38.89	 37.72	 27.19	 36.26	 36.26	 29.24	 37.80	 37.76	 22.81	 41.81	 29.82	 25.00	 27.78	 29.53	 38.10	 38.01	 30.70	 39.77	 27.49	 40.94	 39.18	 20.47	 37.46	 38.10	 44.15	 25.89	 39.18	 24.27	 38.30	 36.26	 36.55	 26.90	 28.95	 34.81	 39.77	 40.77	 41.23	 29.82	 39.47	 40.64	 38.60		Daboia_siamensis 7
								  0.00	 37.13	 30.70	 41.23	 40.06	 29.53	 37.80	 37.61	 36.55	 36.84	 26.61	 34.80	 35.67	 30.41	 37.50	 38.05	 28.65	 38.30	 24.27	 50.00	 30.41	 31.29	 36.61	 39.18	 29.53	 36.84	 27.19	 36.55	 39.18	 29.53	 40.12	 36.61	 38.89	 29.76	 39.47	 29.24	 40.06	 35.38	 33.04	 30.41	 30.99	 33.33	 41.52	 36.31	 36.55	 29.53	 34.50	 35.67	 39.77		Charina_bottae 8
									  0.00	 40.64	 31.30	 31.30	 39.77	 37.76	 30.61	 29.86	 33.04	 38.89	 27.83	 27.25	 40.06	 28.61	 26.90	 38.60	 28.70	 42.11	 50.00	 39.18	 41.81	 33.04	 29.57	 41.81	 30.43	 40.64	 30.43	 31.88	 38.30	 34.50	 31.86	 35.65	 39.88	 42.03	 38.60	 34.20	 29.28	 29.57	 39.47	 40.35	 28.57	 33.62	 32.15	 30.14	 39.18	 30.14	 32.75	 30.14		Shinisaurus_crocodilurus 9
										  0.00	 39.47	 41.23	 28.65	 40.18	 38.53	 35.38	 40.35	 28.65	 35.38	 33.04	 30.12	 42.86	 38.05	 28.65	 39.77	 31.58	 50.00	 26.32	 28.07	 40.18	 40.06	 30.99	 39.47	 21.93	 37.13	 42.11	 24.56	 38.05	 40.48	 41.81	 26.79	 41.52	 29.24	 38.89	 40.35	 38.01	 28.65	 26.02	 34.81	 41.81	 40.18	 41.23	 28.65	 35.38	 38.60	 38.30		Ophiophagus_hannah 10
											  0.00	 36.81	 39.47	 35.40	 33.64	 28.41	 27.54	 38.01	 26.67	 28.70	 40.94	 33.04	 33.04	 40.64	 33.91	 42.98	 50.00	 40.64	 39.77	 36.28	 34.49	 40.94	 30.72	 36.84	 30.43	 33.33	 40.06	 40.64	 30.38	 41.45	 38.10	 38.26	 39.47	 36.23	 35.65	 27.54	 38.60	 38.01	 31.14	 33.91	 34.81	 31.30	 40.94	 29.28	 35.65	 34.78		Anolis_sagrei 11
												  0.00	 42.98	 37.17	 30.61	 31.59	 35.07	 39.77	 32.17	 32.46	 39.18	 32.74	 28.65	 39.18	 23.48	 41.23	 50.00	 40.64	 41.23	 36.28	  7.54	 38.89	 34.20	 40.06	 31.59	 16.23	 40.35	 39.18	 34.81	 35.94	 37.80	 36.23	 40.06	 35.94	 21.74	 31.30	 41.23	 42.69	 30.40	 33.62	 30.97	 29.57	 38.89	 31.01	 36.81	 25.51		Lacerta_bilineata 12
													  0.00	 39.88	 40.06	 35.09	 39.18	 26.90	 35.38	 34.50	 23.39	 38.39	 41.00	 24.27	 41.23	 31.58	 41.67	 24.27	 26.61	 39.88	 40.64	 26.90	 39.47	 26.02	 36.84	 39.47	 28.07	 41.00	 37.20	 37.72	 25.89	 39.47	 27.49	 40.94	 39.18	 37.72	 25.73	 23.39	 36.30	 40.35	 38.99	 41.52	 29.24	 36.55	 38.89	 40.94		Imantodes_cenchoa 13
														  0.00	 35.80	 38.35	 37.17	 39.29	 37.17	 37.46	 38.39	 36.04	 36.31	 38.69	 34.51	 38.99	 50.00	 39.88	 37.80	 37.84	 35.69	 43.75	 38.94	 35.12	 37.17	 35.40	 39.29	 34.23	 33.33	 38.94	 40.30	 40.41	 41.96	 40.12	 36.58	 36.58	 39.58	 42.56	 29.96	 37.76	 34.83	 36.28	 41.96	 35.99	 37.17	 39.53		Phrynocephalus_versicolor 14
															  0.00	 27.58	 33.03	 36.09	 26.06	 27.27	 36.70	 28.79	 29.39	 37.92	 33.94	 41.59	-nan	 40.37	 37.92	 36.09	 31.52	 41.28	 32.73	 37.61	 27.88	 30.30	 38.53	 37.31	 31.19	 34.55	 41.90	 34.55	 40.37	 37.58	 32.42	 28.79	 37.31	 43.73	 32.97	 33.64	 31.82	 28.79	 39.45	 30.61	 32.12	 33.64		Cryptoblepharus_egeriae 15
																  0.00	 26.96	 37.13	 17.10	 11.88	 36.26	 31.27	 31.29	 37.13	 29.86	 39.18	 41.67	 37.13	 36.26	 36.87	 30.43	 38.01	 27.25	 34.21	 26.67	 30.43	 40.06	 35.67	 30.38	 36.81	 37.50	 37.10	 37.72	 34.20	 31.59	 24.06	 35.96	 36.84	 30.40	 33.04	 30.68	 30.14	 34.80	 24.35	 28.70	 31.30		Iguana_delicatissima 16
																	  0.00	 38.89	 27.54	 27.54	 40.64	 30.68	 33.63	 36.84	 33.04	 38.01	 50.00	 42.11	 40.06	 37.46	 33.91	 36.55	 29.28	 37.72	 30.43	 32.17	 38.01	 37.72	 33.92	 37.68	 37.80	 35.94	 38.89	 34.49	 33.91	 26.96	 39.47	 40.64	 29.67	 34.49	 30.97	 30.72	 40.35	 27.25	 35.36	 32.17		Anolis_carolinensis 17
																		  0.00	 34.80	 33.92	 27.78	 40.18	 37.76	 23.39	 38.89	 28.36	 50.00	 26.61	 27.49	 38.69	 38.01	 30.70	 40.35	 26.90	 37.13	 40.06	 24.56	 38.94	 36.90	 38.30	 29.76	 39.47	 26.61	 40.06	 35.38	 37.43	 26.61	 28.36	 34.44	 42.40	 37.50	 39.18	 28.07	 36.84	 39.47	 38.01		Myanophis_thanlyinensis 18
																			  0.00	 17.10	 37.13	 30.09	 29.82	 36.55	 30.72	 40.94	 33.33	 38.30	 36.26	 32.74	 29.28	 39.47	 25.80	 36.26	 24.35	 31.88	 34.80	 37.43	 28.02	 36.81	 34.82	 36.81	 36.84	 33.91	 33.33	 22.32	 33.92	 38.30	 28.57	 32.17	 30.38	 30.14	 36.55	 22.61	 30.72	 33.33		Cyclura_pinguis 19
																				  0.00	 36.26	 32.15	 30.41	 33.33	 28.70	 40.06	 33.33	 37.13	 36.84	 34.81	 29.86	 39.47	 23.48	 33.33	 22.32	 32.46	 35.38	 33.92	 30.68	 36.23	 36.31	 38.26	 35.96	 31.30	 31.59	 22.03	 35.09	 35.96	 27.84	 33.62	 30.68	 32.46	 33.63	 23.48	 29.28	 30.43		Ctenosaura_bakeri 20
																					  0.00	 38.10	 37.46	 30.41	 38.01	 31.87	 41.67	 19.88	 19.30	 39.58	 36.84	 22.22	 40.64	 26.90	 35.38	 39.18	 28.07	 42.48	 36.31	 39.47	 26.49	 39.77	 32.75	 39.18	 34.80	 35.67	 20.18	 29.53	 37.41	 40.06	 36.31	 42.69	 27.19	 34.80	 39.18	 38.30		Ptyas_mucosa 21
																						  0.00	 29.79	 41.67	 32.15	 40.77	 50.00	 38.99	 41.96	 30.36	 30.09	 40.48	 31.27	 41.96	 29.79	 29.20	 41.07	 36.90	 32.44	 34.51	 38.18	 37.17	 40.48	 36.87	 33.04	 26.84	 42.56	 40.77	 30.77	 29.50	 31.23	 28.02	 37.80	 28.02	 32.74	 33.63		Lerista_edwardsae 22
																							  0.00	 37.76	 30.70	 41.89	 44.44	 38.35	 38.64	 31.27	 27.19	 37.46	 31.29	 35.10	 32.46	 29.53	 35.99	 34.51	 27.14	 34.21	 35.74	 36.84	 36.58	 33.63	 29.82	 32.46	 38.64	 38.35	 29.30	 28.36	 27.68	 28.65	 38.94	 31.29	 30.99	 31.87		Lepidodactylus_listeri 23
																								  0.00	 39.18	 32.46	 41.67	 29.24	 31.87	 38.10	 35.96	 33.33	 39.77	 26.61	 39.18	 40.94	 19.30	 38.35	 38.99	 39.47	 29.46	 42.98	 21.05	 41.52	 36.55	 37.72	 30.99	 26.32	 37.04	 43.57	 38.99	 41.52	 29.24	 38.60	 39.47	 37.43		Bothrops_jararaca 24
																									  0.00	 42.11	 50.00	 40.64	 42.40	 35.69	 21.74	 42.11	 30.43	 37.72	 31.88	 24.93	 40.64	 36.55	 34.22	 35.65	 39.29	 37.10	 36.84	 36.52	 25.51	 31.30	 40.94	 40.64	 32.60	 33.33	 28.32	 32.17	 37.72	 30.72	 33.33	 16.81		Podarcis_muralis 25
																										  0.00	 41.67	 29.24	 29.82	 40.77	 39.18	 32.75	 40.35	 28.07	 42.69	 39.77	 29.53	 43.07	 42.26	 40.94	 29.17	 40.35	 30.41	 40.64	 39.47	 38.89	 31.29	 33.04	 35.19	 42.11	 41.96	 42.40	 31.87	 39.77	 38.89	 39.18		Morelia_viridis 26
																											  0.00	 25.00	 58.33	 55.56	 41.67	 25.00	 33.33	 58.33	 58.33	 41.67	 33.33	 58.33	 55.56	 41.67	 11.11	 41.67	 41.67	 50.00	 41.67	 41.67	 41.67	 50.00	-nan	 41.67	 33.33	 50.00	 58.33	 58.33	 50.00	 50.00		Vipera_latastei 27
																												  0.00	 23.68	 38.39	 37.43	 27.78	 41.23	 26.02	 38.60	 41.81	 27.19	 42.18	 35.71	 36.55	 28.87	 42.11	 29.82	 38.01	 40.06	 37.72	 21.93	 28.65	 34.44	 40.94	 38.39	 40.94	 26.32	 38.60	 38.60	 39.47		Diadophis_punctatus 28
																													  0.00	 37.50	 39.18	 26.61	 40.64	 26.61	 39.18	 39.47	 24.56	 41.00	 38.39	 43.86	 25.30	 41.23	 31.58	 36.84	 41.52	 38.89	 15.50	 30.99	 33.70	 40.64	 37.50	 42.40	 26.90	 38.60	 39.47	 39.47		Pantherophis_guttatus 29
																														  0.00	 33.04	 42.56	 33.92	 38.39	 34.51	 33.63	 35.71	 37.50	 33.04	 36.87	 39.70	 40.41	 36.01	 34.22	 31.27	 34.51	 40.48	 40.18	 23.08	 33.33	 31.83	 36.58	 37.80	 33.63	 33.04	 34.22		Aspidoscelis_marmoratus 30
																															  0.00	 39.18	 32.17	 37.72	 29.57	 13.91	 37.43	 38.60	 32.74	 34.49	 37.20	 36.81	 37.43	 32.75	 21.45	 28.70	 38.60	 40.64	 30.40	 33.04	 28.02	 28.99	 38.01	 28.99	 32.46	 24.35		Lacerta_viridis 31
																																  0.00	 40.64	 28.95	 36.84	 40.06	 29.24	 43.36	 40.18	 41.81	 26.79	 40.06	 32.75	 38.89	 37.13	 36.84	 28.65	 29.24	 35.19	 39.47	 39.58	 41.23	 32.75	 36.26	 39.47	 39.18		Boaedon_fuliginosus 32
																																	  0.00	 36.26	 21.74	 33.33	 39.18	 36.84	 30.38	 41.16	 36.90	 38.55	 39.18	 35.36	 31.59	 14.78	 38.89	 40.64	 33.33	 32.17	 32.45	 33.91	 37.43	 24.06	 33.04	 32.75		Phrynosoma_platyrhinos 33
																																		  0.00	 36.26	 39.77	 26.32	 36.87	 37.80	 41.23	 22.92	 40.06	 27.49	 38.60	 39.18	 34.21	 24.85	 28.36	 31.85	 38.01	 35.42	 38.30	 24.56	 36.55	 35.09	 38.89		Naja_naja 34
																																			  0.00	 30.72	 38.30	 36.55	 32.45	 37.97	 39.29	 37.10	 39.18	 36.52	 31.01	 20.00	 37.72	 38.60	 31.87	 35.07	 28.61	 32.46	 38.60	 12.46	 31.59	 33.04		Sceloporus_tristichus 35
																																				  0.00	 42.11	 39.47	 32.74	 34.78	 41.07	 38.55	 39.18	 32.75	 23.77	 30.14	 40.35	 41.52	 34.43	 32.17	 29.50	 28.70	 38.60	 28.99	 31.30	 24.93		Lacerta_agilis 36
																																					  0.00	 38.05	 35.42	 41.23	 28.57	 40.64	 21.05	 40.64	 37.13	 37.72	 27.49	 29.53	 34.44	 40.64	 38.39	 39.77	 29.24	 37.13	 39.77	 36.84		Protobothrops_mucrosquamatus 37
																																						  0.00	 36.31	 40.94	 41.44	 40.35	 38.64	 38.01	 38.01	 36.26	 40.12	 40.12	 29.26	 38.89	 34.23	 39.18	 39.82	 36.26	 38.89	 38.30		Pogona_vitticeps 38
																																							  0.00	 36.28	 40.61	 36.28	 39.29	 36.58	 33.04	 28.91	 37.80	 37.80	 27.41	 32.15	 31.53	 28.61	 36.01	 29.20	 35.40	 32.74		Gekko_japonicus 39
																																								  0.00	 45.24	 34.20	 40.35	 37.97	 33.91	 39.13	 42.98	 40.64	 32.23	 40.58	 34.22	 33.33	 42.69	 36.52	 33.62	 35.07		Sphaerodactylus_townsendi 40
																																									  0.00	 44.05	 28.27	 36.90	 38.39	 36.01	 24.40	 26.19	 35.19	 36.90	 39.29	 38.39	 23.81	 38.69	 40.77	 38.99		Bungarus_multicintus 41
																																										  0.00	 40.64	 42.61	 36.23	 35.36	 41.52	 41.52	 32.60	 34.20	 38.05	 35.65	 42.69	 36.81	 37.39	 37.97		Paroedura_picta 42
																																											  0.00	 38.60	 38.30	 38.01	 30.70	 30.41	 34.44	 42.69	 41.07	 39.18	 31.87	 39.77	 39.47	 35.38		Crotalus_tigris 43
																																												  0.00	 33.04	 32.17	 36.84	 38.01	 31.50	 35.07	 35.69	 37.39	 39.18	 35.07	 36.81	 36.52		Sphenodon_punctatus 44
																																													  0.00	 28.70	 41.23	 37.72	 31.14	 31.88	 32.15	 31.88	 38.30	 32.17	 32.75	 22.32		Zootoca_vivipara 45
																																														  0.00	 35.96	 38.89	 30.77	 32.17	 31.27	 31.30	 35.09	 17.68	 31.88	 33.62		Phrynosoma_blainvillii 46
																																															  0.00	 28.65	 34.07	 40.64	 37.50	 40.35	 25.73	 37.72	 37.72	 40.35		Pituophis_catenifer 47
																																																  0.00	 37.04	 40.35	 38.69	 40.35	 28.07	 38.01	 41.23	 39.18		Tropidonophis_doriae 48
																																																	  0.00	 31.14	 31.87	 26.74	 32.96	 30.77	 29.67	 33.70		Salvator_merianae 49
																																																		  0.00	 30.68	 31.01	 38.01	 33.33	 32.75	 34.20		Eublepharis_macularius 50
																																																			  0.00	 30.38	 39.29	 29.79	 31.86	 30.38		Hemicordylus_capensis 51
																																																				  0.00	 38.30	 30.14	 34.49	 33.04		Plestiodon_gilberti 52
																																																					  0.00	 37.43	 39.77	 36.26		Laticauda_colubrina 53
																																																						  0.00	 31.30	 33.04		Sceloporus_occidentalis 54
																																																							  0.00	 35.36		Varanus_salvator 55
																																																								  0.00		Podarci_raffonei 56
