Distance Matrix
---------------

Uncorrected for Multiple Substitutions
Using base positions 123 in the codon
Gap weighting is 0.000000

	    1	    2	    3	    4	    5	    6	    7	    8	    9	    10	    11	    12	    13	    14	    15	    16	    17	    18	    19	    20	    21	    22	    23	    24	    25	    26	    27	    28	    29	    30	    31	    32	    33	    34	    35	    36	    37	    38	    39	    40	    41	    42	    43	    44	    45	    46	    47	    48	    49	    50	    51	    52	    53	    54	    55	    56	    57
	  0.00	 22.64	 49.38	 23.72	 51.30	 31.49	 32.52	 32.92	 51.94	 26.46	 50.31	 49.28	 26.38	 52.19	 51.74	 49.28	 50.51	 29.65	 50.31	 49.49	 15.02	 51.03	 54.30	 32.72	 51.94	 49.69	 36.81	 27.59	 24.13	 15.34	 49.78	 48.86	 29.45	 48.26	 28.33	 50.92	 48.45	 31.90	 52.11	 51.78	 53.78	 26.88	 51.53	 32.11	 50.31	 50.93	 49.90	 16.97	 25.56	 49.13	 47.00	 51.94	 50.31	 29.37	 50.92	 50.31	 50.10		Arizona_elegans 1
		  0.00	 50.51	 22.29	 53.63	 30.75	 31.70	 32.31	 51.52	 22.09	 50.91	 48.88	 20.20	 51.85	 51.92	 48.48	 54.34	 25.61	 48.69	 49.49	 21.81	 49.59	 51.78	 29.17	 51.52	 49.90	 33.13	 18.39	 17.18	 18.72	 51.71	 48.88	 25.56	 52.73	 21.88	 50.91	 49.28	 28.54	 54.38	 51.76	 49.49	 26.54	 51.72	 30.75	 48.69	 49.90	 51.11	 22.84	 22.29	 50.43	 50.51	 51.52	 50.71	 25.97	 50.91	 50.10	 49.49		Thermophis_baileyi 2
			  0.00	 49.90	 45.96	 52.98	 52.32	 51.11	 36.24	 50.41	 39.57	 38.26	 49.50	 42.62	 41.86	 35.66	 39.34	 48.59	 36.43	 34.69	 49.28	 38.79	 41.16	 50.79	 45.93	 38.46	 50.51	 43.68	 49.29	 46.95	 44.93	 38.46	 53.33	 37.62	 52.06	 38.99	 37.87	 51.30	 43.03	 41.12	 41.86	 50.83	 46.86	 52.38	 39.15	 40.24	 35.87	 48.37	 52.53	 45.76	 39.84	 42.05	 34.88	 53.29	 38.79	 44.96	 38.07		Elgaria_multicarinata 3
				  0.00	 52.32	 30.94	 32.14	 32.73	 54.09	 23.87	 49.90	 49.70	 22.55	 51.92	 49.50	 48.90	 51.10	 27.91	 50.30	 50.90	 24.74	 49.00	 51.74	 29.54	 52.30	 49.29	 35.33	 20.69	 22.16	 24.80	 51.05	 48.69	 26.15	 51.50	 25.93	 50.10	 48.89	 29.52	 54.32	 51.74	 51.30	 26.29	 53.29	 30.14	 49.30	 50.30	 50.50	 24.59	 23.35	 50.21	 49.70	 54.09	 49.70	 29.42	 50.50	 51.90	 49.29		Thamnophis_elegans 4
					  0.00	 54.45	 52.95	 48.52	 42.13	 52.90	 38.65	 39.13	 51.88	 44.03	 41.10	 38.85	 42.33	 51.36	 39.06	 39.67	 51.71	 43.62	 41.61	 54.24	 48.47	 40.17	 52.74	 44.83	 52.53	 51.80	  7.36	 39.54	 54.43	 40.49	 55.27	 41.92	 39.13	 54.38	 44.03	 38.19	 42.74	 54.17	 46.42	 53.21	 45.60	 41.82	 41.31	 52.44	 52.74	 25.72	 41.98	 43.35	 41.92	 53.76	 41.51	 44.38	 40.17		Aspidocelis_tigris 5
						  0.00	 26.95	 36.93	 53.92	 32.34	 53.33	 52.98	 30.97	 56.75	 52.35	 52.55	 52.55	 33.73	 54.71	 53.14	 28.71	 50.69	 54.27	 24.66	 54.12	 52.38	 37.33	 20.69	 31.14	 30.72	 55.28	 52.78	 34.73	 53.33	 32.52	 53.92	 51.79	 19.96	 56.57	 52.73	 54.12	 33.95	 52.94	 25.05	 53.14	 54.96	 54.90	 29.32	 29.74	 52.17	 54.96	 51.76	 50.98	 33.53	 53.14	 53.14	 52.98		Azemiops_feae 6
							  0.00	 35.33	 51.70	 31.28	 52.69	 51.52	 32.93	 52.99	 52.10	 53.49	 56.29	 34.14	 52.50	 53.69	 30.67	 52.41	 53.17	 28.74	 53.89	 49.90	 40.12	 10.34	 32.93	 31.91	 53.16	 51.52	 37.52	 53.69	 32.72	 52.30	 51.52	 27.11	 56.38	 52.56	 54.69	 33.75	 55.09	 27.54	 52.50	 53.33	 53.69	 32.72	 32.34	 52.53	 53.94	 50.50	 50.90	 33.95	 52.69	 52.50	 50.71		Daboia_siamensis 7
								  0.00	 50.70	 32.30	 50.50	 51.92	 34.93	 51.71	 51.50	 49.70	 54.69	 32.13	 49.70	 50.50	 34.36	 51.00	 51.53	 33.53	 54.49	 51.92	 25.00	 20.69	 33.93	 30.49	 48.10	 51.72	 36.93	 51.30	 34.57	 48.30	 52.12	 36.75	 53.29	 52.56	 51.10	 35.61	 52.69	 38.52	 50.30	 53.33	 51.30	 34.15	 30.54	 50.21	 53.54	 53.69	 51.10	 35.19	 49.10	 51.90	 51.72		Charina_bottae 8
									  0.00	 52.24	 33.72	 36.65	 52.47	 41.25	 31.99	 30.65	 35.06	 50.20	 30.65	 29.50	 51.52	 32.56	 35.12	 53.73	 41.95	 37.62	 51.30	 43.68	 52.10	 51.20	 42.13	 36.65	 57.49	 29.87	 55.89	 31.41	 34.89	 53.85	 40.12	 39.45	 39.66	 51.35	 46.12	 53.33	 37.93	 37.43	 29.48	 50.60	 55.09	 42.94	 38.79	 37.74	 32.95	 54.07	 31.21	 39.27	 37.43		Shinisaurus_crocodilurus 9
										  0.00	 48.37	 49.18	 25.00	 50.88	 49.80	 48.37	 51.42	 29.45	 49.19	 50.20	 25.00	 48.98	 55.06	 31.14	 52.03	 48.15	 34.98	 20.69	 26.34	 24.13	 53.12	 47.74	 28.81	 51.22	 18.90	 47.15	 48.97	 31.73	 53.46	 53.12	 51.22	 24.43	 52.44	 33.13	 50.81	 50.21	 49.80	 26.79	 24.07	 50.75	 49.18	 50.20	 48.98	 23.15	 49.19	 49.19	 46.71		Ophiophagus_hannah 10
											  0.00	 33.53	 53.45	 38.96	 34.68	 29.67	 26.59	 50.20	 27.55	 28.13	 51.72	 35.27	 38.52	 54.12	 42.20	 32.36	 51.50	 49.43	 50.90	 51.41	 39.47	 33.33	 52.30	 29.09	 51.02	 29.87	 31.58	 53.85	 42.71	 38.89	 38.15	 49.28	 43.80	 55.10	 37.96	 34.70	 29.48	 51.41	 52.50	 42.54	 35.87	 38.73	 33.53	 51.83	 29.09	 39.69	 32.94		Anolis_sagrei 11
												  0.00	 51.10	 41.56	 34.11	 29.43	 35.48	 48.80	 31.19	 31.58	 49.28	 34.31	 39.19	 53.17	 43.27	 19.10	 51.11	 49.43	 49.70	 49.59	 39.96	  4.48	 51.11	 32.55	 51.03	 31.77	 13.26	 50.50	 41.82	 39.76	 33.92	 50.31	 45.10	 53.57	 38.21	 23.39	 31.77	 49.80	 51.92	 40.17	 39.45	 38.21	 31.38	 50.82	 31.58	 40.55	 19.10		Lacerta_bilineata 12
													  0.00	 50.74	 49.70	 48.72	 53.45	 26.59	 50.49	 49.70	 22.42	 50.20	 50.51	 29.19	 53.06	 51.50	 34.13	 18.39	 19.76	 22.29	 51.04	 51.30	 28.94	 52.27	 26.83	 50.10	 53.09	 28.57	 53.86	 49.09	 51.68	 27.54	 51.28	 29.59	 50.49	 51.70	 50.69	 22.89	 23.35	 50.42	 50.70	 49.70	 51.87	 27.24	 50.89	 50.49	 50.30		Imantodes_cenchoa 13
														  0.00	 36.46	 37.08	 41.67	 51.07	 39.58	 39.38	 52.07	 38.78	 40.86	 53.38	 46.88	 40.51	 53.63	 43.68	 52.78	 49.78	 42.98	 41.14	 55.56	 38.96	 54.61	 37.71	 42.19	 52.87	 36.69	 42.37	 42.08	 52.22	 47.50	 54.85	 42.29	 40.51	 39.58	 51.73	 51.71	 44.51	 40.62	 41.67	 39.17	 52.41	 40.00	 44.58	 40.08		Phrynocephalus_versicolor 14
															  0.00	 30.84	 35.25	 49.01	 31.03	 31.03	 53.54	 26.40	 35.12	 52.55	 43.49	 33.92	 51.90	 42.53	 50.70	 50.00	 41.72	 34.11	 53.49	 34.49	 51.83	 32.37	 36.26	 51.68	 41.12	 38.07	 35.63	 51.14	 45.16	 52.16	 37.93	 38.79	 31.79	 52.21	 50.50	 40.29	 36.84	 40.42	 28.35	 51.22	 30.83	 42.15	 33.72		Cryptoblepharus_egeriae 15
																  0.00	 31.23	 45.63	 15.90	 15.52	 50.71	 27.36	 34.72	 49.41	 40.61	 32.36	 48.70	 44.83	 50.30	 47.39	 39.26	 30.60	 52.69	 24.86	 50.81	 25.24	 32.36	 51.48	 36.93	 35.90	 36.02	 49.48	 41.28	 51.76	 35.06	 33.33	 23.12	 49.20	 48.10	 38.85	 35.28	 34.67	 30.46	 51.83	 25.24	 39.27	 31.19		Iguana_delicatissima 16
																	  0.00	 52.58	 31.80	 30.27	 51.72	 35.26	 40.48	 56.08	 41.19	 36.84	 52.69	 49.43	 54.49	 52.81	 41.51	 35.09	 54.69	 31.41	 55.28	 28.71	 34.89	 54.44	 42.51	 42.60	 43.10	 51.76	 48.06	 58.04	 37.74	 38.99	 30.64	 52.81	 53.29	 41.31	 39.57	 38.31	 35.82	 57.32	 31.21	 40.04	 36.26		Anolis_carolinensis 17
																		  0.00	 47.02	 47.42	 28.48	 47.31	 51.85	 29.76	 51.59	 49.20	 34.74	 18.39	 27.71	 26.31	 49.69	 49.80	 34.34	 50.00	 30.88	 50.20	 52.21	 31.35	 51.74	 53.05	 50.99	 30.21	 52.38	 30.75	 48.02	 52.21	 50.00	 29.12	 25.90	 48.85	 49.20	 50.60	 49.21	 33.95	 50.20	 52.38	 48.80		Myanophis_thanlyinensis 18
																			  0.00	 15.52	 52.32	 26.78	 33.33	 51.96	 41.76	 32.16	 48.10	 43.68	 50.30	 50.00	 38.85	 31.58	 53.89	 25.82	 53.25	 24.86	 33.14	 51.68	 39.52	 34.32	 34.67	 51.14	 41.86	 50.39	 33.14	 34.89	 23.89	 50.80	 49.70	 40.29	 34.89	 37.16	 30.84	 52.64	 24.86	 39.08	 32.94		Cyclura_pinguis 19
																				  0.00	 51.92	 27.55	 33.53	 51.96	 41.19	 33.92	 48.70	 47.13	 49.70	 48.80	 39.47	 30.60	 53.09	 24.86	 53.66	 24.66	 33.53	 54.04	 39.72	 35.11	 36.97	 50.31	 41.67	 51.76	 33.52	 36.65	 22.54	 49.80	 49.50	 40.29	 34.89	 35.63	 30.46	 52.44	 25.24	 38.89	 34.11		Ctenosaura_bakeri 20
																					  0.00	 49.90	 53.88	 31.73	 51.31	 50.31	 35.99	 25.29	 24.54	 16.36	 51.71	 49.28	 27.81	 51.11	 26.79	 52.73	 50.72	 30.12	 54.38	 50.93	 53.33	 27.71	 52.73	 32.93	 49.09	 51.53	 50.30	 17.37	 26.18	 51.28	 46.01	 48.89	 51.11	 27.64	 51.52	 49.49	 50.51		Ptyas_mucosa 21
																						  0.00	 34.93	 50.10	 42.77	 34.71	 50.00	 44.83	 51.41	 47.47	 42.39	 33.53	 53.41	 30.23	 51.02	 29.26	 36.08	 50.60	 39.56	 37.70	 33.53	 48.86	 43.47	 50.89	 35.07	 36.86	 29.84	 49.29	 50.80	 41.77	 37.25	 37.57	 22.35	 51.42	 30.81	 42.00	 34.90		Lerista_edwardsae 22
																							  0.00	 53.86	 43.45	 41.01	 51.94	 43.68	 50.92	 51.88	 40.34	 40.00	 56.24	 38.52	 57.81	 36.13	 39.80	 53.78	 42.24	 30.14	 34.72	 55.63	 41.37	 54.07	 41.47	 40.20	 34.73	 53.96	 51.94	 41.35	 37.98	 42.46	 36.71	 55.91	 36.53	 44.05	 39.80		Lepidodactylus_listeri 23
																								  0.00	 54.31	 51.39	 38.32	 13.79	 29.94	 29.32	 53.42	 53.57	 37.13	 53.14	 31.30	 52.55	 53.37	 20.74	 53.33	 52.73	 51.57	 32.09	 52.16	 21.19	 52.16	 55.36	 54.31	 34.14	 29.94	 52.17	 52.38	 53.53	 51.18	 34.33	 51.57	 52.75	 51.19		Bothrops_jararaca 24
																									  0.00	 44.05	 53.09	 45.98	 52.50	 53.61	 46.42	 42.30	 52.69	 42.97	 54.07	 40.66	 42.88	 51.87	 46.71	 47.53	 45.02	 52.80	 48.36	 53.53	 45.59	 43.47	 41.23	 51.41	 54.69	 45.81	 42.88	 41.19	 42.15	 55.08	 41.43	 23.62	 44.64		Varanus_komodoensis 25
																										  0.00	 52.32	 44.83	 50.71	 48.58	 39.34	 19.88	 52.12	 33.72	 50.62	 31.38	 17.93	 50.90	 40.40	 38.76	 37.04	 49.90	 43.14	 51.59	 39.96	 22.22	 33.33	 50.00	 51.52	 40.58	 38.07	 38.40	 30.99	 52.47	 31.38	 41.91	  6.82		Podarcis_muralis 26
																											  0.00	 28.74	 33.93	 35.57	 50.84	 51.11	 39.72	 52.10	 38.48	 48.50	 52.53	 37.95	 53.70	 52.76	 52.50	 38.10	 52.30	 38.72	 47.50	 53.74	 50.50	 36.99	 32.53	 49.58	 51.31	 53.29	 50.30	 37.45	 48.30	 51.30	 53.54		Morelia_viridis 27
																												  0.00	 20.69	 26.44	 43.68	 48.28	 26.44	 45.98	 24.14	 45.98	 49.43	 19.54	 41.38	 43.68	 44.83	 17.24	 48.28	 14.94	 48.28	 48.28	 45.98	 25.29	 16.09	 44.83	 49.43	 42.53	 48.28	 21.84	 44.83	 45.98	 43.68		Vipera_latastei 28
																													  0.00	 21.54	 52.53	 49.29	 28.34	 51.90	 25.72	 51.10	 50.30	 30.12	 53.91	 51.94	 50.30	 26.71	 51.30	 30.54	 49.10	 52.32	 51.70	 23.78	 24.95	 50.63	 51.31	 51.50	 49.70	 27.98	 50.10	 51.50	 50.10		Diadophis_punctatus 29
																														  0.00	 50.32	 50.20	 28.25	 51.00	 25.97	 49.60	 50.20	 30.12	 51.76	 52.88	 53.61	 28.54	 50.00	 32.33	 50.20	 50.81	 49.40	 11.24	 24.80	 50.74	 49.19	 50.20	 48.59	 29.04	 49.80	 51.20	 47.56		Pantherophis_guttatus 30
																															  0.00	 40.79	 53.80	 39.26	 54.19	 41.92	 40.99	 53.12	 43.83	 39.24	 42.13	 54.17	 45.60	 53.42	 43.76	 40.17	 41.10	 52.44	 51.05	 23.46	 41.15	 41.72	 42.54	 53.12	 41.72	 43.56	 39.75		Aspidoscelis_marmoratus 31
																																  0.00	 51.31	 32.75	 51.03	 30.99	 13.26	 50.70	 41.62	 40.36	 35.09	 50.10	 45.29	 53.77	 38.21	 24.76	 31.77	 49.80	 51.31	 39.96	 39.64	 38.01	 31.58	 50.62	 30.99	 40.94	 19.88		Lacerta_viridis 32
																																	  0.00	 54.09	 30.86	 54.29	 54.14	 34.34	 58.64	 51.74	 53.89	 31.26	 56.49	 37.33	 51.50	 55.56	 53.09	 28.86	 27.94	 54.22	 51.92	 51.30	 52.50	 32.30	 53.49	 54.49	 52.32		Boaedon_fuliginosus 33
																																		  0.00	 54.27	 27.17	 32.16	 52.27	 41.12	 40.67	 39.88	 49.90	 45.16	 52.55	 37.96	 33.72	 14.26	 52.01	 53.49	 42.13	 35.67	 35.65	 33.33	 53.05	 26.20	 40.08	 33.72		Phrynosoma_platyrhinos 34
																																			  0.00	 52.03	 52.06	 29.86	 58.28	 55.62	 52.03	 23.40	 55.28	 33.33	 51.02	 53.91	 53.05	 28.83	 24.28	 53.76	 51.85	 52.03	 51.22	 24.19	 51.42	 54.27	 50.41		Naja_naja 35
																																				  0.00	 32.55	 52.27	 38.12	 37.50	 39.50	 51.14	 42.44	 52.94	 36.03	 32.94	 24.47	 51.81	 51.30	 40.90	 36.65	 35.65	 30.83	 52.64	 14.84	 39.31	 31.58		Sceloporus_tristichus 36
																																					  0.00	 51.50	 42.63	 39.16	 36.65	 50.73	 43.33	 51.79	 39.77	 19.88	 31.77	 49.59	 52.93	 40.99	 39.05	 38.60	 30.21	 52.06	 32.16	 42.50	 18.71		Lacerta_agilis 37
																																						  0.00	 55.28	 51.83	 52.86	 32.50	 52.07	 20.74	 53.06	 54.29	 53.45	 30.92	 30.52	 51.46	 54.29	 50.89	 51.87	 32.93	 52.47	 52.86	 50.90		Protobothrops_mucrosquamatus 38
																																							  0.00	 41.15	 38.32	 56.20	 45.11	 55.56	 42.71	 40.61	 39.92	 53.21	 54.32	 42.86	 42.37	 44.11	 38.92	 54.51	 38.32	 44.91	 40.61		Pogona_vitticeps 39
																																								  0.00	 34.32	 52.44	 39.92	 51.11	 40.04	 41.16	 36.71	 52.88	 50.10	 40.46	 38.35	 40.63	 36.88	 53.33	 37.90	 45.76	 38.15		Gekko_japonicus 40
																																									  0.00	 52.38	 43.55	 54.90	 40.61	 39.18	 35.45	 54.42	 51.70	 40.90	 40.74	 42.72	 35.44	 52.24	 38.92	 43.81	 36.65		Sphaerodactylus_townsendi 41
																																										  0.00	 53.83	 35.20	 50.10	 51.78	 50.72	 28.12	 24.64	 53.29	 49.90	 53.00	 49.48	 29.81	 49.07	 50.31	 50.31		Bungarus_multicintus 42
																																											  0.00	 54.31	 45.74	 44.31	 44.96	 53.01	 51.10	 43.35	 44.12	 41.86	 43.22	 55.08	 42.25	 50.57	 43.33		Paroedura_picta 43
																																												  0.00	 54.31	 55.56	 53.33	 33.13	 31.34	 51.97	 53.77	 51.96	 51.18	 32.53	 53.14	 51.76	 51.98		Crotalus_tigris 44
																																													  0.00	 41.33	 37.57	 50.00	 47.90	 44.99	 37.82	 39.08	 36.59	 50.61	 35.84	 43.49	 40.55		Sphenodon_punctatus 45
																																														  0.00	 32.94	 51.22	 54.34	 42.24	 39.25	 37.23	 33.53	 53.09	 35.28	 42.30	 21.44		Zootoca_vivipara 46
																																															  0.00	 51.00	 51.70	 41.92	 34.11	 36.80	 32.37	 52.24	 23.12	 38.92	 32.55		Phrynosoma_blainvillii 47
																																																  0.00	 26.83	 51.38	 48.78	 50.20	 49.60	 28.63	 52.01	 50.00	 49.19		Pituophis_catenifer 48
																																																	  0.00	 50.63	 50.91	 51.10	 51.50	 27.78	 50.10	 53.09	 52.32		Tropidonophis_doriae 49
																																																		  0.00	 43.42	 41.72	 41.10	 52.90	 41.10	 45.19	 41.61		Salvator_merianae 50
																																																			  0.00	 38.60	 36.06	 51.03	 36.65	 41.13	 40.63		Eublepharis_macularius 51
																																																				  0.00	 36.02	 50.61	 37.19	 40.61	 37.23		Hemicordylus_capensis 52
																																																					  0.00	 52.03	 30.44	 40.23	 31.58		Plestiodon_gilberti 53
																																																						  0.00	 52.44	 53.46	 52.47		Laticauda_colubrina 54
																																																							  0.00	 38.54	 30.41		Sceloporus_occidentalis 55
																																																								  0.00	 42.50		Varanus_salvator 56
																																																									  0.00		Podarci_raffonei 57
