logL
-20440.00784
-20448.25215
-20440.00785
-18004.45077
-18038.73248
-18004.45076
-16073.11158
-16087.42552
-16073.01664
-8932.0833
-8933.195926
-8936.64501
-3377.180583
-3386.550685
-3377.180893
-16584.90577
-16584.936
-16584.90571
-6894.535338
-7060.987377
-6894.609127
-36582.73519
-36589.84173
-36582.7352
-8343.780238
-8347.585813
-8354.439465
-3062.438372
-3064.316901
-3084.673606
-10829.15366
-10836.28915
-10829.1537
-19384.16188
-19397.83321
-19384.16345
-19639.13848
-19644.54501
-19638.27675
-21531.405
-21543.87466
-21541.66034
-8351.763393
-8357.745942
-8351.763234
-6647.477638
-6651.322126
-6648.257826
-3413.575122
-3510.23079
-3559.253472
-7122.347153
-7135.138403
-7178.669222
-15991.06975
-15996.93738
-15992.8352
-3990.927247
-3992.783577
-4000.319124
-31621.26327
-32056.82938
-31695.08536
-39543.08744
-39549.38901
-39548.16092
-37063.92615
-37092.30237
-37402.74665
-41194.5351
-41216.17947
-41199.33172
-15764.13548
-15768.4015
-15764.2868
-16403.62303
-16414.64437
-16403.61637
-6051.030283
-6052.74703
-6049.888778
-9390.027658
-9390.027655
-9397.912057
-8472.505404
-8472.904883
-8477.314188
-8492.881888
-8492.88189
-8494.231008
-11566.15692
-11625.2031
-11615.92986
-5629.648817
-5632.968814
-5637.233213
-5575.175009
-5575.174367
-5584.170169
-5219.374258
-5219.3573
-5219.357342
-2374.39433
-2384.29434
-2382.973075
-2102.272126
-2102.272292
-2102.27208
-21830.67817
-21831.9151
-21839.9915
-7118.799673
-7121.798412
-7136.961763
-23459.47949
-23474.6636
-23465.50786
-9787.462029
-9789.964634
-9787.462023
-6407.890633
-6411.806983
-6407.979413
-10227.40815
-10227.82078
-10232.08423
-5606.688022
-5606.651209
-5620.464922
-6495.846162
-6511.001533
-6513.001388
-9910.911044
-9928.189435
-9932.909989
-4890.022182
-4897.224842
-4890.022175
-8834.433126
-8835.302237
-8842.384804
-6680.354436
-6687.047829
-6680.354421
-9375.39269
-9378.546817
-9379.194122
-33635.90539
-33642.46907
-33814.74802
-6926.383093
-6951.992031
-6928.324164
-13138.1451
-13138.14509
-13142.89589
-31313.61308
-31436.72965
-31343.64239
-3542.561652
-3551.248204
-3544.323006
-5559.789864
-5559.789767
-5564.079378
-6917.039763
-6923.202119
-6925.249215
-9692.584298
-9692.584181
-9704.582675
-16661.48529
-16667.75214
-16676.16832
-8524.610227
-8530.922801
-8537.321278
-10829.35872
-10842.60075
-10829.35881
-12602.78791
-12602.78787
-12623.30172
-10268.67359
-10271.06101
-10273.2624
-4163.697954
-4163.697938
-4163.873175
-7359.785362
-7362.843734
-7359.6173
-26085.83951
-26099.24085
-26085.83998
-22366.86615
-22369.71656
-22367.43573
-12437.39115
-12441.64939
-12437.98168
-20625.34294
-20711.16738
-20722.57359
-6068.378424
-6076.81984
-6077.268094
-8696.277776
-8796.12175
-8813.859958
-14252.31869
-14261.43719
-14261.68767
-8669.896026
-8670.033699
-8673.572304
-18335.78817
-18347.81807
-18335.78812
-16017.41706
-16024.85751
-16023.58411
-34194.08089
-34224.97016
-34194.08143
-1750.872942
-1750.983309
-1750.872942
-28490.76542
-28982.97248
-29306.8193
-23957.44661
-23964.47707
-23957.44666
-6037.019522
-6038.900657
-6039.864132
-10538.53992
-10544.96221
-10543.66673
-4630.783427
-4633.552921
-4633.886258
-2825.307069
-2826.154613
-2826.598207
-12297.75977
-12301.80698
-12301.37364
-7962.357755
-8191.259859
-7962.357246
-45253.2844
-45364.21861
-46066.87036
-16423.85313
-16429.33839
-16437.96321
-13565.22725
-13566.75243
-13570.44754
