Distance Matrix
---------------

Using the Tamura correction method
Using base positions 12 in the codon
Gap weighting is 0.000000

	    1	    2	    3	    4	    5	    6	    7	    8	    9	    10	    11	    12	    13	    14	    15	    16	    17	    18	    19	    20	    21	    22	    23	    24	    25	    26	    27	    28	    29	    30	    31	    32	    33	    34	    35	    36	    37	    38	    39	    40	    41	    42	    43	    44	    45	    46	    47	    48	    49	    50	    51	    52	    53	    54	    55	    56	    57
	  0.00	 38.05	 41.93	 20.70	 39.56	 39.24	 20.17	 22.21	 22.90	 20.36	 13.28	 23.20	 39.13	 40.66	 40.28	 21.89	 18.99	 36.62	 39.57	 37.30	 42.31	 37.99	 20.13	 38.30	 40.56	 40.94	 21.89	 38.49	 38.43	  7.85	 19.78	 18.36	 19.35	 49.33	 43.46	 39.92	 38.42	 20.67	 39.59	 40.59	 42.58	 42.60	 19.53	 20.41	 40.67	 39.51	 38.79	 37.24	 39.91	 45.00	 19.50	 55.81	 39.48	 11.79	 39.84	 20.38	 20.68		Python_bivittatus 1
		  0.00	 12.95	 44.41	 33.16	 33.11	 41.42	 46.83	 44.63	 41.12	 41.85	 44.25	 22.79	 17.20	 20.81	 41.89	 45.51	 22.76	 31.62	 31.28	 30.73	 19.55	 41.94	 24.23	 28.15	 27.80	 44.66	 32.50	 22.65	 40.67	 41.86	 40.75	 39.57	 37.43	 39.32	 20.41	 17.24	 42.69	 18.94	 27.52	 28.82	 36.68	 40.29	 42.77	 34.53	 18.98	 17.78	 24.05	 31.90	 35.71	 41.43	 50.91	 27.42	 20.63	 28.92	 42.23	 43.91		Anolis_carolinensis 2
			  0.00	 47.65	 33.23	 36.58	 46.48	 48.67	 47.37	 41.35	 44.72	 48.26	 25.00	 21.30	 23.79	 45.75	 48.64	 25.01	 31.83	 33.51	 31.99	 22.83	 45.86	 28.50	 30.85	 30.85	 47.38	 35.05	 27.55	 43.92	 46.89	 41.29	 42.52	 35.35	 41.45	 21.92	 19.24	 45.38	 22.54	 29.84	 30.82	 38.93	 44.37	 45.37	 40.24	 21.65	 21.67	 26.96	 33.24	 44.56	 46.86	 65.09	 31.17	 24.06	 29.55	 45.57	 47.95		Anolis_sagrei 3
				  0.00	 43.67	 45.84	 14.81	 15.10	 17.86	 18.11	 23.42	 19.02	 41.03	 43.82	 43.42	 21.26	 14.34	 40.37	 42.74	 41.08	 42.40	 43.76	 12.69	 43.88	 45.19	 45.12	 19.19	 41.43	 43.85	 20.72	 16.42	 17.24	 13.73	 48.17	 47.62	 43.13	 43.13	  8.66	 41.43	 48.57	 47.70	 47.94	 18.52	 11.47	 41.03	 42.80	 44.56	 37.15	 46.97	 49.07	 14.14	 56.28	 41.38	 11.04	 44.81	 15.94	  6.59		Arizona_elegans 4
					  0.00	  3.71	 42.31	 46.37	 45.19	 44.80	 45.44	 50.78	 32.83	 32.99	 35.69	 41.18	 45.00	 30.41	 37.48	 34.67	 35.34	 31.91	 45.20	 32.81	 32.86	 33.16	 45.74	 38.04	 32.75	 43.03	 41.88	 41.54	 43.58	 45.58	 38.83	 34.05	 32.20	 43.66	 29.72	 29.43	 32.01	 41.82	 41.61	 42.68	 17.04	 31.85	 34.39	 33.35	 38.88	 42.70	 43.87	 56.93	 36.01	 24.26	 31.45	 42.28	 41.93		Aspidocelis_tigris 5
						  0.00	 40.39	 46.03	 44.89	 44.48	 46.81	 50.49	 33.23	 31.88	 34.91	 41.26	 45.12	 31.05	 37.89	 33.93	 36.50	 30.46	 44.83	 35.77	 34.67	 34.98	 44.98	 38.86	 32.41	 44.36	 42.75	 41.99	 44.11	 46.57	 39.27	 33.60	 31.78	 44.95	 29.02	 32.61	 32.66	 42.31	 42.95	 43.14	 16.62	 33.24	 35.08	 36.32	 39.68	 41.83	 42.33	 58.36	 34.92	 22.02	 33.97	 43.19	 43.19		Aspidoscelis_marmoratus 6
							  0.00	 19.08	 10.88	 18.83	 24.40	 10.59	 40.69	 40.62	 45.50	 15.88	 15.10	 36.94	 40.29	 38.37	 44.80	 41.39	 16.75	 40.58	 42.69	 42.63	 20.34	 39.11	 39.92	 21.45	 17.80	 18.01	 14.59	 45.61	 45.58	 40.38	 40.78	 17.07	 38.74	 44.49	 44.98	 44.56	  9.33	 17.93	 40.23	 40.73	 41.57	 35.67	 44.50	 48.04	 15.10	 55.72	 40.99	  5.79	 44.28	 19.66	 16.18		Azemiops_feae 7
								  0.00	 22.00	 18.86	 25.70	 20.43	 40.24	 47.05	 47.96	 23.93	 15.65	 43.04	 44.84	 42.98	 44.75	 46.14	 14.58	 46.04	 47.42	 47.78	 19.09	 44.21	 43.85	 23.19	 19.87	 18.50	 15.64	 48.10	 48.51	 44.64	 43.42	 14.26	 40.28	 47.52	 49.96	 43.00	 20.52	 16.31	 44.99	 48.99	 47.34	 39.01	 47.79	 51.32	 17.61	 48.81	 42.55	 12.08	 43.95	 17.51	 16.20		Boaedon_fuliginosus 8
									  0.00	 18.76	 26.07	 12.70	 40.35	 43.80	 45.04	 18.18	 17.87	 40.33	 44.24	 38.82	 46.84	 41.38	 20.27	 43.71	 47.17	 46.23	 21.45	 40.65	 41.57	 23.66	 20.12	 21.58	 17.38	 46.37	 47.33	 43.62	 39.95	 19.01	 41.02	 46.00	 47.30	 46.67	 11.99	 18.72	 42.96	 44.48	 43.65	 38.27	 45.78	 50.26	 18.46	 66.03	 42.18	  9.57	 47.27	 20.16	 18.40		Bothrops_jararaca 9
										  0.00	 25.01	 20.25	 40.71	 41.80	 42.63	 22.77	 15.45	 38.14	 44.83	 39.54	 44.48	 40.97	 16.57	 46.03	 49.24	 48.67	 18.34	 42.65	 41.14	 20.40	 20.11	 13.85	 14.65	 46.43	 47.72	 42.31	 39.56	 18.10	 39.18	 49.15	 49.21	 46.31	 16.79	 18.07	 45.45	 39.56	 38.10	 39.79	 44.91	 47.13	 13.75	 52.44	 39.11	 11.04	 45.25	 17.42	 17.53		Bungarus_multicintus 10
											  0.00	 25.43	 42.17	 43.74	 44.59	 27.21	 23.56	 39.22	 38.82	 40.64	 43.84	 42.52	 21.93	 42.61	 45.54	 45.91	 24.42	 41.44	 43.42	 14.93	 22.84	 21.30	 22.00	 49.16	 45.93	 43.08	 42.65	 24.34	 42.27	 43.83	 44.23	 46.25	 23.76	 24.40	 43.39	 44.63	 44.26	 38.75	 44.12	 48.46	 24.67	 43.47	 41.38	 15.54	 45.10	 23.75	 24.97		Charina_bottae 11
												  0.00	 43.88	 42.55	 45.84	 18.64	 18.22	 42.33	 46.32	 40.27	 45.16	 43.74	 19.37	 42.19	 45.25	 45.17	 20.84	 42.99	 40.65	 23.56	 20.14	 21.86	 16.22	 47.73	 54.23	 41.13	 41.10	 18.69	 41.02	 46.60	 45.75	 46.64	 11.35	 22.67	 46.60	 41.52	 42.38	 36.40	 43.70	 49.83	 18.44	 55.07	 43.38	  9.53	 45.58	 21.72	 19.57		Crotalus_tigris 12
													  0.00	 19.52	 22.34	 41.09	 40.25	 22.13	 28.54	 25.37	 29.64	 20.44	 40.75	 27.90	 29.88	 29.52	 43.90	 26.43	 15.21	 39.89	 40.61	 34.73	 38.82	 38.14	 36.85	 22.54	 21.95	 40.25	 13.98	 28.18	 30.20	 34.61	 39.90	 41.39	 33.79	 22.55	 24.34	 24.90	 27.03	 39.82	 40.32	 48.59	 27.52	 20.62	 27.25	 41.00	 42.58		Cryptoblepharus_egeriae 13
														  0.00	  9.36	 42.25	 44.15	 19.88	 27.45	 27.43	 29.84	  7.33	 42.97	 22.79	 24.63	 23.70	 43.78	 28.69	 18.49	 42.56	 42.17	 38.36	 39.49	 38.10	 33.98	 16.04	 13.83	 41.78	 17.37	 25.17	 25.47	 31.83	 41.79	 44.21	 34.68	 13.15	 13.41	 19.96	 26.15	 35.16	 42.96	 43.62	 22.79	 20.64	 26.61	 42.55	 46.28		Ctenosaura_bakeri 14
															  0.00	 44.74	 42.97	 22.28	 32.11	 29.48	 29.78	  9.08	 45.03	 26.31	 26.51	 25.56	 42.62	 30.70	 20.85	 44.60	 43.39	 39.14	 43.06	 37.33	 37.02	 17.97	 17.18	 43.01	 19.08	 26.72	 26.34	 33.75	 43.84	 44.65	 33.20	 17.35	 20.03	 21.45	 33.30	 36.79	 41.80	 50.48	 25.32	 22.44	 27.49	 45.80	 46.29		Cyclura_pinguis 15
																  0.00	 21.21	 42.08	 42.71	 41.91	 48.41	 43.86	 22.75	 47.29	 47.40	 47.31	 22.46	 39.53	 43.13	 25.79	 22.52	 22.54	 20.48	 43.99	 48.86	 41.99	 40.38	 21.83	 40.67	 44.03	 45.84	 48.45	 15.23	 19.97	 47.13	 43.27	 41.26	 39.81	 47.38	 45.47	 20.33	 66.17	 42.25	  9.16	 48.77	 22.44	 22.45		Daboia_siamensis 16
																	  0.00	 39.14	 41.85	 41.40	 46.16	 41.35	 11.64	 45.40	 47.16	 47.54	 19.66	 39.13	 40.66	 19.32	 18.18	 16.22	 15.43	 49.39	 47.64	 41.89	 41.84	 14.62	 41.41	 44.62	 47.28	 44.56	 17.04	 14.63	 44.57	 45.16	 44.77	 40.51	 48.21	 45.47	 12.16	 58.56	 43.72	  8.73	 43.36	 16.82	 14.60		Diadophis_punctatus 17
																		  0.00	 25.87	 27.60	 29.24	 19.59	 38.43	 24.51	 27.81	 27.46	 42.30	 30.03	 19.29	 40.29	 41.06	 36.25	 35.90	 36.81	 36.96	 21.33	 20.18	 39.58	 19.27	 27.53	 27.50	 33.26	 37.69	 42.01	 31.46	 20.45	 21.97	 18.89	 27.97	 38.17	 37.30	 39.94	 22.92	 18.58	 26.90	 39.15	 41.55		Elgaria_multicarinata 18
																			  0.00	 30.42	 34.92	 28.82	 42.32	 32.43	 33.04	 32.67	 42.43	 32.03	 28.84	 43.89	 44.70	 41.60	 41.58	 35.91	 37.41	 33.05	 30.16	 40.36	 28.12	 34.59	 34.56	 35.46	 41.49	 44.30	 41.26	 33.14	 30.19	 25.03	 30.47	 41.33	 43.14	 58.56	 32.45	 21.21	 32.43	 44.73	 45.17		Eublepharis_macularius 19
																				  0.00	 30.37	 26.70	 41.46	 28.55	 27.91	 28.55	 44.25	 18.42	 23.82	 41.41	 35.10	 38.38	 41.15	 35.92	 37.71	 28.04	 29.89	 40.29	 22.88	 32.80	 31.01	 37.60	 40.34	 42.61	 29.98	 27.99	 30.05	 26.90	 28.44	 43.26	 40.25	 46.35	 32.85	 17.73	 28.62	 42.62	 42.23		Gekko_japonicus 20
																					  0.00	 29.58	 45.04	 32.88	 34.00	 33.62	 45.29	 32.87	 29.51	 43.90	 40.70	 42.87	 47.03	 36.43	 42.11	 28.49	 30.75	 44.06	 25.72	 35.25	 33.07	 36.14	 45.76	 42.79	 37.97	 27.80	 30.70	 28.44	 33.98	 42.24	 43.59	 50.10	 31.23	 22.55	 35.95	 42.40	 43.68		Hemicordylus_capensis 21
																						  0.00	 43.32	 23.07	 26.95	 25.99	 43.32	 27.26	 18.17	 41.36	 40.60	 38.70	 39.84	 36.54	 34.67	 15.76	 14.70	 42.13	 16.50	 25.53	 25.49	 31.18	 41.78	 44.14	 32.43	 13.47	 14.84	 18.80	 25.55	 35.96	 40.20	 46.61	 22.21	 20.62	 27.24	 40.98	 44.98		Iguana_delicatissima 22
																							  0.00	 42.69	 45.28	 45.20	 21.53	 39.56	 41.52	 18.95	 16.42	 18.29	 15.96	 50.25	 47.16	 41.92	 43.15	 15.23	 40.67	 47.65	 48.19	 47.50	 17.62	 16.56	 42.19	 41.93	 44.01	 41.32	 47.37	 47.21	 14.30	 58.64	 42.97	 10.25	 44.47	 15.69	 12.92		Imantodes_cenchoa 23
																								  0.00	  8.70	  8.44	 44.70	 32.23	 24.53	 42.14	 38.68	 43.50	 43.55	 40.27	 40.77	 24.58	 22.02	 43.95	 23.64	 11.83	 10.98	 37.37	 41.05	 45.09	 32.32	 22.34	 23.96	 24.97	 32.00	 43.05	 44.15	 48.49	 34.83	 22.54	 11.41	 44.20	 44.27		Lacerta_agilis 24
																									  0.00	  1.13	 47.81	 35.10	 28.11	 43.74	 39.84	 45.25	 45.32	 43.25	 42.35	 23.23	 25.18	 45.73	 24.56	 14.33	 12.64	 38.07	 44.50	 45.09	 33.84	 25.19	 26.22	 24.53	 34.90	 42.37	 50.39	 51.52	 34.74	 24.49	 15.03	 48.17	 46.02		Lacerta_bilineata 25
																										  0.00	 47.73	 35.05	 27.77	 43.74	 39.06	 45.17	 45.24	 43.25	 42.68	 22.64	 24.25	 45.64	 24.24	 14.04	 11.85	 37.98	 43.56	 45.47	 34.15	 24.26	 25.27	 24.53	 34.97	 42.81	 50.29	 48.86	 34.35	 24.46	 14.73	 48.08	 45.95		Lacerta_viridis 26
																											  0.00	 44.70	 43.88	 24.80	 21.49	 17.52	 18.43	 49.83	 46.47	 46.79	 43.05	 20.37	 40.28	 46.47	 47.87	 48.96	 18.80	 18.24	 50.19	 46.07	 46.14	 41.33	 48.29	 47.63	 18.95	 54.15	 43.85	 13.70	 46.91	 21.16	 20.34		Laticauda_colubrina 27
																												  0.00	 26.08	 40.39	 36.58	 40.27	 41.46	 37.33	 36.03	 30.31	 31.11	 41.43	 26.05	 36.95	 37.37	 40.60	 40.65	 41.06	 37.31	 30.56	 33.06	 32.61	 28.15	 44.53	 39.88	 41.69	 33.12	 18.86	 33.03	 44.19	 41.43		Lepidodactylus_listeri 28
																													  0.00	 41.45	 40.67	 36.94	 39.95	 37.03	 35.34	 18.41	 17.93	 40.66	 10.05	 26.80	 27.40	 36.91	 39.15	 43.91	 32.08	 19.58	 19.22	 22.99	 25.86	 37.12	 41.08	 39.79	 27.22	 19.46	 25.22	 42.20	 44.63		Lerista_edwardsae 29
																														  0.00	 21.05	 18.09	 18.19	 49.26	 42.64	 41.45	 42.23	 21.92	 41.10	 42.95	 44.23	 44.99	 21.09	 21.01	 44.16	 42.21	 39.91	 39.43	 40.99	 47.97	 21.04	 57.68	 41.37	 12.60	 41.37	 22.88	 22.25		Morelia_viridis 30
																															  0.00	 19.29	 17.25	 44.46	 45.49	 42.23	 45.04	 19.07	 39.51	 43.10	 41.60	 44.20	 19.24	 16.95	 39.87	 41.02	 43.87	 39.07	 46.54	 44.81	 16.65	 48.19	 42.16	 11.78	 41.44	 18.97	 17.83		Myanophis_thanlyinensis 31
																																  0.00	 12.24	 48.25	 43.06	 38.85	 38.44	 16.88	 37.29	 44.82	 44.43	 39.90	 18.26	 15.97	 41.79	 37.68	 38.84	 34.28	 43.70	 46.28	 16.02	 50.35	 37.62	 11.09	 40.68	 20.24	 17.46		Naja_naja 32
																																	  0.00	 47.33	 45.14	 39.58	 38.43	 14.56	 37.28	 45.43	 45.04	 44.17	 15.69	 17.99	 39.86	 41.20	 40.44	 33.90	 44.10	 49.35	 15.72	 43.82	 36.15	 10.60	 41.53	 16.77	 13.16		Ophiophagus_hannah 33
																																		  0.00	 44.53	 40.56	 38.60	 49.16	 34.05	 43.47	 41.15	 45.45	 45.56	 49.87	 49.37	 37.90	 38.64	 38.40	 41.19	 47.19	 46.92	 74.58	 40.83	 24.60	 41.84	 49.67	 48.96		Paroedura_picta 34
																																			  0.00	 34.99	 35.60	 48.44	 35.30	 40.85	 42.65	 34.58	 47.25	 44.72	 39.07	 38.51	 35.79	 34.57	 42.97	 45.93	 49.84	 73.99	 38.79	 25.81	 37.34	 53.88	 48.04		Phrynocephalus_versicolor 35
																																				  0.00	  8.07	 40.29	 19.28	 23.43	 24.06	 37.43	 41.61	 43.16	 34.87	 11.93	 13.24	 21.77	 29.62	 42.47	 44.70	 57.63	 29.14	 23.70	 23.04	 45.83	 43.10		Phrynosoma_blainvillii 36
																																					  0.00	 39.15	 17.57	 22.46	 22.12	 36.33	 38.84	 42.34	 35.62	 11.73	  9.79	 21.50	 28.00	 41.52	 40.29	 58.07	 28.16	 22.44	 23.04	 44.20	 42.29		Phrynosoma_platyrhinos 37
																																						  0.00	 41.81	 47.79	 47.86	 47.90	 17.62	 13.32	 43.83	 41.92	 42.79	 38.63	 47.79	 48.60	 16.66	 68.22	 41.77	 10.52	 43.17	 16.23	  6.34		Pituophis_catenifer 38
																																							  0.00	 26.58	 24.87	 34.70	 36.91	 43.02	 30.38	 18.99	 18.70	 21.14	 27.16	 37.92	 41.03	 32.59	 22.81	 20.03	 26.09	 39.50	 42.99		Plestiodon_gilberti 39
																																								  0.00	  5.37	 39.53	 44.07	 43.87	 33.54	 23.44	 22.17	 25.77	 37.43	 43.47	 49.18	 41.90	 34.44	 23.53	 12.14	 47.44	 48.98		Podarci_raffonei 40
																																									  0.00	 39.90	 45.90	 44.77	 32.16	 23.09	 23.43	 25.33	 38.30	 44.99	 48.77	 47.27	 35.17	 23.57	 12.39	 48.43	 48.10		Podarcis_muralis 41
																																										  0.00	 44.60	 45.46	 41.26	 36.97	 35.75	 31.29	 40.17	 43.27	 45.02	 66.17	 36.00	 24.50	 34.30	 49.21	 47.52		Pogona_vitticeps 42
																																											  0.00	 19.04	 44.17	 39.99	 39.24	 38.65	 46.97	 47.17	 17.93	 50.35	 38.72	  8.03	 43.12	 19.31	 17.60		Protobothrops_mucrosquamatus 43
																																												  0.00	 44.18	 42.30	 43.19	 37.54	 48.22	 49.01	 16.43	 55.79	 42.96	 11.59	 44.31	 17.96	 12.55		Ptyas_mucosa 44
																																													  0.00	 34.84	 37.12	 31.20	 37.65	 42.29	 44.55	 49.85	 34.26	 22.68	 32.11	 41.39	 40.63		Salvator_merianae 45
																																														  0.00	  6.32	 21.52	 26.95	 39.40	 43.17	 41.84	 27.55	 21.53	 24.02	 42.20	 42.72		Sceloporus_occidentalis 46
																																															  0.00	 21.90	 27.18	 37.90	 43.16	 42.45	 27.27	 22.18	 24.99	 44.69	 45.75		Sceloporus_tristichus 47
																																																  0.00	 25.16	 40.40	 38.62	 32.03	 24.54	 21.02	 25.16	 39.01	 38.63		Shinisaurus_crocodilurus 48
																																																	  0.00	 40.59	 45.72	 48.28	 31.93	 22.96	 33.95	 46.54	 49.06		Sphaerodactylus_townsendi 49
																																																		  0.00	 48.42	 56.15	 39.63	 25.15	 45.24	 51.02	 51.36		Sphenodon_punctatus 50
																																																			  0.00	 59.89	 41.76	  9.98	 45.90	 16.20	 15.22		Thermophis_baileyi 51
																																																				  0.00	 18.17	 53.03	 56.30	 43.65	 59.16		Varanus_komodoensis 52
																																																					  0.00	 18.87	 37.00	 40.98	 41.78		Varanus_salvator 53
																																																						  0.00	 23.79	 10.77	 10.50		Vipera_latastei 54
																																																							  0.00	 46.87	 43.92		Zootaca_vivipara 55
																																																								  0.00	 15.63		Thamnophis_elegans 56
																																																									  0.00		Pantherophis_guttatus 57
