Distance Matrix
---------------

Using the Tamura correction method
Using base positions 12 in the codon
Gap weighting is 0.000000

	    1	    2	    3	    4	    5	    6	    7	    8	    9	    10	    11	    12	    13	    14	    15	    16	    17	    18	    19	    20	    21	    22	    23	    24	    25	    26	    27	    28	    29	    30	    31	    32	    33	    34	    35	    36	    37	    38	    39	    40	    41	    42	    43	    44	    45	    46	    47	    48	    49	    50	    51	    52	    53	    54	    55	    56
	  0.00	 38.37	 36.46	 21.19	 40.28	 40.59	 22.64	 24.60	 22.41	 22.03	 15.85	 22.68	 37.07	 39.34	 37.53	 22.77	 19.13	 38.24	 39.86	 38.52	 41.30	 34.74	 22.15	 40.31	 41.83	 40.25	 22.71	 40.16	 40.32	  9.51	 18.47	 20.86	 25.28	 40.63	 37.67	 37.99	 41.20	 18.65	 36.93	 37.06	 42.74	 47.89	 19.80	 21.15	 30.91	 38.07	 42.49	 40.56	 38.72	 37.86	 19.31	 30.46	 56.63	 34.20	 18.59	 18.79		Python_bivittatus 1
		  0.00	 18.60	 41.51	 32.51	 33.55	 41.04	 36.46	 34.68	 38.24	 34.59	 39.98	 22.49	 16.41	 17.39	 34.31	 42.17	 32.51	 32.06	 26.29	 23.65	 16.46	 40.54	 26.85	 29.50	 27.50	 40.20	 26.48	 22.40	 40.06	 34.19	 37.39	 39.94	 29.86	 38.58	 19.72	 24.06	 35.09	 25.46	 24.97	 26.90	 40.16	 33.24	 39.39	 28.58	 18.47	 22.10	 25.79	 30.58	 33.05	 38.93	 27.17	 90.83	 27.42	 38.11	 36.09		Anolis_carolinensis 2
			  0.00	 35.14	 32.34	 34.17	 38.73	 37.16	 39.16	 34.37	 38.24	 35.78	 26.95	 17.99	 18.50	 36.53	 33.76	 30.89	 26.08	 23.64	 28.62	 17.93	 34.15	 26.79	 30.11	 30.17	 37.09	 27.74	 30.80	 41.39	 32.79	 32.26	 33.63	 29.55	 39.27	 19.56	 22.16	 33.51	 27.94	 26.77	 29.56	 43.71	 38.19	 36.61	 26.12	 20.11	 23.28	 27.03	 35.08	 29.49	 33.54	 22.70	 90.83	 28.04	 34.77	 33.53		Anolis_sagrei 3
				  0.00	 44.11	 43.55	 22.75	 17.20	 25.76	 17.99	 22.00	 25.43	 40.13	 40.79	 39.11	 24.39	 12.66	 43.61	 41.42	 38.47	 35.55	 38.28	 14.18	 37.74	 34.72	 33.95	 20.08	 34.68	 35.46	 22.68	 17.68	 22.03	 24.59	 41.16	 38.10	 36.39	 41.26	 11.22	 39.10	 33.25	 37.67	 52.10	 24.45	  9.00	 33.57	 35.67	 36.43	 41.40	 36.92	 36.94	 15.00	 40.81	 56.63	 37.12	 18.32	 15.11		Arizona_elegans 4
					  0.00	  2.78	 42.15	 36.73	 42.21	 42.59	 38.07	 38.83	 31.22	 29.71	 29.14	 41.18	 39.18	 38.37	 29.75	 25.96	 28.59	 33.30	 44.52	 32.85	 33.50	 32.06	 39.06	 27.26	 28.64	 43.58	 36.54	 36.19	 39.98	 32.24	 33.46	 30.36	 30.55	 39.06	 31.73	 31.91	 32.08	 32.69	 35.83	 40.75	  8.74	 29.54	 31.65	 29.64	 30.99	 30.22	 42.30	 23.80	  -0.00	 25.70	 39.93	 36.68		Aspidocelis_tigris 5
						  0.00	 43.24	 38.58	 42.55	 41.18	 38.39	 39.95	 31.98	 30.74	 31.56	 41.43	 38.71	 38.63	 28.66	 27.71	 28.58	 34.35	 43.97	 31.72	 35.45	 33.21	 39.40	 25.54	 27.62	 40.60	 36.11	 35.76	 39.48	 35.50	 33.84	 32.12	 32.32	 39.39	 32.10	 32.29	 30.97	 33.04	 35.41	 41.09	 10.01	 28.53	 32.73	 31.45	 33.50	 31.25	 41.77	 25.45	inf	 25.42	 40.27	 37.80		Aspidoscelis_marmoratus 6
							  0.00	 18.70	 16.08	 17.14	 20.87	 19.13	 36.98	 34.15	 37.07	 14.33	 19.91	 43.11	 44.08	 38.79	 41.85	 37.87	 19.95	 44.24	 44.06	 41.61	 25.93	 40.88	 41.72	 23.57	 18.00	 23.61	 22.22	 45.52	 40.24	 38.51	 40.87	 17.75	 43.36	 37.75	 39.28	 46.01	 14.27	 17.77	 32.61	 38.42	 41.62	 44.69	 43.20	 40.81	 18.28	 37.55	 31.23	 38.58	 16.37	 18.99		Azemiops_feae 7
								  0.00	 25.32	 18.94	 22.13	 25.63	 39.59	 34.03	 36.18	 25.50	 21.82	 39.98	 40.73	 37.98	 36.28	 34.69	 16.93	 40.85	 38.46	 38.39	 28.96	 36.19	 41.72	 26.81	 19.02	 20.54	 21.58	 40.28	 45.06	 29.25	 33.55	 15.28	 40.66	 34.64	 38.36	 46.72	 19.04	 14.72	 34.40	 30.50	 33.27	 43.00	 36.90	 37.78	 16.48	 36.80	 31.98	 34.02	 13.07	 16.45		Boaedon_fuliginosus 8
									  0.00	 18.43	 19.75	 15.89	 38.11	 35.05	 37.23	 14.80	 24.28	 44.45	 46.10	 40.07	 40.43	 39.69	 18.00	 42.97	 40.23	 37.11	 23.93	 38.60	 46.69	 21.92	 17.33	 21.03	 24.17	 43.10	 38.35	 40.32	 41.90	 21.19	 42.11	 36.52	 43.10	 45.55	 10.06	 18.72	 36.33	 38.76	 42.05	 42.51	 46.11	 47.23	 18.75	 39.24	 32.45	 38.15	 16.86	 19.46		Bothrops_jararaca 9
										  0.00	 23.00	 20.63	 39.48	 30.54	 32.65	 21.14	 19.03	 39.77	 45.73	 40.48	 37.15	 32.59	 17.08	 41.11	 36.94	 33.99	 18.44	 32.73	 40.35	 19.62	 17.78	 14.51	 16.21	 43.89	 45.00	 33.43	 30.62	 14.97	 34.90	 34.10	 37.96	 45.40	 17.86	 17.24	 31.78	 31.28	 33.44	 40.76	 42.75	 38.53	 12.69	 36.94	inf	 37.20	 17.26	 18.57		Bungarus_multicintus 10
											  0.00	 20.81	 34.92	 36.51	 36.23	 23.17	 22.24	 36.28	 41.46	 35.46	 35.07	 35.63	 21.40	 40.53	 41.20	 40.47	 22.84	 36.50	 41.37	 16.44	 19.06	 18.53	 24.10	 40.39	 38.25	 32.22	 34.37	 20.64	 37.26	 35.84	 35.01	 42.81	 18.58	 20.52	 33.54	 33.02	 36.26	 36.32	 39.18	 41.12	 22.97	 32.76	 54.49	 35.11	 16.75	 21.30		Charina_bottae 11
												  0.00	 37.63	 35.43	 36.84	 16.71	 25.36	 42.80	 46.34	 36.82	 40.12	 38.40	 21.38	 40.87	 43.27	 40.84	 27.04	 36.27	 42.62	 21.54	 21.38	 20.68	 23.18	 46.27	 40.73	 34.12	 35.53	 19.74	 39.90	 34.65	 38.37	 39.82	 14.69	 25.40	 35.24	 34.05	 37.02	 39.12	 46.61	 40.04	 22.16	 36.94	 32.08	 40.88	 22.04	 22.25		Crotalus_tigris 12
													  0.00	 20.65	 20.02	 37.56	 36.82	 30.47	 25.95	 20.16	 24.38	 21.24	 40.13	 23.88	 23.82	 22.54	 39.48	 20.70	 21.54	 40.34	 31.59	 36.10	 35.63	 27.71	 32.74	 21.29	 26.58	 33.07	 20.36	 28.01	 26.58	 37.52	 33.53	 35.38	 28.71	 22.40	 19.30	 21.84	 27.14	 29.67	 39.38	 26.22	nan	 23.40	 37.07	 36.35		Cryptoblepharus_egeriae 13
														  0.00	  6.95	 33.30	 35.38	 32.90	 27.33	 23.62	 22.29	  7.03	 35.41	 22.52	 20.65	 18.91	 33.27	 22.63	 25.37	 41.83	 32.48	 33.39	 31.99	 34.91	 35.86	 12.45	 11.98	 31.83	 24.19	 20.68	 20.11	 32.34	 31.42	 34.05	 21.49	 10.86	 13.00	 20.05	 31.67	 25.52	 32.54	 23.72	 13.93	 23.06	 33.35	 31.90		Ctenosaura_bakeri 14
															  0.00	 32.54	 35.31	 33.49	 27.35	 21.07	 24.10	  7.93	 36.84	 24.34	 22.41	 20.63	 34.65	 22.04	 26.66	 40.03	 33.87	 34.76	 34.06	 33.43	 38.11	 12.39	 15.15	 32.50	 25.40	 23.69	 23.11	 39.93	 32.75	 34.72	 23.73	 12.90	 16.20	 23.58	 30.23	 27.33	 34.63	 25.57	 14.00	 23.01	 32.56	 33.26		Cyclura_pinguis 15
																  0.00	 21.03	 39.82	 42.56	 38.99	 39.27	 36.17	 19.33	 40.19	 41.52	 39.17	 25.12	 37.59	 43.25	 23.42	 20.14	 19.08	 21.89	 44.00	 39.60	 35.43	 36.14	 18.10	 42.30	 34.63	 39.13	 42.72	 14.66	 19.47	 36.07	 36.24	 40.79	 41.21	 49.01	 45.10	 20.62	 38.32	 31.23	 36.24	 17.45	 23.17		Daboia_siamensis 16
																	  0.00	 36.97	 39.75	 31.12	 36.85	 33.16	 15.85	 37.75	 36.88	 34.69	 22.89	 33.88	 36.88	 24.39	 17.99	 18.68	 19.96	 41.72	 35.11	 35.42	 40.18	 11.64	 33.90	 36.19	 41.71	 47.80	 20.34	 12.10	 29.25	 34.73	 36.95	 37.51	 35.29	 36.84	 13.93	 35.30	 32.45	 37.62	 14.74	 14.33		Diadophis_punctatus 17
																		  0.00	 35.40	 32.40	 32.98	 34.30	 42.28	 39.65	 37.12	 35.66	 46.45	 34.87	 40.73	 45.84	 41.00	 41.82	 38.81	 34.47	 43.90	 29.68	 30.96	 37.76	 32.75	 32.83	 33.65	 46.20	 41.09	 41.64	 30.17	 30.87	 30.95	 28.09	 32.05	 33.42	 40.88	 30.04	 89.53	 32.11	 40.70	 40.17		Elgaria_multicarinata 18
																			  0.00	 24.67	 25.37	 26.00	 43.95	 23.13	 26.19	 24.93	 44.02	 25.22	 24.92	 45.12	 39.82	 38.19	 45.40	 26.87	 36.48	 27.95	 27.34	 39.80	 25.07	 25.43	 25.47	 45.06	 39.15	 39.85	 26.16	 26.62	 28.63	 28.65	 33.07	 30.53	 38.26	 23.16	-nan	 18.88	 42.93	 42.26		Eublepharis_macularius 19
																				  0.00	 25.34	 21.68	 39.01	 23.81	 26.97	 26.35	 36.06	 17.78	 26.46	 43.85	 33.49	 39.79	 39.89	 28.77	 30.57	 22.38	 25.01	 33.80	 21.17	 23.68	 25.61	 33.58	 36.03	 33.64	 22.62	 20.02	 24.33	 24.82	 29.15	 32.19	 37.90	 27.41	 49.34	 21.69	 38.05	 36.77		Gekko_japonicus 20
																					  0.00	 23.50	 36.82	 19.40	 21.29	 18.79	 40.72	 22.63	 25.03	 42.96	 34.70	 34.03	 37.69	 28.03	 33.09	 22.28	 26.11	 33.27	 23.68	 17.64	 19.48	 35.31	 34.90	 34.09	 24.65	 21.01	 20.44	 24.75	 24.32	 30.99	 35.40	 25.63	 50.14	 19.97	 36.24	 36.36		Hemicordylus_capensis 21
																						  0.00	 35.34	 20.64	 22.43	 21.85	 32.51	 21.99	 24.74	 39.39	 33.84	 32.60	 35.59	 32.75	 38.13	 15.17	 17.00	 29.78	 22.33	 20.64	 22.51	 37.56	 36.56	 33.97	 24.48	 12.41	 15.73	 21.88	 28.76	 26.77	 33.20	 22.43	 31.98	 21.79	 31.86	 33.25		Iguana_delicatissima 22
																							  0.00	 39.90	 41.26	 38.96	 22.79	 39.03	 45.03	 24.94	 17.86	 17.90	 20.34	 40.91	 37.85	 36.09	 39.15	 12.03	 39.22	 38.97	 42.94	 46.93	 19.14	 12.04	 34.27	 34.75	 36.12	 44.06	 42.86	 41.36	 14.28	 37.39	 56.63	 39.91	 11.40	 13.69		Imantodes_cenchoa 23
																								  0.00	 10.59	 10.10	 36.32	 19.30	 21.29	 44.40	 38.23	 37.91	 42.51	 35.00	 31.09	 23.19	 23.23	 34.75	 20.95	 14.22	 15.89	 38.61	 40.49	 34.90	 29.70	 20.62	 20.61	 21.82	 27.66	 28.42	 35.53	 25.89	 56.63	 13.11	 38.47	 39.62		Lacerta_agilis 24
																									  0.00	  3.16	 36.21	 20.38	 24.47	 45.09	 35.99	 36.24	 41.55	 35.67	 32.68	 23.24	 23.91	 35.40	 18.98	 15.88	 14.22	 36.88	 40.33	 34.05	 24.60	 24.26	 23.68	 21.19	 26.37	 33.43	 36.19	 30.52	 54.49	 14.17	 39.15	 41.11		Lacerta_bilineata 25
																										  0.00	 35.41	 20.42	 23.21	 40.89	 33.86	 34.80	 41.64	 35.75	 30.51	 21.40	 23.32	 32.56	 20.22	 14.21	 15.41	 36.97	 36.41	 31.25	 23.07	 21.82	 21.25	 20.62	 25.64	 30.53	 34.02	 28.47	 56.63	 12.55	 36.13	 37.93		Lacerta_viridis 26
																											  0.00	 33.39	 37.02	 23.36	 20.27	 21.11	 23.77	 44.22	 43.86	 34.29	 36.52	 18.06	 34.06	 34.05	 33.39	 47.28	 23.34	 21.02	 30.03	 32.29	 37.43	 39.15	 40.16	 39.80	 21.55	 39.19	-nan	 35.12	 18.59	 20.52		Laticauda_colubrina 27
																												  0.00	 20.60	 44.59	 35.13	 34.48	 35.31	 30.00	 35.16	 21.57	 20.35	 31.10	 19.70	 22.20	 24.07	 33.50	 34.90	 32.42	 24.69	 19.70	 20.82	 19.07	 24.84	 30.58	 34.56	 26.21	 19.48	 19.22	 36.09	 39.70		Lepidodactylus_listeri 28
																													  0.00	 43.56	 34.65	 45.52	 45.62	 35.40	 37.58	 24.83	 26.10	 39.40	 17.18	 23.75	 22.45	 41.92	 45.87	 38.49	 25.67	 24.07	 25.99	 21.22	 27.02	 32.81	 46.89	 27.76	inf	 21.93	 44.40	 43.69		Lerista_edwardsae 29
																														  0.00	 18.06	 19.64	 26.13	 44.88	 39.12	 40.24	 41.00	 21.29	 39.29	 38.65	 42.75	 49.19	 20.55	 24.67	 34.39	 39.49	 44.00	 45.61	 41.21	 41.76	 22.67	 36.99	 56.63	 36.33	 22.19	 22.62		Morelia_viridis 30
																															  0.00	 19.80	 20.46	 35.29	 38.81	 29.19	 35.54	 16.44	 35.37	 36.03	 36.95	 44.46	 15.65	 14.09	 30.88	 29.88	 33.38	 37.45	 39.75	 41.49	 18.65	 35.33	 62.34	 33.89	 18.46	 15.20		Myanophis_thanlyinensis 31
																																  0.00	 14.16	 40.88	 37.13	 32.72	 34.99	 14.14	 36.09	 36.33	 37.20	 42.70	 17.35	 18.83	 30.94	 32.05	 34.95	 40.51	 42.17	 37.29	 13.00	 31.13	 89.53	 35.74	 14.09	 17.61		Naja_naja 32
																																	  0.00	 43.54	 42.81	 34.85	 34.14	 19.35	 38.83	 39.37	 40.31	 40.29	 18.07	 22.38	 33.54	 31.98	 32.66	 43.22	 37.59	 38.41	 17.48	 34.59	 59.55	 41.89	 18.67	 19.97		Ophiophagus_hannah 33
																																		  0.00	 35.21	 28.77	 34.42	 36.29	 28.04	 37.32	 38.49	 41.84	 40.62	 36.47	 27.65	 30.80	 33.65	 42.19	 26.19	 40.38	 37.14	 31.86	 56.63	 32.65	 40.80	 37.07		Paroedura_picta 34
																																			  0.00	 39.11	 39.94	 35.77	 33.61	 35.50	 31.18	 31.28	 39.05	 37.60	 26.15	 38.36	 37.81	 36.04	 32.83	 36.69	 38.23	 35.10	 56.63	 31.10	 36.44	 32.15		Phrynocephalus_versicolor 35
																																				  0.00	 10.64	 29.19	 24.79	 24.27	 24.32	 37.57	 32.79	 30.55	 26.02	  7.39	 11.54	 20.67	 30.87	 28.11	 33.92	 24.53	 31.98	 19.59	 32.57	 31.93		Phrynosoma_blainvillii 36
																																					  0.00	 33.32	 27.97	 23.66	 23.71	 37.44	 36.47	 37.88	 28.49	 13.14	 12.64	 21.90	 37.78	 31.87	 36.18	 26.58	 13.93	 21.35	 36.31	 37.86		Phrynosoma_platyrhinos 37
																																						  0.00	 33.20	 33.28	 39.29	 43.58	 17.55	  9.06	 27.61	 29.21	 29.87	 38.30	 39.25	 36.23	 11.14	 34.60	 54.49	 35.50	 12.60	  9.06		Pituophis_catenifer 38
																																							  0.00	 22.08	 21.51	 39.71	 39.92	 39.22	 22.29	 22.92	 26.01	 20.10	 23.12	 34.78	 38.33	 25.00	 94.27	 20.84	 39.12	 38.59		Plestiodon_gilberti 39
																																								  0.00	  7.43	 36.38	 31.37	 33.40	 24.77	 22.34	 24.84	 21.82	 25.24	 29.51	 33.31	 25.21	 32.08	 12.49	 35.40	 37.96		Podarci_raffonei 40
																																									  0.00	 34.73	 38.93	 37.12	 24.77	 22.35	 25.52	 20.01	 27.90	 28.20	 38.55	 27.71	 94.27	 15.22	 39.99	 40.33		Podarcis_muralis 41
																																										  0.00	 40.47	 48.40	 26.38	 38.27	 39.82	 35.17	 39.88	 44.12	 47.00	 40.76	 81.48	 34.25	 44.33	 43.80		Pogona_vitticeps 42
																																											  0.00	 18.77	 32.61	 34.34	 37.39	 41.99	 41.20	 41.93	 14.62	 36.19	 32.08	 31.39	 15.75	 15.90		Protobothrops_mucrosquamatus 43
																																												  0.00	 34.54	 31.27	 33.39	 36.79	 36.91	 38.79	  9.54	 35.34	 56.63	 31.29	 11.52	 10.67		Ptyas_mucosa 44
																																													  0.00	 25.27	 28.48	 25.30	 23.22	 25.35	 31.82	 20.11	nan	 23.17	 30.95	 25.26		Salvator_merianae 45
																																														  0.00	  5.02	 22.39	 30.79	 27.31	 33.95	 22.46	-nan	 21.82	 34.05	 33.40		Sceloporus_occidentalis 46
																																															  0.00	 21.89	 31.59	 29.29	 37.66	 25.07	-nan	 24.38	 36.26	 37.15		Sceloporus_tristichus 47
																																																  0.00	 27.73	 31.41	 42.22	 25.12	 54.49	 21.89	 40.59	 43.41		Shinisaurus_crocodilurus 48
																																																	  0.00	 31.59	 36.83	 24.39	 32.08	 25.65	 39.81	 39.44		Sphaerodactylus_townsendi 49
																																																		  0.00	 36.28	 30.02	 60.65	 27.47	 37.68	 36.40		Sphenodon_punctatus 50
																																																			  0.00	 37.42	 54.49	 33.96	 12.64	 10.61		Thermophis_baileyi 51
																																																				  0.00	-nan	 23.15	 35.95	 34.61		Varanus_salvator 52
																																																					  0.00	 56.63	 56.63	 94.87		Vipera_latastei 53
																																																						  0.00	 34.68	 38.00		Zootaca_vivipara 54
																																																							  0.00	 13.82		Thamnophis_elegans 55
																																																								  0.00		Pantherophis_guttatus 56
