Distance Matrix
---------------

Using the Tamura correction method
Using base positions 12 in the codon
Gap weighting is 0.000000

	    1	    2	    3	    4	    5	    6	    7	    8	    9	    10	    11	    12	    13	    14	    15	    16	    17	    18	    19	    20	    21	    22	    23	    24	    25	    26	    27	    28	    29	    30	    31	    32	    33	    34	    35	    36	    37	    38	    39	    40	    41	    42	    43	    44	    45	    46	    47	    48	    49	    50	    51	    52	    53	    54	    55	    56	    57
	  0.00	 50.76	 50.37	 27.47	 44.13	 46.83	 25.97	 26.28	 25.24	 25.47	 17.77	 25.71	 45.87	 46.49	 46.26	 24.38	 23.96	 47.70	 47.36	 51.72	 41.79	 44.26	 23.38	 51.85	 45.12	 46.02	 26.16	 47.50	 42.51	 10.62	 27.48	 25.71	 24.28	 52.64	 44.36	 46.93	 45.24	 25.28	 42.58	 48.19	 46.80	 47.51	 25.07	 24.81	 46.59	 45.00	 45.31	 42.22	 48.47	 52.24	 24.81	 50.05	 46.42	 23.56	 49.79	 24.99	 26.34		Python_bivittatus 1
		  0.00	 22.63	 51.10	 35.89	 35.67	 52.71	 53.85	 50.97	 49.51	 49.47	 49.47	 36.37	 25.84	 26.35	 51.19	 49.58	 35.59	 36.64	 42.11	 38.53	 22.55	 48.71	 41.55	 35.28	 37.37	 52.07	 44.94	 33.63	 51.70	 52.07	 49.58	 49.43	 46.81	 46.99	 28.24	 28.71	 52.15	 26.94	 37.90	 36.61	 40.59	 48.93	 50.75	 39.53	 29.42	 28.52	 37.10	 40.43	 48.72	 51.79	 38.94	 44.34	 48.01	 41.32	 47.82	 50.53		Anolis_carolinensis 2
			  0.00	 51.10	 36.19	 36.05	 49.18	 51.20	 52.50	 47.56	 47.20	 50.45	 32.13	 25.99	 26.38	 49.90	 49.45	 37.91	 37.48	 44.22	 34.40	 26.01	 51.67	 38.70	 34.37	 35.97	 49.84	 43.79	 28.46	 51.04	 50.36	 48.39	 49.66	 44.01	 46.42	 28.36	 26.76	 49.27	 24.77	 33.61	 35.47	 41.30	 48.22	 48.52	 36.62	 25.75	 25.33	 33.22	 39.44	 49.28	 53.43	 39.89	 41.91	 49.15	 36.88	 47.33	 47.98		Anolis_sagrei 3
				  0.00	 50.33	 51.10	 27.56	 23.08	 26.40	 24.73	 28.67	 25.88	 53.24	 51.18	 51.85	 24.97	 16.90	 51.45	 52.96	 48.81	 49.26	 48.22	 16.20	 56.58	 51.32	 51.44	 22.61	 48.49	 49.06	 31.90	 23.67	 21.74	 23.03	 54.48	 47.04	 48.25	 48.02	 13.21	 44.53	 52.83	 51.64	 50.93	 26.79	 14.59	 49.71	 47.22	 48.74	 49.62	 55.09	 50.77	 19.16	 51.28	 52.69	 25.02	 51.70	 19.62	 10.25		Arizona_elegans 4
					  0.00	  4.90	 45.87	 49.58	 46.89	 43.51	 46.84	 50.43	 38.49	 34.08	 36.19	 47.81	 47.27	 36.69	 36.90	 41.81	 36.81	 32.58	 46.33	 41.45	 39.09	 39.69	 45.63	 44.55	 38.81	 42.96	 49.60	 46.84	 48.63	 45.39	 42.53	 35.62	 34.46	 47.61	 32.59	 38.12	 36.87	 41.38	 42.67	 46.69	 16.84	 36.15	 35.68	 37.30	 45.18	 43.32	 50.82	 43.02	 46.66	 46.07	 43.09	 44.37	 47.27		Aspidocelis_tigris 5
						  0.00	 46.52	 50.16	 47.53	 45.26	 48.37	 50.85	 38.71	 34.71	 35.06	 50.02	 47.36	 35.50	 38.50	 43.49	 37.13	 31.74	 47.26	 42.32	 39.98	 40.34	 45.98	 45.92	 40.47	 45.75	 49.34	 47.20	 48.37	 46.84	 42.32	 34.99	 33.34	 48.01	 34.30	 37.86	 38.20	 41.65	 43.83	 46.17	 16.50	 36.53	 34.76	 38.71	 47.45	 44.73	 51.91	 43.54	 48.42	 47.02	 42.69	 44.97	 49.20		Aspidoscelis_marmoratus 6
							  0.00	 27.20	 16.51	 25.48	 26.93	 17.33	 46.56	 44.21	 43.51	 19.50	 25.45	 47.89	 49.77	 49.46	 48.39	 42.21	 24.81	 53.40	 47.50	 46.97	 25.24	 44.57	 43.83	 26.41	 29.95	 24.20	 25.09	 49.90	 45.42	 47.09	 44.81	 23.07	 41.22	 47.17	 49.14	 52.22	 16.01	 24.91	 47.48	 45.96	 43.62	 44.11	 50.26	 50.45	 26.90	 50.41	 50.30	 18.52	 49.51	 25.29	 24.51		Azemiops_feae 7
								  0.00	 28.38	 27.41	 27.82	 29.04	 54.60	 49.55	 51.11	 27.04	 20.83	 50.78	 51.33	 50.56	 47.89	 44.97	 22.98	 57.29	 52.35	 53.79	 26.68	 47.01	 49.56	 28.07	 27.32	 24.69	 26.31	 56.04	 43.64	 48.64	 49.13	 22.25	 43.93	 55.51	 54.00	 50.49	 27.36	 22.21	 51.76	 49.13	 47.71	 45.49	 55.50	 51.47	 24.22	 50.49	 49.16	 27.69	 55.30	 18.87	 23.33		Boaedon_fuliginosus 8
									  0.00	 24.33	 26.43	 16.03	 47.64	 46.46	 43.94	 19.03	 24.75	 50.64	 53.52	 47.78	 49.83	 42.39	 24.40	 55.81	 51.44	 51.80	 22.71	 46.87	 44.30	 22.48	 27.30	 25.21	 22.97	 54.03	 45.10	 49.45	 48.32	 23.94	 43.43	 49.67	 50.42	 48.16	 15.55	 24.28	 48.03	 50.55	 48.94	 50.75	 50.94	 55.66	 25.89	 49.77	 53.02	 19.65	 51.46	 25.65	 25.05		Bothrops_jararaca 9
										  0.00	 27.32	 26.40	 46.76	 45.33	 46.87	 24.65	 21.83	 48.76	 50.35	 52.68	 45.26	 43.60	 22.56	 56.01	 49.13	 49.79	 18.20	 49.55	 48.36	 27.19	 25.58	 15.69	 17.85	 50.61	 46.44	 49.91	 47.35	 21.78	 43.28	 49.23	 50.04	 48.55	 24.23	 20.92	 46.37	 47.29	 45.75	 48.21	 55.99	 54.07	 24.54	 51.04	 51.77	 22.23	 53.88	 20.44	 22.95		Bungarus_multicintus 10
											  0.00	 26.91	 44.97	 44.18	 41.79	 27.62	 26.24	 49.49	 49.17	 49.76	 40.65	 41.62	 24.86	 52.17	 46.52	 45.96	 26.52	 44.70	 42.41	 17.98	 28.21	 26.29	 25.79	 50.80	 46.94	 45.20	 42.12	 27.74	 40.20	 46.58	 46.10	 47.94	 25.99	 26.61	 49.46	 44.02	 44.03	 44.23	 48.39	 51.87	 28.94	 50.68	 46.82	 26.05	 50.76	 23.72	 28.19		Charina_bottae 11
												  0.00	 48.65	 44.79	 44.16	 20.30	 23.48	 50.38	 49.12	 47.37	 52.01	 43.85	 22.02	 52.12	 50.13	 49.53	 23.19	 45.93	 47.17	 27.91	 27.59	 22.76	 20.58	 52.38	 47.11	 47.55	 47.30	 24.60	 42.58	 47.70	 50.25	 52.24	 12.60	 23.64	 52.51	 47.98	 45.95	 47.16	 50.57	 51.93	 25.43	 49.48	 50.95	 19.28	 50.13	 23.95	 24.11		Crotalus_tigris 12
													  0.00	 30.57	 28.66	 49.46	 49.17	 34.10	 37.70	 41.07	 34.02	 27.52	 49.46	 37.89	 36.18	 35.68	 51.37	 40.41	 23.07	 47.30	 50.63	 47.69	 48.91	 42.29	 46.38	 30.92	 31.60	 48.60	 18.29	 36.20	 36.27	 41.15	 43.91	 50.61	 41.79	 30.91	 29.29	 37.84	 37.82	 42.35	 48.96	 42.33	 37.49	 46.06	 40.36	 46.46	 51.58		Cryptoblepharus_egeriae 13
														  0.00	 13.13	 48.59	 50.68	 34.34	 32.45	 41.52	 30.92	 10.31	 45.15	 41.41	 31.82	 32.32	 47.36	 39.60	 27.44	 45.64	 50.80	 45.29	 43.76	 44.12	 44.18	 21.00	 20.39	 46.05	 22.01	 30.83	 33.00	 41.64	 42.24	 45.49	 35.85	 20.95	 20.15	 34.28	 39.28	 47.38	 47.84	 37.64	 35.58	 45.68	 36.97	 44.80	 47.75		Ctenosaura_bakeri 14
															  0.00	 45.84	 50.38	 31.94	 32.18	 41.79	 31.72	 10.74	 46.68	 38.27	 30.72	 30.72	 48.55	 41.40	 24.75	 46.80	 50.13	 46.53	 45.25	 44.92	 44.62	 20.30	 19.92	 46.43	 22.43	 31.88	 33.85	 38.90	 42.68	 45.37	 37.12	 21.27	 21.49	 32.87	 36.37	 47.57	 46.97	 38.87	 38.15	 44.59	 34.96	 45.52	 48.75		Cyclura_pinguis 15
																  0.00	 24.37	 51.30	 50.07	 50.17	 49.47	 46.13	 23.44	 57.74	 51.67	 51.12	 24.55	 48.29	 47.49	 26.32	 27.37	 22.88	 23.37	 51.60	 44.71	 48.67	 49.73	 24.74	 44.88	 53.81	 52.98	 50.84	 18.86	 23.91	 48.35	 48.68	 48.40	 47.22	 49.60	 51.95	 25.02	 49.17	 51.29	 12.82	 52.94	 25.07	 25.33		Daboia_siamensis 16
																	  0.00	 45.76	 51.39	 49.20	 46.63	 45.28	 15.92	 52.70	 50.17	 50.20	 24.37	 45.04	 45.21	 25.49	 22.43	 20.75	 20.78	 55.02	 47.91	 47.76	 45.50	 16.95	 44.18	 51.74	 50.35	 53.54	 24.20	 17.31	 46.06	 44.99	 43.74	 45.04	 52.91	 54.59	 13.06	 54.76	 53.81	 24.36	 51.39	 17.25	 17.14		Diadophis_punctatus 17
																		  0.00	 38.05	 46.92	 37.42	 29.94	 47.67	 40.79	 37.34	 36.83	 51.01	 46.58	 32.72	 49.72	 51.75	 48.91	 49.25	 47.92	 42.62	 34.94	 33.28	 48.33	 26.25	 36.83	 38.72	 43.34	 48.30	 48.57	 38.31	 31.74	 33.22	 29.56	 40.75	 50.01	 50.14	 42.83	 42.61	 49.92	 40.54	 46.74	 50.47		Elgaria_multicarinata 18
																			  0.00	 41.06	 38.82	 30.48	 46.99	 41.38	 39.03	 38.29	 54.02	 38.26	 38.00	 47.96	 52.32	 49.88	 47.43	 42.47	 42.00	 34.61	 34.65	 49.55	 30.08	 39.57	 38.62	 41.39	 47.07	 48.49	 39.37	 34.84	 35.18	 36.35	 38.82	 49.55	 51.32	 42.27	 39.84	 46.87	 44.29	 47.47	 52.30		Eublepharis_macularius 19
																				  0.00	 43.39	 37.59	 46.57	 45.97	 44.43	 45.57	 51.48	 23.52	 42.12	 50.58	 53.34	 50.78	 49.53	 39.60	 52.92	 40.95	 41.61	 47.63	 34.81	 45.07	 45.40	 48.25	 47.03	 46.91	 47.72	 39.70	 39.49	 47.50	 35.43	 52.14	 51.61	 49.40	 49.49	 49.18	 49.03	 48.51	 47.56		Gekko_japonicus 20
																					  0.00	 30.46	 44.04	 40.78	 36.63	 36.12	 48.23	 41.74	 32.27	 44.22	 48.73	 45.27	 44.10	 45.85	 40.46	 32.30	 30.59	 50.97	 22.40	 36.90	 37.77	 43.48	 48.07	 46.53	 38.86	 31.29	 30.84	 36.26	 41.35	 44.45	 52.25	 38.90	 39.60	 46.88	 41.55	 45.24	 51.20		Hemicordylus_capensis 21
																						  0.00	 42.33	 35.76	 29.82	 30.77	 46.32	 37.23	 24.76	 42.61	 45.23	 43.82	 42.11	 40.98	 42.10	 17.17	 18.57	 43.48	 19.89	 30.08	 31.27	 39.12	 41.04	 42.08	 31.13	 17.35	 17.36	 30.85	 35.37	 45.54	 45.55	 35.78	 35.93	 43.08	 32.48	 42.22	 44.59		Iguana_delicatissima 22
																							  0.00	 51.34	 48.97	 48.74	 22.14	 44.93	 46.57	 26.80	 23.62	 21.83	 21.27	 54.65	 47.09	 44.78	 46.29	 17.58	 42.81	 50.21	 50.70	 49.67	 20.17	 18.09	 47.70	 43.68	 44.28	 46.85	 48.69	 51.79	 18.43	 49.04	 48.35	 21.01	 53.20	 18.33	 18.33		Imantodes_cenchoa 23
																								  0.00	 21.69	 22.31	 57.00	 44.89	 39.18	 50.68	 58.64	 56.50	 55.82	 48.77	 50.15	 36.14	 38.17	 51.43	 31.41	 26.26	 25.49	 48.77	 52.12	 55.79	 46.22	 36.27	 38.37	 44.35	 43.20	 58.84	 54.67	 47.90	 46.88	 54.19	 27.01	 52.20	 51.73		Lacerta_agilis 24
																									  0.00	  4.08	 51.82	 43.28	 35.85	 45.13	 51.83	 50.11	 49.23	 43.73	 47.36	 31.37	 32.45	 46.95	 29.87	 19.52	 18.08	 47.83	 47.61	 52.28	 42.71	 33.09	 33.83	 38.08	 38.03	 53.90	 49.23	 40.54	 40.82	 48.84	 22.24	 48.23	 48.20		Lacerta_bilineata 25
																										  0.00	 52.86	 44.69	 35.06	 46.03	 52.55	 49.52	 48.95	 44.93	 48.60	 32.29	 32.68	 48.26	 29.51	 20.59	 19.54	 48.85	 48.86	 52.71	 43.39	 33.37	 34.62	 38.37	 39.65	 55.04	 50.51	 42.50	 42.14	 49.79	 23.85	 48.90	 49.49		Lacerta_viridis 26
																											  0.00	 50.32	 48.16	 28.44	 25.63	 16.69	 16.11	 53.99	 48.19	 49.89	 47.25	 24.86	 46.08	 52.61	 51.16	 48.71	 23.73	 22.49	 52.02	 48.39	 47.78	 48.21	 54.37	 52.31	 23.27	 51.07	 53.48	 23.32	 53.87	 23.24	 22.86		Laticauda_colubrina 27
																												  0.00	 41.54	 47.57	 52.51	 45.75	 47.23	 33.60	 52.34	 42.24	 40.91	 46.95	 33.40	 40.57	 43.01	 48.61	 45.37	 44.86	 50.93	 37.66	 37.97	 44.84	 31.62	 47.19	 48.49	 49.82	 46.48	 47.42	 46.06	 42.30	 45.84		Lepidodactylus_listeri 28
																													  0.00	 42.00	 49.62	 48.38	 47.82	 44.53	 44.26	 28.51	 27.21	 45.63	 13.56	 34.95	 35.75	 42.37	 44.52	 46.47	 40.54	 26.56	 26.30	 33.46	 39.87	 48.35	 47.00	 39.31	 39.61	 47.56	 36.53	 46.39	 46.46		Lerista_edwardsae 29
																														  0.00	 30.29	 27.05	 27.07	 51.10	 46.94	 47.62	 46.15	 26.13	 43.76	 46.93	 45.52	 46.93	 25.88	 26.50	 46.56	 45.87	 44.94	 45.02	 51.79	 52.38	 26.85	 50.29	 49.66	 27.22	 50.25	 25.61	 27.66		Morelia_viridis 30
																															  0.00	 23.44	 24.15	 55.19	 50.19	 50.69	 51.59	 23.04	 46.07	 51.92	 52.72	 50.40	 26.21	 22.58	 51.38	 48.53	 48.54	 47.65	 54.99	 54.92	 24.13	 53.26	 54.12	 28.04	 55.90	 21.73	 24.32		Myanophis_thanlyinensis 31
																																  0.00	 13.54	 52.82	 44.94	 46.39	 45.55	 21.31	 45.43	 51.82	 50.96	 51.08	 24.33	 20.30	 51.04	 45.98	 45.94	 49.14	 53.28	 53.24	 23.99	 48.92	 49.21	 23.86	 54.42	 19.12	 22.20		Naja_naja 32
																																	  0.00	 53.48	 42.93	 49.85	 46.67	 20.83	 42.73	 47.78	 48.22	 52.55	 20.15	 19.76	 52.63	 45.47	 43.94	 47.16	 48.16	 53.16	 22.50	 51.68	 50.57	 23.55	 50.95	 21.59	 21.93		Ophiophagus_hannah 33
																																		  0.00	 52.24	 46.62	 45.38	 50.28	 39.92	 42.92	 43.54	 52.16	 49.04	 51.66	 49.51	 43.72	 44.34	 49.50	 37.68	 53.39	 56.61	 52.04	 48.49	 51.96	 49.18	 51.12	 50.83		Paroedura_picta 34
																																			  0.00	 43.56	 45.83	 44.44	 35.36	 48.83	 47.10	 33.91	 42.45	 42.37	 43.90	 45.00	 45.34	 47.66	 51.98	 49.61	 52.49	 45.72	 47.61	 43.31	 50.96	 43.67	 43.86		Phrynocephalus_versicolor 35
																																				  0.00	 10.04	 48.47	 24.60	 32.40	 32.93	 46.42	 45.70	 44.89	 37.14	 17.40	 17.59	 34.92	 40.42	 46.11	 49.33	 39.33	 40.02	 47.09	 34.29	 45.95	 48.62		Phrynosoma_blainvillii 36
																																					  0.00	 47.31	 20.73	 33.58	 33.35	 46.53	 45.71	 44.38	 37.07	 18.24	 17.03	 33.52	 39.37	 46.48	 50.75	 41.59	 41.59	 48.90	 36.03	 44.98	 47.21		Phrynosoma_platyrhinos 37
																																						  0.00	 43.42	 46.30	 46.67	 49.96	 23.33	 13.64	 47.69	 47.93	 44.25	 49.66	 56.42	 51.16	 18.18	 50.52	 47.53	 24.56	 47.34	 19.18	  7.22		Pituophis_catenifer 38
																																							  0.00	 28.56	 28.61	 35.00	 40.25	 43.59	 38.15	 22.52	 21.33	 30.43	 30.92	 41.57	 47.04	 37.02	 35.08	 45.49	 31.98	 41.54	 44.18		Plestiodon_gilberti 39
																																								  0.00	  7.76	 47.66	 44.81	 48.62	 40.99	 33.31	 33.55	 39.55	 39.28	 53.92	 53.79	 43.23	 45.11	 47.32	 21.01	 48.31	 48.05		Podarci_raffonei 40
																																									  0.00	 47.51	 46.35	 48.71	 42.55	 35.10	 34.32	 41.05	 41.53	 51.16	 52.95	 44.10	 43.45	 48.91	 22.26	 48.96	 49.67		Podarcis_muralis 41
																																										  0.00	 46.86	 46.75	 42.37	 44.75	 44.17	 46.43	 47.39	 54.42	 53.66	 45.43	 43.37	 50.03	 51.81	 47.28	 50.02		Pogona_vitticeps 42
																																											  0.00	 22.42	 45.96	 45.71	 46.31	 43.88	 47.58	 51.98	 25.50	 49.12	 50.00	 17.11	 47.40	 25.05	 24.96		Protobothrops_mucrosquamatus 43
																																												  0.00	 47.30	 43.60	 42.41	 45.19	 51.99	 51.42	 19.13	 50.88	 49.89	 24.16	 49.68	 19.16	 12.85		Ptyas_mucosa 44
																																													  0.00	 37.83	 37.84	 39.77	 46.58	 48.43	 49.97	 47.29	 49.53	 46.35	 43.66	 48.27	 48.84		Salvator_merianae 45
																																														  0.00	  7.24	 34.82	 35.14	 49.52	 47.74	 40.99	 43.69	 46.07	 35.30	 43.86	 47.28		Sceloporus_occidentalis 46
																																															  0.00	 32.32	 35.85	 48.92	 46.14	 41.04	 42.10	 47.24	 35.36	 41.11	 45.11		Sceloporus_tristichus 47
																																																  0.00	 42.51	 47.78	 46.88	 41.14	 41.71	 47.69	 38.12	 45.83	 48.70		Shinisaurus_crocodilurus 48
																																																	  0.00	 51.58	 53.25	 47.50	 49.64	 49.99	 45.06	 52.54	 56.04		Sphaerodactylus_townsendi 49
																																																		  0.00	 54.59	 54.55	 56.03	 50.61	 56.62	 51.32	 50.85		Sphenodon_punctatus 50
																																																			  0.00	 54.08	 52.49	 25.24	 50.64	 18.24	 17.56		Thermophis_baileyi 51
																																																				  0.00	 17.68	 46.61	 46.40	 48.88	 51.46		Varanus_komodoensis 52
																																																					  0.00	 50.79	 47.44	 48.95	 50.47		Varanus_salvator 53
																																																						  0.00	 50.76	 22.74	 25.45		Vipera_latastei 54
																																																							  0.00	 50.84	 49.46		Zootaca_vivipara 55
																																																								  0.00	 19.23		Thamnophis_elegans 56
																																																									  0.00		Pantherophis_guttatus 57
