Distance Matrix
---------------

Using the Tamura correction method
Using base positions 12 in the codon
Gap weighting is 0.000000

	    1	    2	    3	    4	    5	    6	    7	    8	    9	    10	    11	    12	    13	    14	    15	    16	    17	    18	    19	    20	    21	    22	    23	    24	    25	    26	    27	    28	    29	    30	    31	    32	    33	    34	    35	    36	    37	    38	    39	    40	    41	    42	    43	    44	    45	    46	    47	    48	    49	    50	    51	    52	    53	    54	    55	    56	    57
	  0.00	 33.35	 32.51	 14.69	 34.94	 35.69	 15.10	 19.69	 17.69	 17.00	 12.40	 98.87	 30.79	 24.21	 29.38	 19.43	 15.61	 32.48	 35.29	 33.26	 30.85	 27.88	 17.31	 35.90	 33.00	 32.81	 17.50	 32.71	 29.39	  7.02	 18.77	 15.82	 15.71	 35.39	 36.73	 28.79	 29.02	 16.43	 92.69	 33.12	 34.28	 39.70	 14.70	 16.27	 35.37	 28.23	 28.06	 32.87	 36.11	 37.54	 16.59	 35.28	 34.07	 16.19	 36.18	 17.83	 15.14		Python_bivittatus 1
		  0.00	 16.24	 36.61	 33.30	 33.10	 37.35	 37.98	 36.87	 37.17	 32.68	120.77	 24.50	 19.06	 21.49	 36.52	 38.18	 26.20	 31.54	 32.03	 29.87	 21.66	 38.20	 29.82	 28.10	 28.10	 36.76	 30.98	 23.80	 32.65	 38.57	 36.55	 34.69	 35.07	 33.59	 18.96	 18.85	 35.71	 95.87	 26.29	 26.78	 35.53	 36.39	 36.41	 32.36	 20.16	 20.29	 25.70	 33.43	 34.25	 37.28	 29.04	 30.15	 32.02	 28.68	 36.10	 36.29		Anolis_carolinensis 2
			  0.00	 32.69	 31.81	 31.61	 34.65	 35.36	 35.53	 33.48	 32.14	 91.23	 23.46	 17.19	 19.79	 36.24	 35.28	 24.39	 29.88	 29.97	 24.73	 19.52	 35.25	 29.63	 27.73	 27.88	 33.95	 30.07	 22.58	 32.34	 34.88	 34.57	 32.50	 30.32	 33.06	 17.39	 18.49	 34.29	 83.54	 27.23	 27.42	 33.50	 34.21	 35.28	 32.59	 19.39	 19.22	 26.34	 30.48	 31.63	 34.25	 28.73	 28.60	 33.65	 27.88	 36.14	 33.72		Anolis_sagrei 3
				  0.00	 37.06	 38.03	 13.12	 16.68	 14.06	 15.62	 16.41	103.38	 33.47	 27.21	 31.17	 16.53	 11.54	 31.25	 40.65	 36.53	 31.14	 31.34	 12.82	 37.39	 33.16	 34.64	 17.76	 36.70	 31.70	 16.30	 14.17	 13.66	 12.45	 39.11	 39.47	 33.23	 33.50	  6.66	 87.11	 33.84	 34.56	 41.18	 13.65	  8.45	 36.79	 31.07	 31.58	 33.48	 38.56	 39.53	 10.88	 36.33	 35.47	 14.20	 38.02	 14.85	  5.55		Arizona_elegans 4
					  0.00	  3.38	 35.82	 39.49	 37.89	 39.00	 36.76	113.93	 28.92	 29.36	 31.60	 37.71	 39.64	 29.04	 34.40	 31.83	 27.99	 30.80	 39.68	 33.65	 30.98	 31.85	 38.55	 33.22	 28.45	 35.89	 36.60	 38.28	 36.98	 35.31	 35.97	 31.10	 32.99	 37.02	 93.00	 30.89	 31.96	 38.92	 36.95	 38.30	 13.55	 31.90	 32.81	 30.54	 35.86	 36.41	 37.30	 32.31	 32.97	 36.04	 30.81	 38.39	 36.69		Aspidocelis_tigris 5
						  0.00	 36.41	 40.29	 38.67	 40.46	 37.36	113.50	 29.61	 29.16	 31.24	 38.32	 39.61	 30.43	 33.84	 32.19	 27.31	 30.09	 40.12	 33.63	 31.33	 32.20	 39.34	 34.34	 29.32	 36.09	 37.57	 39.26	 38.35	 34.94	 35.98	 30.90	 32.78	 38.81	 93.00	 30.69	 31.58	 39.31	 37.32	 38.68	 13.42	 32.25	 33.54	 31.07	 36.41	 36.97	 37.47	 33.21	 32.22	 36.71	 31.33	 38.99	 37.87		Aspidoscelis_marmoratus 6
							  0.00	 19.47	  9.97	 16.59	 16.60	118.66	 33.35	 26.99	 32.86	 13.13	 15.13	 31.48	 37.89	 33.96	 31.31	 30.78	 16.56	 37.36	 34.48	 35.04	 17.38	 34.29	 32.87	 16.28	 17.14	 16.68	 15.03	 35.96	 39.96	 33.15	 33.23	 14.79	 99.37	 33.78	 34.68	 42.15	  8.16	 15.25	 36.63	 32.81	 33.15	 33.66	 37.30	 38.99	 15.24	 35.15	 35.76	 12.44	 38.05	 16.34	 14.38		Azemiops_feae 7
								  0.00	 18.53	 19.02	 20.02	110.56	 35.99	 32.17	 34.52	 19.10	 16.11	 36.48	 40.14	 39.40	 36.51	 33.95	 16.31	 39.24	 38.17	 38.96	 21.93	 37.61	 34.93	 18.94	 16.40	 16.82	 17.58	 42.03	 42.36	 35.40	 35.97	 15.26	 98.10	 37.23	 37.82	 42.50	 18.25	 17.82	 39.07	 33.82	 33.63	 34.94	 39.53	 41.56	 15.33	 37.45	 37.98	 15.87	 40.84	 14.52	 16.27		Boaedon_fuliginosus 8
									  0.00	 17.99	 17.40	 98.00	 33.90	 28.56	 32.11	 12.98	 14.11	 32.98	 39.60	 35.31	 32.82	 31.64	 15.52	 36.74	 35.41	 35.59	 19.55	 35.22	 34.16	 17.27	 16.21	 16.64	 15.54	 37.16	 37.88	 35.28	 35.20	 15.18	 94.78	 35.61	 36.58	 40.18	  7.14	 16.04	 36.41	 34.33	 33.95	 35.64	 39.03	 40.06	 14.35	 36.44	 37.30	 12.08	 39.78	 17.21	 14.34		Bothrops_jararaca 9
										  0.00	 17.70	117.78	 33.47	 29.02	 33.72	 19.02	 16.86	 33.12	 39.06	 36.21	 34.80	 32.77	 16.55	 36.76	 36.18	 35.98	 13.33	 34.93	 32.50	 17.95	 15.83	 10.64	  9.60	 37.64	 39.03	 32.67	 32.60	 17.55	 92.08	 35.56	 36.94	 43.80	 15.29	 17.10	 39.24	 33.00	 33.15	 34.49	 39.00	 40.37	 16.09	 35.53	 36.41	 17.03	 38.84	 18.12	 16.42		Bungarus_multicintus 10
											  0.00	104.91	 29.59	 26.65	 30.96	 18.51	 18.52	 31.55	 36.54	 34.29	 31.02	 29.21	 17.90	 34.72	 31.88	 32.23	 19.41	 33.36	 29.78	 12.06	 19.51	 19.51	 17.42	 37.55	 36.47	 31.84	 31.74	 17.16	 88.75	 31.62	 33.29	 38.92	 15.12	 18.04	 34.36	 29.72	 29.74	 33.07	 35.00	 36.87	 17.43	 34.53	 34.95	 17.47	 35.28	 19.37	 17.14		Charina_bottae 11
												  0.00	136.27	109.78	109.65	108.26	102.88	112.63	127.34	114.03	134.62	 98.63	101.45	120.42	111.41	110.96	111.16	 90.91	142.47	109.07	105.96	 98.40	111.14	116.49	104.71	110.20	111.98	110.39	 47.95	126.09	119.55	105.79	 98.61	139.54	127.32	131.94	122.74	107.25	117.73	133.38	100.26	111.61	132.38	 74.56	118.09	114.74	110.42		Crotalus_tigris 12
													  0.00	 20.06	 21.89	 33.03	 34.32	 24.45	 31.41	 28.55	 24.55	 21.21	 33.15	 27.60	 26.18	 26.17	 36.89	 27.26	 17.42	 30.88	 34.08	 33.79	 33.38	 32.39	 34.08	 21.99	 22.49	 32.26	103.57	 24.43	 26.21	 35.72	 33.28	 34.99	 30.90	 20.57	 21.16	 26.24	 32.41	 31.78	 32.61	 30.13	 30.82	 31.65	 27.49	 31.43	 32.26		Cryptoblepharus_egeriae 13
														  0.00	  7.72	 30.16	 29.20	 21.12	 25.15	 28.20	 22.90	  5.71	 29.37	 24.85	 24.37	 23.29	 30.25	 24.81	 19.19	 26.31	 31.08	 28.23	 27.55	 27.81	 30.81	 12.64	 13.54	 28.16	 78.50	 23.82	 25.79	 29.98	 27.00	 30.55	 26.98	 12.04	 13.21	 21.95	 26.75	 28.58	 28.48	 27.52	 26.10	 27.65	 27.43	 29.03	 28.37		Ctenosaura_bakeri 14
															  0.00	 34.97	 31.91	 25.14	 30.00	 30.81	 27.37	  8.39	 32.95	 27.98	 27.65	 26.78	 32.54	 27.23	 22.19	 29.91	 33.89	 31.29	 29.26	 32.53	 32.00	 16.76	 16.89	 30.50	 94.42	 27.43	 28.48	 34.82	 30.20	 33.53	 28.60	 16.01	 16.42	 25.17	 30.45	 32.16	 29.59	 29.86	 28.01	 29.91	 30.45	 32.35	 30.88		Cyclura_pinguis 15
																  0.00	 17.21	 33.83	 39.27	 35.99	 34.21	 33.71	 18.34	 41.04	 37.94	 37.93	 21.09	 37.11	 34.51	 20.08	 17.06	 18.97	 17.41	 39.57	 40.34	 34.85	 36.51	 15.80	 85.42	 35.92	 37.12	 42.80	 13.42	 16.85	 38.31	 35.55	 36.10	 33.54	 38.37	 37.39	 17.18	 38.52	 38.84	  7.47	 40.76	 18.05	 16.40		Daboia_siamensis 16
																	  0.00	 34.87	 43.70	 36.15	 31.55	 31.70	  9.74	 40.70	 36.03	 37.01	 18.11	 37.31	 31.90	 16.63	 13.66	 12.48	 11.10	 38.48	 37.89	 34.16	 34.64	 13.11	116.67	 36.53	 36.95	 41.83	 13.40	 12.75	 37.04	 32.77	 33.67	 35.22	 37.68	 41.35	  8.70	 36.29	 37.78	 15.15	 39.01	 13.04	 11.59		Diadophis_punctatus 17
																		  0.00	 31.25	 31.92	 28.82	 22.21	 35.22	 29.29	 29.65	 30.17	 33.47	 31.32	 24.43	 31.55	 35.79	 33.34	 32.44	 33.08	 33.12	 23.32	 24.48	 32.28	 96.94	 29.06	 29.96	 34.88	 30.32	 33.40	 30.52	 24.56	 24.39	 21.69	 32.20	 33.20	 32.29	 25.73	 23.87	 31.53	 29.07	 33.66	 32.31		Elgaria_multicarinata 18
																			  0.00	 30.40	 33.96	 27.47	 41.65	 35.22	 33.09	 32.18	 39.79	 27.54	 32.33	 36.75	 41.70	 39.92	 40.09	 33.40	 35.52	 30.17	 28.96	 39.47	 91.71	 31.54	 33.00	 36.53	 37.68	 40.01	 33.00	 29.87	 29.34	 29.95	 31.23	 34.91	 40.47	 34.10	 33.62	 34.74	 33.87	 38.73	 40.91		Eublepharis_macularius 19
																				  0.00	 29.65	 29.74	 38.67	 30.72	 30.94	 31.09	 39.52	 18.59	 28.40	 34.59	 35.54	 37.57	 37.44	 28.57	 36.33	 30.05	 30.09	 37.49	110.73	 29.61	 30.34	 38.99	 33.61	 36.72	 32.57	 29.36	 29.93	 29.98	 26.05	 36.85	 37.52	 33.36	 34.55	 34.26	 33.02	 35.77	 37.32		Gekko_japonicus 20
																					  0.00	 25.41	 32.41	 30.37	 26.62	 26.95	 34.10	 28.41	 23.96	 30.54	 32.57	 32.73	 31.80	 30.44	 33.21	 25.36	 24.87	 32.10	100.00	 27.85	 28.57	 35.11	 31.31	 33.50	 30.00	 27.30	 28.36	 28.49	 29.00	 33.04	 34.01	 32.49	 31.35	 30.80	 28.76	 33.61	 30.84		Hemicordylus_capensis 21
																						  0.00	 32.73	 25.52	 25.68	 25.49	 33.38	 27.67	 21.63	 29.07	 33.50	 31.42	 31.16	 28.76	 31.31	 14.20	 14.22	 31.03	 80.50	 24.54	 26.89	 33.20	 29.06	 33.72	 27.93	 13.35	 13.76	 24.07	 27.14	 30.78	 30.99	 27.52	 26.56	 29.35	 28.07	 32.14	 31.61		Iguana_delicatissima 22
																							  0.00	 37.83	 35.27	 35.45	 17.94	 35.76	 32.98	 18.86	 14.93	 14.10	 13.29	 40.02	 38.96	 34.48	 33.64	 13.10	103.37	 36.53	 37.13	 41.68	 15.25	 13.75	 37.54	 32.99	 33.52	 35.49	 39.41	 40.14	 10.28	 35.61	 36.31	 16.58	 40.50	 13.01	 11.60		Imantodes_cenchoa 23
																								  0.00	 13.34	 12.48	 38.98	 31.09	 27.93	 37.08	 38.99	 38.34	 38.11	 36.90	 35.47	 27.51	 26.16	 37.23	 95.00	 14.83	 15.86	 39.50	 35.91	 38.41	 33.07	 27.63	 26.95	 27.82	 33.12	 34.40	 36.84	 33.58	 34.28	 37.22	 16.58	 37.18	 38.28		Lacerta_agilis 24
																									  0.00	  3.37	 38.18	 31.36	 25.52	 33.91	 36.96	 38.04	 34.50	 36.46	 34.54	 27.68	 26.81	 33.95	 96.29	 12.78	 13.61	 38.05	 33.89	 35.82	 32.56	 26.15	 27.31	 27.51	 32.92	 35.24	 35.05	 31.90	 32.12	 34.58	 15.08	 35.85	 34.73		Lacerta_bilineata 25
																										  0.00	 38.57	 30.43	 26.02	 34.28	 37.75	 37.63	 34.50	 37.21	 34.15	 27.14	 26.79	 34.51	 96.27	 13.20	 13.18	 38.85	 34.44	 35.81	 32.94	 26.29	 27.11	 27.02	 32.74	 35.20	 35.05	 32.79	 32.82	 34.16	 15.23	 35.84	 35.11		Lacerta_viridis 26
																											  0.00	 38.96	 33.96	 18.25	 18.44	 11.78	 11.01	 36.32	 41.71	 34.99	 34.69	 18.85	104.45	 38.55	 39.74	 44.01	 18.28	 20.10	 39.07	 34.92	 36.24	 36.29	 40.51	 41.83	 17.51	 35.86	 37.29	 18.33	 43.18	 19.72	 17.35		Laticauda_colubrina 27
																												  0.00	 26.76	 34.06	 36.35	 37.25	 36.76	 30.38	 34.24	 29.47	 31.28	 36.51	 93.38	 29.82	 30.02	 34.58	 33.57	 36.93	 31.57	 28.03	 28.20	 26.57	 27.59	 37.73	 36.15	 33.69	 34.15	 34.41	 30.73	 34.34	 35.22		Lepidodactylus_listeri 28
																													  0.00	 29.60	 34.10	 33.71	 32.22	 33.68	 30.96	 21.09	 22.85	 31.70	114.50	 22.06	 23.62	 35.40	 31.80	 31.73	 29.51	 20.71	 20.85	 23.90	 29.99	 29.29	 32.63	 28.39	 27.59	 32.91	 27.73	 32.29	 30.85		Lerista_edwardsae 29
																														  0.00	 18.94	 16.45	 16.15	 35.25	 37.69	 29.65	 29.04	 16.04	 94.44	 32.98	 33.53	 40.89	 15.87	 17.33	 33.57	 28.95	 28.60	 33.44	 36.69	 39.55	 17.49	 34.56	 33.91	 17.17	 37.11	 18.30	 16.05		Morelia_viridis 30
																															  0.00	 15.82	 14.45	 38.00	 38.62	 36.37	 35.87	 13.49	 87.11	 36.63	 38.18	 42.77	 15.25	 15.02	 36.73	 34.61	 35.53	 34.50	 38.23	 40.91	 13.22	 37.12	 39.04	 15.73	 40.20	 16.14	 12.40		Myanophis_thanlyinensis 31
																																  0.00	  8.79	 35.19	 39.89	 32.96	 32.70	 14.42	 94.98	 36.74	 37.92	 43.52	 16.09	 16.36	 36.70	 32.22	 33.86	 33.54	 37.98	 43.14	 12.70	 37.80	 36.96	 17.17	 40.14	 15.68	 13.99		Naja_naja 32
																																	  0.00	 37.20	 38.35	 32.04	 31.56	 13.70	100.40	 34.02	 34.55	 42.60	 13.62	 14.44	 37.03	 31.34	 32.59	 32.79	 39.61	 40.80	 11.64	 35.50	 36.01	 15.79	 38.71	 14.27	 12.75		Ophiophagus_hannah 33
																																		  0.00	 37.05	 31.43	 30.75	 38.09	106.51	 36.89	 38.80	 41.59	 35.69	 39.36	 35.86	 29.93	 30.28	 35.29	 31.90	 41.42	 39.48	 37.32	 39.14	 32.67	 39.11	 37.17	 38.61		Paroedura_picta 34
																																			  0.00	 32.05	 33.21	 39.24	108.21	 35.63	 35.91	 32.38	 37.80	 40.64	 36.18	 32.31	 33.60	 33.63	 37.67	 37.74	 39.02	 35.52	 33.76	 35.29	 35.94	 37.79	 40.27		Phrynocephalus_versicolor 35
																																				  0.00	  6.55	 34.03	 90.95	 25.19	 25.85	 37.34	 32.77	 35.85	 30.80	 11.25	 11.78	 24.65	 31.07	 32.19	 33.20	 29.99	 29.02	 30.36	 26.74	 31.78	 32.77		Phrynosoma_blainvillii 36
																																					  0.00	 33.74	 85.88	 25.69	 26.36	 37.49	 32.84	 34.73	 31.87	 12.89	 12.73	 24.38	 30.33	 31.47	 33.47	 29.70	 28.74	 31.84	 27.55	 32.60	 32.86		Phrynosoma_platyrhinos 37
																																						  0.00	102.01	 32.91	 34.76	 41.27	 14.79	 10.28	 36.77	 31.31	 31.64	 31.85	 38.36	 37.34	 11.96	 37.88	 37.01	 14.67	 38.85	 14.69	  4.80		Pituophis_catenifer 38
																																							  0.00	100.81	100.08	 90.51	 89.90	 88.67	 93.66	100.03	102.74	 91.47	 84.88	111.82	 96.24	 86.84	 96.62	 71.66	 95.07	 90.84	 93.86		Plestiodon_gilberti 39
																																								  0.00	  4.81	 36.69	 34.04	 34.44	 30.88	 24.07	 24.37	 25.88	 32.28	 34.12	 34.83	 32.79	 31.93	 34.44	 14.49	 35.23	 33.90		Podarci_raffonei 40
																																									  0.00	 36.91	 34.95	 36.34	 31.44	 25.51	 25.82	 27.43	 34.48	 36.03	 36.34	 33.89	 33.76	 37.02	 15.39	 35.66	 34.24		Podarcis_muralis 41
																																										  0.00	 39.51	 42.24	 37.48	 39.19	 38.41	 37.58	 37.54	 41.17	 44.22	 39.21	 36.04	 40.71	 38.27	 43.04	 42.07		Pogona_vitticeps 42
																																											  0.00	 15.22	 36.01	 32.77	 32.21	 34.38	 36.73	 37.31	 12.71	 35.69	 35.94	 11.52	 38.81	 16.81	 13.52		Protobothrops_mucrosquamatus 43
																																												  0.00	 38.03	 34.33	 33.72	 35.00	 38.61	 38.62	 11.96	 38.20	 36.77	 14.84	 39.04	 15.75	  7.82		Ptyas_mucosa 44
																																													  0.00	 32.14	 32.75	 30.92	 36.53	 36.41	 35.99	 32.12	 31.60	 33.86	 33.41	 37.46	 36.63		Salvator_merianae 45
																																														  0.00	  3.97	 23.03	 30.04	 30.95	 31.92	 26.82	 27.49	 30.51	 27.22	 32.21	 30.94		Sceloporus_occidentalis 46
																																															  0.00	 23.32	 31.29	 32.19	 33.19	 26.65	 28.32	 29.90	 27.56	 32.37	 31.83		Sceloporus_tristichus 47
																																																  0.00	 31.06	 33.78	 32.99	 26.81	 25.04	 31.24	 29.01	 30.83	 32.60		Shinisaurus_crocodilurus 48
																																																	  0.00	 39.75	 39.62	 34.13	 33.64	 35.31	 34.10	 37.34	 39.20		Sphaerodactylus_townsendi 49
																																																		  0.00	 40.74	 35.33	 35.11	 32.59	 35.45	 40.61	 36.78		Sphenodon_punctatus 50
																																																			  0.00	 36.72	 35.09	 13.89	 40.25	 13.15	  9.97		Thermophis_baileyi 51
																																																				  0.00	 11.20	 35.18	 33.40	 34.73	 37.67		Varanus_komodoensis 52
																																																					  0.00	 35.68	 33.65	 36.33	 36.61		Varanus_salvator 53
																																																						  0.00	 37.80	 14.87	 15.00		Vipera_latastei 54
																																																							  0.00	 37.35	 38.73		Zootaca_vivipara 55
																																																								  0.00	 14.44		Thamnophis_elegans 56
																																																									  0.00		Pantherophis_guttatus 57
