Distance Matrix
---------------

Using the Tamura correction method
Using base positions 12 in the codon
Gap weighting is 0.000000

	    1	    2	    3	    4	    5	    6	    7	    8	    9	    10	    11	    12	    13	    14	    15	    16	    17	    18	    19	    20	    21	    22	    23	    24	    25	    26	    27	    28	    29	    30	    31	    32	    33	    34	    35	    36	    37	    38	    39	    40	    41	    42	    43	    44	    45	    46	    47	    48	    49	    50	    51	    52	    53	    54	    55	    56	    57
	  0.00	 92.00	 98.90	 56.52	108.60	109.20	 77.90	110.90	 65.70	 84.10	 59.11	 71.98	 93.05	 86.55	 88.89	 65.81	 64.13	100.13	105.17	117.18	 74.31	103.84	 67.83	119.83	105.00	117.12	 86.37	103.33	 95.41	 24.37	 84.46	 79.66	 73.50	134.70	 79.79	 88.55	101.83	 69.74	 94.45	 99.90	 91.35	120.89	 71.73	 54.64	 94.97	112.60	 99.30	107.10	 84.81	140.78	 85.94	100.73	109.21	 29.66	 87.43	 85.56	 58.79		Python_bivittatus 1
		  0.00	 32.50	 87.58	 41.92	 45.75	103.07	 77.82	108.17	 82.33	121.83	 95.13	 50.75	 34.85	 39.71	 97.29	 82.63	 56.88	 57.13	 73.98	 63.63	 39.76	 70.93	 36.55	 44.60	 42.88	 84.95	 84.67	 53.11	 86.35	 80.86	 76.27	 80.25	 68.06	 56.25	 36.83	 34.07	 78.69	 64.53	 45.11	 45.50	 69.55	 95.85	 95.79	 47.78	 44.07	 51.03	 52.74	 72.81	 69.55	 94.15	 52.79	 48.74	 35.40	 50.97	108.35	 96.32		Anolis_carolinensis 2
			  0.00	108.96	 49.79	 47.80	100.54	 88.72	166.37	100.89	129.59	130.19	 56.93	 40.66	 38.54	110.62	112.81	 56.73	 63.03	 76.79	 84.86	 42.01	 91.73	 49.36	 52.52	 54.75	 78.39	 80.05	 49.14	146.50	 98.64	 82.55	106.34	 81.85	 65.64	 49.34	 38.13	130.03	 53.22	 55.02	 53.60	 64.79	150.99	 83.02	 58.68	 45.06	 47.79	 61.72	 79.59	 71.61	117.71	 48.89	 56.07	 43.68	 57.93	 95.03	106.70		Anolis_sagrei 3
				  0.00	 91.94	 92.23	 49.62	 58.63	 46.73	 40.67	 70.32	 38.56	 80.02	101.83	 93.65	 59.03	 34.36	116.32	126.26	 90.46	103.57	111.15	 36.30	111.22	 94.65	 98.86	 56.97	119.78	114.25	 59.04	 47.64	 55.21	 39.03	115.32	 97.79	 95.53	105.77	 26.56	109.52	 93.97	 99.85	 92.02	 41.88	 26.73	 95.17	117.47	104.96	101.38	 89.24	103.32	 43.64	121.27	124.56	 19.51	133.16	 60.81	 25.57		Arizona_elegans 4
					  0.00	  3.20	 83.07	 60.99	 79.20	 90.41	 95.16	 63.19	 51.37	 43.67	 45.73	 93.22	 70.97	 64.99	 58.35	 67.51	 61.52	 51.47	 85.82	 46.35	 51.10	 57.72	 83.15	 77.59	 52.27	101.08	 74.35	 74.36	 71.03	 56.71	 56.34	 45.90	 44.37	 84.62	 56.78	 47.80	 51.96	 61.25	 71.89	 97.30	 15.18	 40.17	 45.69	 36.60	 56.76	 61.16	 82.43	 67.87	 63.56	 41.09	 51.80	 96.72	 95.50		Aspidocelis_tigris 5
						  0.00	 86.94	 69.34	 82.66	 94.86	 95.27	 68.68	 55.78	 47.53	 47.81	 89.89	 73.70	 67.69	 60.66	 67.55	 67.67	 53.62	 93.43	 46.38	 49.13	 55.53	 80.15	 85.37	 57.21	107.48	 74.57	 79.54	 73.78	 56.74	 61.48	 50.21	 44.43	 92.75	 62.12	 49.71	 50.02	 66.45	 75.35	 97.80	 17.92	 43.77	 49.85	 40.12	 54.31	 63.56	 88.68	 70.44	 65.81	 43.04	 56.33	 92.87	100.20		Aspidoscelis_marmoratus 6
							  0.00	 48.35	 44.42	 51.88	 54.37	 31.97	 99.28	 86.78	 74.12	 39.41	 36.60	 82.78	 97.36	 91.60	100.92	 82.99	 32.43	124.53	104.91	114.82	 57.67	 96.65	 80.19	 53.42	 40.27	 48.26	 41.94	110.72	 65.24	 75.13	 73.37	 40.29	 88.83	100.13	 99.03	 80.89	 34.72	 36.62	102.52	 83.57	 97.77	 96.00	 95.40	 99.45	 38.40	 96.23	123.39	 14.24	115.51	 59.39	 37.52		Azemiops_feae 7
								  0.00	 67.42	 39.13	 59.73	 47.74	 94.88	 74.79	 77.50	 58.75	 50.53	100.01	102.47	 85.87	 88.26	 81.05	 40.83	 67.03	 84.82	 78.80	 57.43	103.31	 70.49	 65.79	 36.05	 49.94	 50.09	103.06	 52.33	 72.70	 69.03	 41.79	 96.28	 67.04	 87.62	 90.94	 66.07	 44.46	 59.41	 69.73	 78.50	 72.18	 85.37	102.61	 42.27	 81.05	101.58	 22.56	 88.45	 41.38	 41.85		Boaedon_fuliginosus 8
									  0.00	 64.02	 46.93	 31.78	 90.76	110.68	 98.63	 45.69	 34.88	 83.40	 85.41	124.67	108.01	106.25	 45.58	121.51	128.81	135.39	 75.62	 81.99	 92.69	 55.57	 51.21	 63.14	 51.69	 99.44	100.26	111.96	108.49	 45.57	105.94	110.89	113.12	 86.38	 16.62	 47.67	 88.91	104.16	133.39	 91.64	 96.85	101.16	 45.33	112.44	111.63	 19.44	125.64	 67.44	 44.69		Bothrops_jararaca 9
										  0.00	 57.31	 55.69	 74.19	 93.03	100.48	 58.48	 44.77	 98.98	 95.85	 95.79	 81.42	 96.75	 40.95	 98.47	115.79	107.31	 34.86	136.95	 93.71	 61.68	 44.47	 33.31	 24.44	108.87	 68.47	 89.38	 84.26	 36.92	101.74	 83.46	 98.08	 70.12	 61.93	 35.62	 75.08	 89.65	100.17	 95.23	 88.21	 88.04	 44.36	 83.80	 80.27	 18.26	119.42	 44.93	 37.85		Bungarus_multicintus 10
											  0.00	 51.31	100.98	 94.73	106.50	 62.47	 45.24	 75.15	 91.90	139.95	 87.45	106.80	 49.41	117.71	143.42	115.39	 69.92	121.24	101.94	 48.60	 66.41	 70.01	 53.94	 97.95	 74.65	109.20	111.86	 55.56	112.85	 94.86	104.61	108.69	 50.86	 59.78	 85.60	 92.62	111.18	122.42	 87.14	114.12	 58.36	 98.99	 91.64	 22.08	119.96	 64.60	 51.66		Charina_bottae 11
												  0.00	 87.89	109.71	 85.56	 53.93	 37.13	 78.89	 94.74	 95.05	 94.30	 85.56	 39.16	114.61	106.72	118.12	 77.05	 92.43	 86.63	 56.43	 43.95	 59.47	 51.68	104.94	 76.78	101.68	 98.60	 35.75	 97.74	100.52	102.90	 90.42	 25.05	 42.67	 86.22	109.70	118.41	 92.16	102.47	110.22	 40.68	112.80	112.71	 18.04	139.53	 73.07	 33.03		Crotalus_tigris 12
													  0.00	 58.62	 67.86	111.10	 84.55	 65.82	 60.92	 71.33	 84.76	 58.60	 88.13	 59.16	 70.38	 73.62	 88.58	 75.48	 59.42	117.93	 95.59	 78.61	 70.63	 65.59	 85.17	 65.69	 71.48	 74.32	 56.72	 43.03	 48.91	 55.30	 78.66	 86.81	 53.96	 69.18	 68.77	 46.66	 61.24	 71.83	 97.76	 50.63	 68.34	 31.67	 57.14	119.07	 74.58		Cryptoblepharus_egeriae 13
														  0.00	 23.04	 84.02	 92.18	 54.47	 59.03	 63.33	 70.82	 16.62	 82.40	 38.07	 42.68	 46.49	 82.89	 65.34	 41.73	 96.35	 96.64	 71.14	 76.91	 75.69	 61.34	 35.12	 35.91	 87.26	 62.98	 41.41	 51.20	 71.79	105.40	102.87	 47.63	 38.42	 40.06	 56.80	 61.60	 80.97	 98.57	 63.54	 52.55	 39.27	 48.81	102.79	 91.65		Ctenosaura_bakeri 14
															  0.00	 80.12	 88.45	 46.63	 46.83	 63.22	 65.73	 16.59	 99.49	 43.19	 44.46	 44.41	 73.88	 73.28	 43.45	 89.83	 80.06	 71.54	 81.10	 54.47	 61.34	 38.47	 36.98	 87.77	 48.71	 46.75	 51.01	 64.72	 85.65	 84.99	 51.81	 36.52	 45.21	 59.58	 71.20	 69.34	 89.43	 70.76	 56.68	 35.71	 52.79	104.48	 78.62		Cyclura_pinguis 15
																  0.00	 49.20	105.81	 94.48	102.99	 90.85	100.74	 48.09	106.51	 93.60	101.88	 71.48	107.08	 74.63	 54.08	 56.72	 61.82	 57.21	120.82	 62.75	 90.69	 81.79	 53.91	107.06	104.62	112.76	 84.49	 49.69	 61.54	 94.03	 95.99	107.47	 96.62	 73.85	102.77	 55.28	104.28	 92.78	 19.86	124.34	 81.85	 54.82		Daboia_siamensis 16
																	  0.00	 92.98	119.41	 88.33	 93.29	 95.18	 27.60	100.19	113.52	115.19	 62.67	107.34	 96.22	 45.80	 36.69	 50.74	 35.34	 81.81	 81.09	 80.07	 77.74	 32.07	 92.40	 85.41	 90.74	 81.66	 34.95	 34.00	 82.50	 94.33	105.39	 79.18	 97.41	 93.24	 24.72	 95.53	 95.71	 16.72	124.53	 55.44	 34.41		Diadophis_punctatus 17
																		  0.00	 63.31	 81.37	 71.70	 46.67	 86.94	 66.20	 65.57	 62.93	 73.48	 72.81	 52.67	 85.15	 88.62	 67.24	 83.83	 78.61	 71.47	 57.47	 51.08	 80.64	 61.48	 54.46	 59.18	 70.31	 86.85	 90.29	 64.77	 43.69	 55.08	 61.04	 94.37	 90.29	123.91	 62.30	 49.23	 35.46	 63.35	138.99	 88.64		Elgaria_multicarinata 18
																			  0.00	 71.15	 77.16	 56.77	135.94	 55.25	 52.33	 50.33	117.30	 73.53	 48.97	120.23	123.81	100.81	 88.91	 52.54	 66.53	 66.67	 66.97	113.33	 61.42	 59.10	 57.49	 69.60	 94.36	113.87	 61.00	 64.12	 72.01	 66.16	 70.25	 78.58	142.17	 50.98	 54.78	 33.35	 53.07	133.47	110.63		Eublepharis_macularius 19
																				  0.00	 81.96	 70.43	 95.26	 73.11	 60.66	 66.04	 96.94	 65.34	 63.47	 88.92	104.42	 98.42	 76.98	 89.80	 85.09	 68.32	 56.95	 80.49	 81.56	 67.39	 89.52	 66.66	106.84	 87.34	 71.02	 68.13	 68.25	 58.78	 61.26	 64.12	 88.04	 76.11	 73.13	 44.34	 76.87	 91.39	 81.01		Gekko_japonicus 20
																					  0.00	 85.32	 80.32	 68.88	 82.74	 76.90	 71.93	 70.70	 75.60	 69.75	 95.47	 68.28	 69.02	 79.42	 66.36	 77.50	 69.37	 97.45	 67.41	 65.80	 71.33	 74.78	 89.50	 97.46	 49.33	 65.98	 90.08	 58.02	 56.51	 97.45	104.25	 54.29	 54.58	 28.45	 72.32	 93.05	111.18		Hemicordylus_capensis 21
																						  0.00	100.51	 47.00	 47.11	 49.03	 82.71	 85.85	 41.70	106.07	 85.96	 74.34	 82.97	 72.98	 66.65	 33.74	 34.06	 83.78	 55.36	 43.08	 48.83	 64.44	 95.41	 90.89	 57.97	 30.56	 38.59	 63.45	 72.81	 72.39	 94.96	 61.04	 52.51	 35.32	 52.81	 99.10	 87.50		Iguana_delicatissima 22
																							  0.00	105.29	109.39	101.30	 53.34	 95.02	 80.03	 55.28	 38.75	 40.37	 43.19	 85.88	 63.19	 90.07	 78.34	 25.60	 94.28	 89.17	 91.71	 80.78	 47.04	 42.50	 89.93	104.92	111.77	 79.43	101.23	109.60	 30.68	 85.97	 82.85	 19.71	112.65	 54.66	 36.43		Imantodes_cenchoa 23
																								  0.00	 20.38	 16.28	 99.34	 76.58	 57.78	106.56	 91.74	 97.63	 93.51	 70.58	 61.88	 47.17	 47.29	 96.18	 68.62	 22.61	 28.84	 72.57	118.96	114.64	 46.78	 52.89	 57.13	 52.77	 65.41	 77.75	107.33	 45.05	 52.98	 35.87	 29.36	112.74	113.54		Lacerta_agilis 24
																									  0.00	  5.29	125.92	 60.15	 50.61	 83.46	110.62	101.77	 90.41	 75.73	 59.09	 52.38	 48.81	105.34	 60.79	 27.01	 31.84	 75.01	130.76	108.91	 57.78	 56.96	 59.11	 52.10	 64.96	 83.17	138.27	 60.92	 63.22	 38.46	 32.73	169.29	103.93		Lacerta_bilineata 25
																										  0.00	116.07	 65.02	 52.70	 87.13	107.48	100.81	 90.20	 65.71	 59.09	 54.57	 50.92	102.26	 63.17	 27.25	 34.07	 78.16	149.99	105.32	 57.93	 56.85	 61.49	 58.72	 62.62	 77.30	142.39	 54.28	 56.41	 38.56	 31.25	148.84	110.31		Lacerta_viridis 26
																											  0.00	128.35	 89.94	 70.91	 56.33	 32.21	 30.58	 79.34	 69.49	 78.12	 62.19	 44.01	 63.32	105.32	108.60	 75.98	 64.68	 51.92	 74.48	 64.84	 82.33	 84.37	 90.98	120.50	 53.76	 77.24	 81.02	 28.07	118.81	 60.91	 44.56		Laticauda_colubrina 27
																												  0.00	 56.13	 96.54	122.15	 94.71	 91.61	 82.10	 88.24	 76.64	 68.00	120.75	 65.79	 70.31	 73.53	 74.10	 92.52	115.35	 78.96	 79.24	 83.18	 58.27	 62.22	 81.37	115.19	 71.07	 68.60	 34.15	 76.10	138.43	125.50		Lepidodactylus_listeri 28
																													  0.00	 89.51	 91.05	 73.53	 69.21	 65.61	 64.58	 47.74	 38.44	 78.69	 30.06	 48.74	 55.26	 49.79	 86.89	 95.79	 63.43	 38.55	 43.60	 46.82	 70.87	 66.77	103.54	 52.73	 50.72	 39.17	 53.60	132.35	 82.15		Lerista_edwardsae 29
																														  0.00	 56.87	 59.04	 60.26	128.22	 75.00	 85.40	 76.78	 51.03	 93.37	 89.72	 90.53	 98.35	 51.17	 49.45	 88.73	 85.52	 92.82	 98.00	 94.85	102.93	 58.35	139.16	107.24	 25.23	119.35	 77.56	 50.42		Morelia_viridis 30
																															  0.00	 60.93	 51.91	 88.48	 68.85	 84.78	 82.52	 40.40	107.82	 89.69	 92.84	 79.03	 49.84	 35.39	 78.82	 91.05	102.08	 78.25	101.61	 93.19	 36.64	 90.80	 87.17	 17.96	 99.99	 53.78	 41.18		Myanophis_thanlyinensis 31
																																  0.00	 19.70	 90.82	 73.96	 68.59	 61.53	 43.08	 68.09	 82.17	 89.10	 77.33	 61.47	 61.54	 62.88	 61.45	 80.25	 65.76	 93.86	 77.17	 49.72	 84.87	 76.39	 29.88	114.02	 76.80	 48.81		Naja_naja 32
																																	  0.00	 95.00	 64.73	 74.58	 67.21	 38.92	 63.68	 79.59	 91.28	 75.13	 45.96	 45.99	 68.92	 67.04	 97.41	 77.94	 87.30	 80.88	 40.68	 85.75	 82.67	 25.34	103.15	 60.57	 35.24		Ophiophagus_hannah 33
																																		  0.00	 76.14	 70.83	 73.71	 90.15	 60.86	 70.49	 73.60	 67.10	 88.69	108.45	 65.42	 91.30	 84.73	 58.66	 63.04	 80.07	106.32	 65.61	 52.42	 38.25	 73.31	137.58	106.86		Paroedura_picta 34
																																			  0.00	 74.44	 61.93	 62.83	 74.10	 69.74	 74.77	 69.73	 83.42	 71.61	 58.75	 82.34	 75.73	 66.08	 67.81	 97.24	 71.21	 79.49	 86.22	 28.94	 69.92	 94.23	 73.97		Phrynocephalus_versicolor 35
																																				  0.00	 12.08	 85.37	 50.95	 54.81	 55.38	 53.46	105.34	 89.42	 47.90	 26.94	 24.01	 50.72	 54.33	 78.18	108.00	 66.07	 61.90	 37.22	 51.09	104.59	 86.32		Phrynosoma_blainvillii 36
																																					  0.00	 71.09	 43.32	 60.04	 56.34	 53.63	103.06	 77.36	 50.48	 22.20	 23.89	 52.89	 61.12	 84.39	 92.78	 59.39	 55.02	 39.39	 51.93	 94.68	 83.90		Phrynosoma_platyrhinos 37
																																						  0.00	107.58	 91.78	 98.65	 92.47	 36.78	 28.74	 90.90	 90.13	 97.71	 78.06	 98.34	104.83	 26.12	 98.58	 99.72	 21.34	113.34	 59.31	 12.74		Pituophis_catenifer 38
																																							  0.00	 61.09	 59.20	 59.69	103.53	 98.51	 72.69	 47.37	 57.64	 56.91	 85.09	 79.98	102.36	 54.55	 63.97	 42.48	 59.37	143.37	 84.21		Plestiodon_gilberti 39
																																								  0.00	 11.94	 57.67	 99.59	108.01	 45.84	 48.81	 56.85	 45.00	 65.53	 66.66	112.44	 43.31	 52.58	 34.43	 29.44	135.44	 98.88		Podarci_raffonei 40
																																									  0.00	 67.32	106.64	108.63	 52.19	 53.13	 64.65	 52.89	 70.95	 74.96	119.08	 50.99	 59.52	 33.00	 31.02	148.07	102.59		Podarcis_muralis 41
																																										  0.00	 87.45	 70.77	 59.17	 53.51	 59.86	 64.29	 52.83	 87.29	105.98	 57.87	 55.41	 35.57	 57.77	 94.71	 89.58		Pogona_vitticeps 42
																																											  0.00	 48.65	 77.45	107.16	157.51	 82.39	 87.41	 97.24	 42.32	107.03	117.82	 18.00	140.51	 70.39	 36.16		Protobothrops_mucrosquamatus 43
																																												  0.00	 99.92	 87.79	 98.88	112.63	 92.75	120.76	 44.86	102.72	103.31	 17.32	 97.47	 40.07	 20.57		Ptyas_mucosa 44
																																													  0.00	 36.67	 46.00	 42.14	 47.41	 71.49	 92.30	 60.40	 60.71	 40.98	 54.07	 80.93	 95.35		Salvator_merianae 45
																																														  0.00	 15.62	 58.99	 65.56	 64.78	108.17	 61.36	 48.74	 41.25	 53.16	 94.69	 98.25		Sceloporus_occidentalis 46
																																															  0.00	 54.89	 65.79	 59.74	127.83	 68.76	 57.02	 42.94	 57.47	117.03	104.67		Sceloporus_tristichus 47
																																																  0.00	 56.61	 64.20	 81.84	 49.14	 53.22	 33.86	 61.92	146.17	 91.08		Shinisaurus_crocodilurus 48
																																																	  0.00	 82.21	105.11	 71.21	 63.08	 28.79	 63.14	 98.09	 97.77		Sphaerodactylus_townsendi 49
																																																		  0.00	 93.48	 83.23	 66.69	 38.28	100.34	146.24	105.18		Sphenodon_punctatus 50
																																																			  0.00	102.59	125.69	 23.49	149.00	 51.20	 33.43		Thermophis_baileyi 51
																																																				  0.00	 32.02	 35.10	 52.85	104.75	110.13		Varanus_komodoensis 52
																																																					  0.00	 35.34	 61.77	124.44	102.71		Varanus_salvator 53
																																																						  0.00	 32.54	 20.88	 19.50		Vipera_latastei 54
																																																							  0.00	132.15	105.71		Zootaca_vivipara 55
																																																								  0.00	 55.85		Thamnophis_elegans 56
																																																									  0.00		Pantherophis_guttatus 57
