Distance Matrix
---------------

Uncorrected for Multiple Substitutions
Using base positions 12 in the codon
Gap weighting is 0.000000

	    1	    2	    3	    4	    5	    6	    7	    8	    9	    10	    11	    12	    13	    14	    15	    16	    17	    18	    19	    20	    21	    22	    23	    24	    25	    26	    27	    28	    29	    30	    31	    32	    33	    34	    35	    36	    37	    38	    39	    40	    41	    42	    43	    44	    45	    46	    47	    48	    49	    50	    51	    52	    53	    54	    55	    56	    57
	  0.00	 24.26	 22.34	 10.21	 27.66	 28.11	 10.50	 11.83	 10.65	 13.02	  9.02	 11.54	 23.52	 23.67	 23.67	 12.43	  9.91	 25.15	 24.26	 24.70	 24.56	 23.96	 10.36	 22.63	 22.93	 23.37	 13.02	 24.41	 24.11	  4.59	 12.72	 12.28	 10.21	 23.82	 27.81	 23.82	 24.11	  9.91	 23.22	 22.87	 22.34	 32.10	 11.83	 10.65	 26.63	 22.78	 23.52	 22.93	 23.67	 25.59	 12.13	 26.92	 26.78	 12.28	 23.37	  8.39	 10.06		Python_bivittatus 1
		  0.00	  9.17	 25.74	 17.90	 17.60	 24.11	 25.59	 25.15	 25.15	 24.85	 24.56	 10.95	 10.95	 11.98	 25.00	 25.89	 17.31	 14.64	 13.76	 12.57	 10.36	 24.26	 11.98	 12.43	 12.28	 25.89	 13.91	 10.36	 24.26	 25.74	 24.85	 24.56	 18.05	 22.19	 11.24	  9.91	 26.04	 12.13	 11.35	 11.69	 27.51	 25.74	 25.89	 16.72	 10.50	 11.69	 13.46	 12.87	 15.53	 26.63	 19.67	 19.23	 26.18	 12.57	 20.63	 25.30		Anolis_carolinensis 2
			  0.00	 24.70	 19.38	 19.38	 24.70	 25.44	 23.67	 25.15	 25.30	 24.26	 10.50	 10.36	 12.13	 25.59	 25.59	 17.90	 15.98	 13.91	 12.72	  9.47	 23.82	 12.87	 12.28	 13.46	 25.89	 13.31	 11.54	 22.49	 25.15	 25.00	 24.85	 18.49	 23.08	 10.65	 11.54	 25.15	 11.39	 11.52	 11.69	 26.18	 25.59	 24.56	 17.90	  8.73	  9.62	 11.98	 12.87	 15.24	 25.44	 18.93	 20.27	 25.74	 13.61	 21.33	 24.56		Anolis_sagrei 3
				  0.00	 29.44	 28.55	 10.36	  8.88	 10.95	 11.69	 10.95	 10.80	 25.00	 25.74	 25.15	 11.09	  8.14	 25.59	 25.00	 26.33	 25.74	 25.30	  9.62	 25.44	 25.44	 25.74	 13.31	 24.85	 25.89	 11.09	 12.28	 11.98	  9.17	 25.00	 28.85	 26.18	 25.74	  3.70	 24.11	 23.23	 24.85	 31.95	 10.36	  6.36	 27.22	 25.44	 26.04	 25.30	 24.85	 26.92	 10.21	 27.66	 28.11	 12.28	 24.70	  8.39	  3.85		Arizona_elegans 4
					  0.00	  3.25	 28.11	 28.70	 27.66	 27.51	 28.11	 27.37	 17.90	 18.79	 18.93	 28.40	 28.55	 20.86	 17.46	 19.97	 19.53	 18.20	 27.22	 18.79	 19.08	 18.93	 28.25	 17.75	 18.64	 27.66	 27.37	 27.51	 26.92	 22.19	 23.82	 19.23	 18.34	 28.99	 18.49	 17.20	 18.93	 28.99	 28.55	 28.85	  7.54	 18.34	 19.53	 18.49	 18.34	 21.15	 28.55	 21.15	 20.71	 28.85	 18.49	 23.43	 27.96		Aspidocelis_tigris 5
						  0.00	 27.22	 28.40	 27.22	 26.92	 27.96	 26.92	 16.86	 18.93	 18.49	 27.37	 28.25	 20.27	 17.01	 20.27	 19.08	 17.75	 26.63	 18.79	 19.08	 19.23	 28.11	 18.05	 17.60	 27.81	 27.37	 26.78	 26.33	 22.19	 22.78	 18.49	 17.46	 28.25	 17.75	 17.02	 18.93	 28.99	 28.11	 28.11	  6.66	 18.20	 18.64	 18.34	 18.20	 20.86	 27.96	 20.27	 20.27	 28.40	 17.90	 22.03	 26.92		Aspidoscelis_marmoratus 6
							  0.00	 10.21	  6.21	 11.98	 10.50	  6.51	 25.89	 26.04	 25.15	  7.99	 10.50	 24.41	 23.67	 25.15	 25.59	 26.18	  9.91	 24.56	 24.70	 24.85	 13.46	 25.00	 25.59	 12.28	 13.02	 11.54	 10.36	 25.44	 27.96	 25.59	 25.00	  9.62	 24.56	 23.23	 24.56	 32.84	  6.51	  9.91	 26.63	 25.74	 26.18	 23.82	 24.85	 24.70	 11.39	 27.37	 26.78	  8.14	 24.41	  5.59	  9.91		Azemiops_feae 7
								  0.00	  9.17	 11.09	 12.87	  9.32	 24.85	 26.48	 25.74	 10.95	  9.17	 26.04	 25.44	 26.33	 26.48	 26.04	  8.58	 25.44	 24.70	 25.00	 12.72	 25.59	 26.92	 11.54	 11.09	 10.80	  9.47	 25.00	 28.70	 26.48	 25.44	  7.69	 25.15	 25.18	 26.18	 33.43	 10.36	  8.14	 27.22	 25.59	 26.48	 24.85	 25.15	 26.63	 10.65	 26.63	 27.07	 10.80	 25.30	  5.59	  8.14		Boaedon_fuliginosus 8
									  0.00	 10.95	 10.95	  6.36	 25.44	 25.74	 25.44	  8.88	 10.36	 26.33	 25.00	 25.74	 26.18	 25.30	  9.91	 24.41	 24.26	 25.15	 12.28	 26.48	 26.33	 11.39	 11.69	 10.95	 10.50	 25.74	 28.70	 25.74	 25.44	  9.47	 24.70	 23.94	 24.70	 33.88	  7.40	  9.62	 26.92	 25.30	 25.89	 23.82	 25.15	 25.44	 12.57	 27.22	 27.22	  8.58	 25.00	  6.29	  9.62		Bothrops_jararaca 9
										  0.00	 12.72	 10.50	 25.15	 25.00	 25.15	 10.65	  9.76	 27.51	 24.85	 25.44	 25.89	 25.30	 10.50	 24.85	 24.85	 25.15	  9.91	 25.30	 25.30	 12.57	 11.98	  8.14	  7.69	 25.74	 28.11	 26.04	 24.85	 10.80	 25.59	 24.29	 25.15	 33.58	 11.98	  8.73	 26.92	 25.00	 25.59	 24.70	 25.44	 26.04	 10.06	 27.81	 27.96	 11.54	 24.26	  7.69	 10.95		Bungarus_multicintus 10
											  0.00	 11.54	 26.04	 25.30	 24.85	 10.80	 10.21	 24.85	 24.26	 24.56	 26.33	 25.89	 11.39	 24.26	 25.00	 24.85	 14.20	 25.74	 25.15	  9.47	 12.28	 12.13	 11.54	 23.96	 28.11	 25.89	 25.30	 10.21	 25.30	 22.87	 24.41	 32.99	 11.69	 11.09	 26.33	 24.70	 25.59	 24.70	 24.41	 25.89	 11.09	 27.07	 26.33	 12.57	 24.85	  8.39	 10.65		Charina_bottae 11
												  0.00	 25.00	 25.00	 25.15	  8.28	  9.91	 25.89	 25.15	 24.41	 25.59	 25.00	  9.47	 23.96	 24.26	 24.41	 12.87	 24.85	 25.59	 11.83	 13.31	 10.95	  9.76	 25.30	 28.25	 25.59	 25.30	  9.91	 24.70	 23.76	 24.26	 33.58	  7.10	  9.76	 26.48	 24.70	 25.30	 22.63	 24.70	 25.15	 10.95	 27.22	 27.22	  9.32	 23.52	  8.04	  9.47		Crotalus_tigris 12
													  0.00	  9.62	 11.09	 26.33	 25.44	 18.20	 15.09	 14.50	 11.39	  9.32	 23.67	 10.95	  9.76	 10.65	 26.04	 13.91	  7.54	 23.22	 25.00	 23.37	 23.82	 17.46	 23.22	  9.02	 10.65	 25.89	  8.28	  9.75	 10.50	 27.51	 26.63	 24.85	 16.12	  8.28	  8.28	 11.83	 11.98	 14.94	 25.89	 18.49	 18.93	 26.78	 10.50	 20.63	 25.00		Cryptoblepharus_egeriae 13
														  0.00	  9.32	 26.48	 26.33	 18.20	 15.09	 12.57	 11.69	  6.66	 26.04	 11.54	 10.95	 11.69	 26.78	 13.31	 10.06	 24.85	 26.92	 24.85	 24.56	 18.34	 23.22	  9.91	 10.65	 27.22	 10.80	  9.75	 10.95	 26.04	 26.04	 25.44	 17.60	  7.69	  8.73	 12.13	 12.57	 14.20	 26.92	 17.60	 17.90	 26.78	 11.39	 22.03	 25.44		Ctenosaura_bakeri 14
															  0.00	 25.59	 25.44	 17.01	 13.91	 13.61	 14.94	  7.69	 25.30	 12.13	 12.13	 12.43	 26.04	 13.31	 10.65	 23.67	 25.59	 23.37	 23.67	 17.46	 21.45	 11.24	 11.39	 25.44	 11.98	  9.75	 11.24	 25.44	 24.85	 24.70	 17.31	 11.09	 12.13	 12.57	 12.43	 15.09	 26.63	 18.93	 18.64	 26.18	 13.46	 19.58	 25.44		Cyclura_pinguis 15
																  0.00	 10.06	 26.33	 23.67	 25.00	 26.78	 25.89	 11.09	 24.70	 25.00	 25.00	 12.57	 25.89	 26.48	 13.76	 13.02	 10.95	 10.80	 25.00	 28.70	 25.44	 24.70	 10.50	 26.18	 23.76	 25.15	 34.47	  8.88	 10.36	 26.78	 26.33	 26.63	 24.26	 25.30	 26.33	 12.13	 27.37	 27.51	  7.84	 25.74	  5.59	 10.95		Daboia_siamensis 16
																	  0.00	 25.44	 25.44	 25.30	 26.18	 25.89	  7.54	 24.70	 24.56	 24.85	 10.06	 24.85	 25.74	 11.09	 11.24	  9.91	  8.28	 26.04	 28.55	 26.33	 25.15	  7.10	 25.15	 23.94	 25.00	 33.73	 10.21	  7.10	 27.37	 25.74	 26.48	 24.41	 24.56	 26.18	  7.40	 27.66	 27.22	 11.69	 25.30	  6.29	  7.69		Diadophis_punctatus 17
																		  0.00	 17.31	 18.79	 18.34	 18.05	 27.07	 17.46	 17.60	 17.60	 28.11	 18.49	 17.01	 25.74	 26.18	 26.04	 25.44	 19.38	 25.00	 18.64	 16.72	 25.59	 16.72	 16.67	 17.16	 29.44	 25.59	 26.04	 20.56	 17.01	 17.90	 17.01	 18.93	 19.23	 27.07	 19.67	 18.49	 26.63	 17.90	 23.08	 25.30		Elgaria_multicarinata 18
																			  0.00	 13.46	 15.68	 14.20	 25.89	 14.79	 14.79	 15.53	 25.44	 14.50	 14.35	 25.00	 25.15	 25.30	 23.96	 20.41	 22.34	 15.53	 14.05	 25.59	 15.83	 13.65	 14.64	 29.29	 24.26	 24.85	 16.27	 15.24	 15.98	 15.83	 13.31	 16.12	 25.89	 19.08	 19.67	 26.04	 15.38	 17.83	 25.00		Eublepharis_macularius 19
																				  0.00	 15.38	 13.17	 25.30	 15.53	 15.38	 15.53	 27.37	 10.80	 14.05	 25.00	 26.48	 25.89	 25.00	 18.20	 23.22	 13.76	 14.50	 26.18	 14.79	 12.23	 14.64	 27.51	 25.59	 25.59	 18.34	 13.17	 14.94	 13.76	 12.72	 16.42	 25.44	 20.12	 20.41	 25.00	 14.35	 20.28	 25.44		Gekko_japonicus 20
																					  0.00	 12.87	 25.59	 13.91	 12.57	 13.31	 27.07	 14.64	 11.69	 25.00	 25.89	 25.59	 25.00	 18.49	 23.52	 12.72	 13.17	 26.78	 13.31	 13.12	 14.05	 27.81	 26.48	 25.74	 17.16	 11.39	 13.17	 11.83	 13.02	 17.90	 26.63	 19.38	 19.67	 27.07	 13.76	 21.68	 25.74		Hemicordylus_capensis 21
																						  0.00	 25.15	 10.95	  9.91	 10.95	 27.22	 12.28	  8.88	 24.56	 26.78	 25.30	 24.70	 18.05	 22.49	  9.32	 10.21	 26.18	  9.91	  9.57	 10.50	 26.04	 25.44	 25.74	 15.98	  8.43	  9.17	 11.54	 12.43	 13.61	 26.78	 18.20	 18.20	 27.51	 11.69	 22.38	 25.30		Iguana_delicatissima 22
																							  0.00	 25.30	 25.00	 25.30	 10.21	 24.41	 25.44	 10.21	 11.24	 11.09	  8.88	 25.74	 28.55	 23.82	 24.11	  7.84	 24.70	 24.82	 24.85	 33.43	 11.09	  8.14	 25.89	 24.70	 25.30	 24.11	 24.41	 25.74	  8.43	 27.51	 27.66	 11.24	 24.85	  5.94	  8.73		Imantodes_cenchoa 23
																								  0.00	  3.99	  4.44	 25.00	 15.68	 11.39	 23.96	 24.41	 23.82	 23.67	 18.49	 22.78	 11.39	 11.39	 25.74	 11.83	  7.45	  6.36	 27.51	 25.15	 25.00	 18.34	 10.95	 11.69	 12.87	 13.61	 15.53	 26.04	 18.49	 18.64	 25.59	  8.28	 22.38	 24.70		Lacerta_agilis 24
																									  0.00	  2.22	 24.85	 15.53	 10.95	 23.82	 23.96	 23.37	 23.52	 17.31	 23.22	 11.83	 10.95	 25.89	 11.09	  6.91	  7.99	 27.81	 25.44	 25.00	 17.60	  9.91	 10.95	 12.13	 13.02	 14.50	 26.48	 18.64	 18.34	 25.30	  7.54	 21.68	 25.15		Lacerta_bilineata 25
																										  0.00	 25.15	 15.38	 11.09	 23.67	 24.41	 23.52	 23.52	 17.01	 22.93	 12.28	 10.95	 26.33	 11.39	  6.74	  8.14	 27.81	 25.44	 25.59	 17.75	 10.50	 11.54	 12.87	 13.61	 15.38	 26.63	 19.38	 18.34	 25.44	  8.14	 22.03	 25.59		Lacerta_viridis 26
																											  0.00	 25.44	 26.78	 12.43	 13.02	 10.80	 10.06	 27.51	 29.73	 26.18	 25.00	 12.13	 26.33	 23.76	 23.82	 33.28	 13.76	 11.24	 28.11	 26.33	 27.81	 26.78	 25.74	 26.78	 11.54	 28.70	 28.40	 14.05	 25.15	  9.79	 13.02		Laticauda_colubrina 27
																												  0.00	 12.87	 25.00	 26.04	 26.18	 24.70	 18.05	 22.63	 12.28	 12.43	 25.44	 12.87	 12.94	 13.61	 27.22	 25.74	 25.74	 17.31	 12.57	 13.46	 13.31	 12.87	 15.83	 24.85	 19.82	 19.38	 26.92	 14.05	 22.73	 25.00		Lepidodactylus_listeri 28
																													  0.00	 25.44	 26.04	 24.70	 25.00	 17.16	 23.37	 10.21	 10.80	 27.07	  8.73	  9.40	 11.09	 26.18	 27.07	 26.63	 15.09	  9.17	  9.02	 11.98	 11.98	 15.68	 26.78	 18.93	 18.93	 27.51	 12.43	 22.38	 26.48		Lerista_edwardsae 29
																														  0.00	 12.43	 11.98	 10.06	 25.15	 27.51	 24.70	 24.41	 10.21	 23.96	 22.52	 22.93	 32.69	 11.09	 11.39	 26.18	 22.63	 23.67	 23.96	 24.26	 26.04	 11.98	 25.89	 26.33	 13.17	 24.11	  8.39	 10.80		Morelia_viridis 30
																															  0.00	 11.69	 10.21	 25.44	 29.59	 26.04	 26.63	 11.39	 25.30	 25.18	 25.74	 31.95	 13.17	 10.36	 26.92	 26.04	 25.30	 25.15	 24.70	 25.89	 11.83	 26.78	 27.37	 14.35	 24.70	  6.29	 11.83		Myanophis_thanlyinensis 31
																																  0.00	  7.69	 26.18	 27.96	 24.85	 23.96	 10.80	 25.44	 23.05	 23.67	 31.95	 11.98	 10.21	 26.48	 24.85	 25.59	 24.11	 24.56	 26.48	 11.09	 27.22	 27.37	 11.69	 23.96	  7.34	 10.95		Naja_naja 32
																																	  0.00	 25.00	 27.66	 25.59	 24.56	  9.17	 25.30	 23.40	 24.26	 32.25	 10.65	  8.14	 25.89	 24.70	 25.30	 23.52	 23.22	 25.59	 10.06	 25.89	 26.04	 11.54	 23.52	  6.64	  8.88		Ophiophagus_hannah 33
																																		  0.00	 25.00	 18.20	 18.49	 24.85	 17.90	 16.67	 18.05	 29.14	 26.04	 24.85	 20.56	 16.42	 16.86	 15.68	 16.27	 20.12	 26.63	 18.64	 19.53	 26.04	 16.86	 19.93	 24.56		Paroedura_picta 34
																																			  0.00	 21.89	 20.86	 29.29	 23.22	 21.99	 22.63	 27.07	 28.40	 27.96	 22.78	 22.19	 22.49	 23.37	 21.75	 22.34	 29.29	 25.15	 24.85	 29.14	 20.86	 25.17	 28.99		Phrynocephalus_versicolor 35
																																				  0.00	  5.77	 26.78	  9.91	 10.28	 10.65	 26.63	 26.18	 25.74	 17.31	  7.25	  6.80	 13.02	 13.61	 13.91	 27.07	 19.53	 18.79	 26.48	 11.39	 20.98	 25.59		Phrynosoma_blainvillii 36
																																					  0.00	 26.33	 10.36	 10.82	 10.80	 27.81	 25.30	 25.30	 16.42	  8.43	  9.47	 14.35	 13.46	 14.64	 26.48	 19.97	 18.79	 25.59	 10.95	 20.28	 25.44		Phrynosoma_platyrhinos 37
																																						  0.00	 24.56	 24.11	 25.00	 32.10	 10.21	  5.03	 27.51	 26.04	 26.48	 24.70	 26.04	 27.22	  9.62	 27.51	 28.11	 11.24	 25.44	  5.59	  3.25		Pituophis_catenifer 38
																																							  0.00	  9.75	 11.24	 26.04	 26.33	 25.15	 16.72	  8.43	  8.58	 13.31	 13.46	 15.24	 25.89	 20.27	 19.53	 26.48	 10.95	 21.68	 24.41		Plestiodon_gilberti 39
																																								  0.00	  4.26	 24.82	 23.23	 23.94	 15.60	  9.75	 10.99	 10.99	 12.23	 14.89	 24.65	 18.09	 18.44	 25.18	  8.51	 22.73	 23.76		Podarci_raffonei 40
																																									  0.00	 25.74	 25.15	 24.41	 18.05	 10.80	 11.69	 13.91	 13.91	 15.68	 25.00	 18.93	 19.67	 26.18	  8.58	 22.38	 24.26		Podarcis_muralis 41
																																										  0.00	 34.47	 32.69	 27.96	 26.63	 27.22	 27.96	 28.40	 28.40	 34.02	 27.81	 29.14	 34.76	 27.37	 26.92	 31.21		Pogona_vitticeps 42
																																											  0.00	 10.36	 26.63	 25.89	 26.33	 24.56	 25.15	 25.15	 11.39	 27.81	 27.51	  9.47	 25.15	  6.29	 10.50		Protobothrops_mucrosquamatus 43
																																												  0.00	 27.66	 25.74	 26.18	 23.96	 25.59	 26.92	  8.73	 27.37	 27.96	 10.50	 24.56	  5.59	  4.59		Ptyas_mucosa 44
																																													  0.00	 16.27	 16.86	 18.05	 17.31	 20.56	 27.37	 20.27	 20.71	 27.51	 17.46	 21.33	 26.63		Salvator_merianae 45
																																														  0.00	  3.99	 11.54	 12.43	 14.20	 26.63	 17.90	 18.05	 26.78	 10.50	 20.98	 25.59		Sceloporus_occidentalis 46
																																															  0.00	 13.17	 13.17	 13.91	 26.48	 18.49	 18.93	 27.51	 11.09	 22.38	 25.89		Sceloporus_tristichus 47
																																																  0.00	 13.31	 15.68	 25.59	 17.46	 17.90	 25.15	 13.46	 21.33	 24.11		Shinisaurus_crocodilurus 48
																																																	  0.00	 14.50	 24.70	 17.31	 17.90	 26.33	 14.35	 19.58	 25.00		Sphaerodactylus_townsendi 49
																																																		  0.00	 27.07	 22.19	 21.89	 27.66	 15.83	 22.73	 26.48		Sphenodon_punctatus 50
																																																			  0.00	 28.55	 28.55	 12.43	 25.15	  8.39	  9.76		Thermophis_baileyi 51
																																																				  0.00	  6.95	 28.85	 19.08	 23.43	 27.07		Varanus_komodoensis 52
																																																					  0.00	 28.70	 18.79	 22.38	 27.96		Varanus_salvator 53
																																																						  0.00	 26.18	  9.44	 11.39		Vipera_latastei 54
																																																							  0.00	 22.73	 24.56		Zootaca_vivipara 55
																																																								  0.00	  6.29		Thamnophis_elegans 56
																																																									  0.00		Pantherophis_guttatus 57
