Distance Matrix
---------------

Uncorrected for Multiple Substitutions
Using base positions 12 in the codon
Gap weighting is 0.000000

	    1	    2	    3	    4	    5	    6	    7	    8	    9	    10	    11	    12	    13	    14	    15	    16	    17	    18	    19	    20	    21	    22	    23	    24	    25	    26	    27	    28	    29	    30	    31	    32	    33	    34	    35	    36	    37	    38	    39	    40	    41	    42	    43	    44	    45	    46	    47	    48	    49	    50	    51	    52	    53	    54	    55
	  0.00	 20.51	 20.67	  7.53	 22.51	 22.60	  9.78	 10.42	  9.46	  9.46	  5.77	 10.90	 18.91	 16.35	 18.75	  9.94	 20.35	 21.47	 21.54	 19.07	 18.91	  9.13	 20.35	 19.39	 20.35	 11.06	 21.79	 19.87	  4.01	  8.33	  9.94	  8.81	 25.72	 21.15	 19.55	 20.83	  9.13	 17.15	 19.07	 18.11	 23.72	 10.10	  8.65	 22.03	 20.35	 19.71	 19.23	 22.76	 19.07	 10.26	 20.95	 21.15	 13.94	 19.87	  9.29		Python_bivittatus 1
		  0.00	 10.90	 20.83	 20.10	 19.87	 21.15	 23.24	 21.79	 21.96	 21.96	 22.44	 14.74	  9.13	 15.71	 22.28	 16.19	 18.59	 17.52	 18.43	 13.78	 21.31	 18.59	 18.91	 19.71	 22.76	 18.11	 15.22	 20.35	 22.28	 23.72	 22.12	 20.58	 22.60	 10.90	 10.10	 21.96	 15.54	 17.63	 17.47	 23.88	 22.44	 21.15	 17.68	 11.86	 13.46	 14.26	 18.11	 18.11	 23.56	 19.09	 19.39	 24.36	 18.27	 21.96		Anolis_carolinensis 2
			  0.00	 20.83	 19.77	 20.35	 22.76	 22.28	 22.44	 22.44	 22.92	 23.08	 15.38	 11.03	 15.71	 22.44	 16.99	 18.59	 17.52	 18.27	 14.74	 22.12	 17.31	 17.63	 17.79	 22.92	 19.87	 15.22	 21.63	 22.12	 22.92	 22.92	 21.22	 20.19	 12.02	 11.54	 21.96	 14.90	 16.19	 16.67	 22.60	 23.24	 21.31	 18.97	 11.54	 11.70	 15.54	 19.23	 17.63	 22.92	 19.59	 20.35	 25.96	 17.47	 21.79		Anolis_sagrei 3
				  0.00	 20.58	 20.83	  8.49	  9.78	  7.37	  7.53	  8.97	  9.78	 18.59	 18.06	 20.19	  6.25	 21.31	 21.47	 22.99	 18.59	 19.55	  6.09	 20.99	 20.99	 21.63	  9.94	 23.08	 20.99	  8.81	  7.37	  9.13	  8.17	 26.05	 22.12	 19.87	 20.67	  5.13	 18.91	 19.71	 20.19	 24.84	  8.65	  2.88	 20.74	 20.99	 20.35	 20.19	 22.44	 19.71	  6.57	 21.11	 20.67	 13.14	 21.15	  4.81		Arizona_elegans 4
					  0.00	  1.77	 22.51	 24.12	 22.03	 21.06	 23.15	 23.31	 17.85	 15.46	 18.01	 21.38	 18.81	 19.77	 21.13	 17.85	 16.88	 21.06	 17.52	 17.52	 18.01	 22.67	 19.61	 17.04	 21.86	 22.03	 22.67	 21.38	 24.19	 23.79	 18.33	 17.85	 21.70	 15.27	 16.24	 16.56	 25.72	 23.47	 20.74	  6.59	 18.65	 18.65	 18.01	 19.13	 18.01	 22.51	 18.31	 19.94	 25.08	 16.24	 21.70		Aspidocelis_tigris 5
						  0.00	 22.92	 24.04	 22.76	 21.15	 23.40	 23.24	 17.47	 15.78	 17.95	 21.79	 18.59	 20.19	 21.06	 18.11	 17.15	 21.47	 18.11	 18.43	 18.91	 23.08	 20.83	 16.83	 21.63	 22.12	 23.08	 21.79	 23.79	 23.08	 18.59	 17.47	 22.12	 16.03	 16.83	 17.15	 26.28	 23.56	 21.15	  6.75	 18.43	 18.75	 18.27	 19.55	 17.63	 22.12	 18.92	 20.03	 24.84	 16.51	 22.44		Aspidoscelis_marmoratus 6
							  0.00	 12.82	  6.25	  9.13	 10.90	  9.29	 20.51	 19.01	 20.83	 10.42	 21.15	 23.24	 23.63	 20.99	 20.35	  9.78	 21.15	 21.79	 22.12	 12.02	 23.40	 20.67	 11.06	  8.97	 10.42	  9.78	 25.72	 24.04	 20.83	 21.79	 10.26	 19.87	 21.15	 20.83	 25.64	  5.93	  9.62	 23.79	 20.99	 21.15	 21.63	 23.08	 20.83	 10.90	 22.13	 22.44	 10.42	 21.15	  9.46		Azemiops_feae 7
								  0.00	 12.02	 11.38	 11.22	 13.62	 22.28	 19.96	 20.35	 10.26	 23.40	 25.80	 23.47	 21.47	 21.31	  8.49	 22.92	 23.08	 23.40	 10.42	 24.04	 22.28	 11.86	 11.54	 11.22	 11.22	 26.53	 23.72	 21.79	 22.92	 10.74	 21.96	 21.96	 22.44	 25.32	 13.14	 10.10	 23.79	 22.92	 22.76	 22.76	 25.48	 23.72	  8.81	 22.47	 23.56	 15.38	 21.31	  9.62		Boaedon_fuliginosus 8
									  0.00	  7.05	 11.06	  6.57	 20.19	 18.82	 19.55	 10.10	 20.19	 23.40	 23.79	 17.95	 19.07	  8.97	 20.83	 20.99	 21.15	 10.74	 22.92	 20.99	 11.06	  8.65	  8.97	  8.49	 25.56	 24.52	 20.19	 21.31	  9.13	 18.91	 19.87	 19.39	 25.48	  4.97	  8.81	 22.99	 20.83	 20.35	 21.63	 22.76	 21.15	  9.62	 21.28	 21.63	 11.06	 19.87	  8.97		Bothrops_jararaca 9
										  0.00	  9.94	  9.78	 20.35	 19.01	 19.71	  8.97	 21.15	 23.08	 22.83	 19.39	 19.07	  8.81	 21.15	 21.15	 21.79	  8.33	 22.12	 20.99	  9.94	  9.13	  7.05	  6.25	 25.56	 23.56	 20.19	 20.67	  8.49	 19.39	 19.39	 19.39	 25.16	  9.29	  7.69	 22.03	 20.83	 20.67	 21.47	 22.92	 20.03	  7.05	 20.78	 21.31	 12.34	 20.67	  8.17		Bungarus_multicintus 10
											  0.00	 12.66	 20.19	 18.06	 20.51	 10.42	 20.51	 21.96	 22.19	 19.23	 18.91	  9.29	 20.35	 20.03	 20.67	 10.10	 22.60	 19.71	  7.21	  8.65	  9.46	  8.65	 25.24	 22.28	 20.51	 21.31	 10.26	 18.91	 19.87	 19.87	 25.16	  9.78	  8.97	 22.99	 21.31	 20.99	 20.51	 24.04	 19.71	 10.26	 20.10	 21.31	 12.66	 19.55	  8.97		Charina_bottae 11
												  0.00	 21.15	 19.77	 19.87	 11.86	 20.03	 24.04	 24.12	 18.91	 19.71	 10.90	 21.47	 21.79	 21.96	 11.54	 23.40	 20.99	 11.70	  9.46	 11.54	 10.42	 26.05	 23.56	 20.35	 20.51	 11.54	 19.87	 21.79	 21.47	 25.96	  6.41	 11.06	 22.51	 20.83	 20.67	 21.31	 23.56	 20.67	 11.70	 21.28	 21.31	 12.66	 20.19	 10.74		Crotalus_tigris 12
													  0.00	  9.32	 14.58	 20.51	 14.90	 19.55	 15.27	 13.46	 12.50	 20.19	 15.87	 14.58	 15.22	 21.63	 15.87	 10.58	 19.23	 20.35	 20.67	 19.87	 21.86	 21.15	 12.18	 12.50	 20.83	  9.46	 14.58	 16.19	 22.76	 20.35	 19.87	 16.56	 12.34	 12.82	 15.54	 16.19	 16.83	 20.99	 15.20	 17.15	 22.76	 16.51	 20.19		Cryptoblepharus_egeriae 13
														  0.00	  7.60	 19.01	 12.93	 15.59	 13.12	 12.55	  4.56	 18.44	 13.69	 12.74	 13.50	 19.96	 14.83	 10.65	 16.16	 18.44	 20.91	 18.63	 19.01	 16.92	  6.46	  7.22	 19.77	  8.75	 11.79	 11.60	 21.48	 19.39	 18.82	 14.12	  8.37	  8.17	  9.70	 15.78	 13.50	 20.91	 14.37	 15.59	 22.24	 13.31	 19.20		Ctenosaura_bakeri 14
															  0.00	 20.51	 15.71	 17.79	 15.92	 16.51	  7.37	 19.71	 16.51	 16.03	 16.03	 20.51	 16.67	 15.06	 19.55	 20.51	 21.31	 19.87	 21.22	 22.12	 11.22	 10.90	 21.31	 11.70	 15.06	 15.22	 24.52	 20.51	 20.51	 16.88	 12.82	 12.02	 15.38	 17.63	 16.51	 20.51	 15.54	 18.59	 23.88	 16.99	 20.19		Cyclura_pinguis 15
																  0.00	 21.96	 23.08	 22.99	 20.03	 20.03	  5.93	 22.76	 22.76	 23.40	 10.58	 24.04	 21.96	 11.38	  9.13	  9.78	  8.97	 27.01	 24.20	 21.47	 21.63	  8.01	 19.87	 21.63	 21.79	 26.12	 10.42	  6.41	 22.03	 21.79	 21.63	 21.47	 24.20	 21.31	  7.21	 21.62	 21.79	 13.62	 21.63	  7.85		Diadophis_punctatus 16
																	  0.00	 19.71	 16.88	 15.71	 12.82	 21.47	 16.99	 15.22	 15.38	 21.47	 16.35	 14.58	 21.79	 19.87	 21.63	 21.47	 21.70	 21.96	 12.82	 12.98	 22.28	 13.14	 14.74	 15.71	 22.44	 20.67	 21.31	 16.56	 12.66	 13.14	 12.98	 17.79	 15.22	 21.79	 14.53	 15.54	 23.88	 16.03	 20.83		Elgaria_multicarinata 17
																		  0.00	 18.65	 19.71	 16.35	 23.72	 19.87	 18.43	 19.07	 23.56	 17.95	 19.39	 22.44	 22.76	 24.04	 22.60	 20.42	 23.72	 16.83	 16.19	 23.72	 17.31	 16.51	 16.83	 26.12	 23.56	 22.12	 17.85	 17.63	 16.99	 18.75	 17.79	 19.71	 24.20	 20.78	 21.96	 26.28	 18.43	 23.56		Eublepharis_macularius 18
																			  0.00	 18.33	 15.76	 22.99	 18.33	 17.04	 17.04	 23.79	 10.61	 15.43	 21.70	 22.03	 23.79	 22.67	 19.03	 22.51	 15.11	 14.95	 23.95	 15.11	 16.40	 16.72	 21.70	 23.47	 23.31	 19.35	 16.88	 16.24	 16.24	 15.59	 17.68	 23.79	 18.47	 18.65	 25.72	 17.68	 23.31		Gekko_japonicus 19
																				  0.00	 15.06	 19.87	 15.22	 15.22	 15.71	 20.35	 17.95	 14.10	 19.07	 18.27	 20.51	 18.75	 22.99	 21.63	 13.78	 14.74	 20.03	 12.82	 14.90	 15.06	 24.68	 20.03	 19.55	 16.88	 15.54	 15.54	 16.03	 18.75	 16.03	 20.51	 17.23	 17.31	 22.60	 15.54	 19.71		Hemicordylus_capensis 20
																					  0.00	 19.39	 14.74	 14.10	 14.58	 19.55	 15.87	 12.50	 19.39	 19.39	 20.51	 19.55	 20.42	 20.51	  8.81	  8.81	 20.51	 11.06	 13.30	 13.46	 23.08	 19.55	 19.87	 15.11	 11.22	 11.38	 12.98	 17.47	 15.06	 20.51	 14.70	 16.19	 21.79	 14.90	 19.07		Iguana_delicatissima 21
																						  0.00	 21.63	 21.79	 22.44	  8.49	 23.56	 20.51	  9.94	  8.01	  7.85	  7.85	 26.69	 22.60	 20.83	 21.31	  7.69	 19.23	 20.83	 20.99	 25.16	  8.81	  5.93	 22.03	 21.63	 20.83	 21.47	 23.72	 20.51	  6.41	 21.45	 21.31	 12.98	 21.47	  6.41		Imantodes_cenchoa 22
																							  0.00	  5.45	  5.61	 21.96	 19.07	 14.74	 19.87	 20.03	 21.47	 21.31	 20.90	 20.51	 14.58	 15.54	 22.12	 13.78	  8.97	  7.69	 25.16	 21.15	 21.15	 17.36	 16.19	 15.38	 16.03	 18.75	 17.47	 21.63	 18.24	 19.39	 23.88	 10.10	 21.47		Lacerta_agilis 23
																								  0.00	  1.60	 22.12	 16.19	 15.22	 19.71	 19.39	 20.83	 20.67	 21.06	 20.35	 13.62	 14.26	 21.96	 12.66	  7.53	  8.01	 23.88	 21.31	 20.99	 17.52	 15.22	 13.62	 14.58	 17.15	 16.51	 21.96	 17.57	 18.11	 24.04	  9.78	 21.47		Lacerta_bilineata 24
																									  0.00	 22.60	 16.35	 15.71	 20.67	 20.35	 21.79	 20.99	 21.38	 21.15	 14.10	 14.90	 22.28	 13.30	  8.17	  8.65	 24.36	 21.79	 21.63	 17.52	 16.03	 13.94	 15.54	 17.79	 17.15	 22.60	 17.40	 18.59	 24.52	 10.74	 22.44		Lacerta_viridis 25
																										  0.00	 22.60	 21.31	 11.54	 10.74	  7.37	  8.33	 25.72	 22.60	 20.51	 21.47	 11.38	 20.19	 21.31	 21.47	 25.00	 10.90	  9.29	 23.31	 21.47	 21.63	 21.96	 24.04	 21.15	  8.81	 20.27	 22.12	 14.58	 22.44	  9.29		Laticauda_colubrina 26
																											  0.00	 15.38	 21.96	 22.28	 23.24	 21.96	 19.61	 24.20	 14.90	 15.06	 23.40	 15.22	 17.15	 17.63	 21.96	 23.24	 22.92	 17.52	 16.35	 16.19	 16.19	 13.94	 16.19	 24.36	 16.89	 19.55	 25.64	 17.63	 22.92		Lepidodactylus_listeri 27
																												  0.00	 19.87	 20.35	 20.03	 19.71	 20.42	 21.31	 12.18	 12.34	 21.15	  9.62	 14.90	 14.90	 23.88	 20.67	 21.63	 15.92	 13.30	 13.94	 13.62	 17.63	 15.87	 21.79	 14.70	 17.63	 24.04	 15.06	 20.35		Lerista_edwardsae 28
																													  0.00	  9.62	 10.58	  8.97	 26.69	 21.79	 20.19	 20.83	  9.94	 17.95	 18.75	 18.75	 24.84	 10.58	  9.62	 21.38	 20.83	 20.51	 20.35	 23.24	 19.55	 10.90	 20.61	 21.47	 14.26	 19.39	  9.78		Morelia_viridis 29
																														  0.00	  8.17	  8.65	 25.24	 22.44	 19.71	 20.67	  9.13	 18.59	 20.51	 20.83	 24.04	  8.17	  7.53	 22.03	 20.51	 20.83	 20.03	 22.44	 18.91	  8.81	 20.78	 20.67	 11.86	 20.83	  7.85		Myanophis_thanlyinensis 30
																															  0.00	  6.25	 26.05	 22.44	 21.63	 22.44	  9.29	 19.39	 20.99	 20.83	 25.32	  8.97	  9.13	 24.28	 21.63	 21.31	 22.12	 23.56	 20.35	  8.65	 20.95	 22.44	 13.94	 21.79	  7.53		Naja_naja 31
																																  0.00	 24.76	 23.08	 20.51	 20.83	  9.29	 18.43	 20.19	 20.19	 24.84	  9.62	  8.33	 22.51	 20.99	 21.47	 20.99	 22.92	 20.03	  8.49	 20.27	 21.63	 13.46	 20.35	  8.49		Ophiophagus_hannah 32
																																	  0.00	 24.76	 19.45	 18.65	 26.21	 20.26	 21.54	 20.90	 24.60	 26.53	 26.05	 22.90	 20.10	 19.45	 21.38	 18.81	 22.19	 26.37	 23.39	 26.53	 29.10	 22.35	 25.72		Paroedura_picta 33
																																		  0.00	 18.75	 19.07	 22.92	 20.83	 18.75	 19.23	 18.11	 23.88	 22.28	 22.99	 18.75	 19.23	 20.51	 24.04	 22.28	 23.56	 21.28	 22.60	 26.60	 20.03	 22.28		Phrynocephalus_versicolor 34
																																			  0.00	  2.88	 20.83	 12.02	 13.46	 13.30	 22.44	 20.83	 20.51	 16.72	  6.89	  8.49	 11.22	 15.87	 15.06	 22.12	 15.20	 15.22	 23.24	 15.22	 20.35		Phrynosoma_blainvillii 35
																																				  0.00	 21.47	 12.50	 13.94	 14.10	 22.76	 21.47	 20.99	 16.24	  7.37	  8.97	 11.38	 16.19	 14.42	 22.76	 14.36	 15.22	 23.72	 14.90	 20.67		Phrynosoma_platyrhinos 36
																																					  0.00	 20.83	 20.99	 21.15	 25.32	 10.58	  5.13	 22.51	 21.96	 20.99	 22.28	 23.08	 20.99	  9.13	 21.28	 21.96	 14.10	 21.31	  4.01		Pituophis_catenifer 37
																																						  0.00	 13.46	 14.10	 22.76	 19.23	 19.23	 16.40	 12.18	 11.38	 12.18	 15.54	 14.26	 19.87	 13.85	 16.03	 22.60	 14.90	 19.87		Plestiodon_gilberti 38
																																							  0.00	  3.21	 22.28	 20.99	 20.03	 16.88	 13.94	 13.62	 14.10	 17.31	 17.15	 21.31	 16.39	 17.31	 23.24	  8.81	 20.99		Podarci_raffonei 39
																																								  0.00	 21.96	 21.47	 20.83	 17.68	 14.10	 13.78	 14.90	 17.63	 16.35	 22.28	 17.57	 18.11	 23.72	  8.65	 21.47		Podarcis_muralis 40
																																									  0.00	 25.32	 25.32	 25.08	 22.44	 22.76	 23.72	 24.04	 25.48	 25.16	 22.47	 23.56	 27.40	 24.20	 25.16		Pogona_vitticeps 41
																																										  0.00	  9.46	 23.63	 20.51	 20.83	 21.15	 23.56	 21.63	  9.78	 21.79	 22.28	 10.58	 20.67	  9.13		Protobothrops_mucrosquamatus 42
																																											  0.00	 21.38	 20.35	 20.51	 20.83	 22.76	 19.55	  7.21	 21.28	 21.79	 13.62	 20.67	  4.81		Ptyas_mucosa 43
																																												  0.00	 16.88	 16.72	 17.04	 18.81	 16.24	 22.99	 17.97	 19.29	 24.92	 15.92	 22.51		Salvator_merianae 44
																																													  0.00	  3.53	 13.62	 16.51	 15.71	 22.60	 14.70	 15.87	 24.36	 15.71	 20.83		Sceloporus_occidentalis 45
																																														  0.00	 13.78	 16.03	 16.35	 22.28	 15.71	 16.99	 24.68	 16.03	 20.51		Sceloporus_tristichus 46
																																															  0.00	 18.11	 16.67	 21.47	 16.55	 17.15	 23.40	 15.38	 21.31		Shinisaurus_crocodilurus 47
																																																  0.00	 17.79	 24.04	 20.27	 20.51	 26.60	 18.11	 22.92		Sphaerodactylus_townsendi 48
																																																	  0.00	 21.79	 16.89	 17.79	 22.60	 16.19	 20.35		Sphenodon_punctatus 49
																																																		  0.00	 22.30	 22.28	 13.62	 21.96	  7.53		Thermophis_baileyi 50
																																																			  0.00	  6.08	 23.48	 17.57	 19.43		Varanus_komodoensis 51
																																																				  0.00	 24.20	 19.07	 20.83		Varanus_salvator 52
																																																					  0.00	 23.40	 13.78		Vipera_latastei 53
																																																						  0.00	 21.31		Zootaca_vivipara 54
																																																							  0.00		Pantherophis_guttatus 55
