Distance Matrix
---------------

Uncorrected for Multiple Substitutions
Using base positions 12 in the codon
Gap weighting is 0.000000

	    1	    2	    3	    4	    5	    6	    7	    8	    9	    10	    11	    12	    13	    14	    15	    16	    17	    18	    19	    20	    21	    22	    23	    24	    25	    26	    27	    28	    29	    30	    31	    32	    33	    34	    35	    36	    37	    38	    39	    40	    41	    42	    43	    44	    45	    46	    47	    48	    49	    50	    51	    52	    53	    54	    55	    56	    57
	  0.00	 20.38	 19.04	  9.81	 20.38	 20.77	  7.88	 11.35	  9.42	 10.00	  6.35	  8.65	 19.23	 17.50	 18.85	  9.42	 10.38	 20.38	 18.65	 20.38	 19.04	 17.50	 10.19	 20.38	 20.38	 20.38	 12.31	 20.00	 20.00	  3.27	  9.81	 10.96	 10.19	 21.92	 22.88	 17.12	 17.50	  9.81	 18.65	 20.00	 20.00	 22.50	  8.27	  8.46	 20.77	 18.08	 18.46	 19.23	 21.15	 21.73	  9.04	 22.16	 18.85	 23.65	 20.19	  9.04	  9.42		Python_bivittatus 1
		  0.00	  6.15	 19.81	 13.27	 12.69	 20.96	 20.96	 20.77	 19.62	 20.38	 20.58	  8.46	  9.62	  8.65	 19.42	 20.38	 14.42	 14.81	 13.85	 10.00	  9.42	 20.58	 12.88	 12.69	 12.12	 21.15	 13.85	  8.85	 20.38	 20.19	 20.00	 18.08	 15.77	 21.73	  7.88	  8.65	 20.77	  7.31	 12.12	 12.69	 21.15	 19.62	 20.77	 12.69	  7.88	  9.62	 11.54	 15.19	 17.31	 20.58	 16.17	 15.38	 31.92	 13.46	 20.38	 20.96		Anolis_carolinensis 2
			  0.00	 18.85	 11.15	 11.54	 21.15	 19.42	 20.38	 18.65	 18.85	 19.81	  9.42	  8.27	  9.62	 18.46	 19.62	 13.27	 14.23	 14.04	  9.23	  9.42	 19.23	 12.50	 11.54	 11.35	 20.58	 14.04	  8.85	 18.65	 17.88	 18.85	 18.65	 15.38	 20.58	  7.31	  7.69	 20.00	  8.65	 10.77	 11.73	 21.35	 17.88	 19.23	 11.92	  7.50	  9.23	 11.54	 14.81	 14.62	 20.19	 16.47	 15.00	 32.50	 12.12	 18.85	 19.62		Anolis_sagrei 3
				  0.00	 18.46	 18.85	  8.46	  8.46	  7.50	  8.85	 10.19	  8.65	 18.27	 16.54	 17.31	  7.69	  7.12	 19.23	 17.50	 19.04	 17.50	 16.92	  7.31	 20.38	 20.00	 19.04	  9.62	 18.46	 17.88	  9.04	  9.23	  9.42	  7.31	 21.35	 21.73	 16.54	 16.54	  3.85	 17.69	 19.04	 18.85	 22.69	  7.69	  3.85	 18.46	 16.73	 17.69	 18.27	 20.38	 21.54	  7.31	 21.56	 18.27	 22.50	 19.23	  6.15	  3.08		Arizona_elegans 4
					  0.00	  1.35	 20.77	 19.04	 20.38	 20.38	 20.19	 19.42	 13.65	 11.92	 12.50	 17.88	 18.65	 13.27	 13.65	 14.42	 12.50	 12.50	 19.42	 14.23	 14.23	 14.04	 19.81	 14.04	 13.27	 20.58	 19.42	 19.62	 19.62	 17.50	 20.58	 11.15	 11.73	 19.81	 11.54	 13.46	 14.42	 21.35	 19.42	 19.23	  4.42	 12.31	 13.08	 12.12	 13.85	 16.15	 19.42	 17.37	 15.38	 31.35	 14.81	 18.27	 18.46		Aspidocelis_tigris 5
						  0.00	 20.38	 19.81	 20.00	 20.58	 20.19	 19.42	 13.46	 12.12	 12.31	 17.88	 18.65	 13.46	 13.27	 13.85	 12.69	 11.92	 19.42	 14.42	 14.23	 14.04	 19.81	 14.04	 13.08	 20.38	 19.04	 20.00	 19.62	 17.69	 20.77	 11.73	 12.31	 19.62	 11.35	 13.65	 14.23	 20.38	 19.23	 19.04	  4.23	 12.31	 12.69	 11.92	 14.04	 16.54	 19.81	 17.96	 15.38	 31.54	 14.42	 18.65	 18.46		Aspidoscelis_marmoratus 6
							  0.00	 10.96	  5.96	  8.65	  7.69	  6.92	 18.85	 17.69	 19.23	  8.65	  8.46	 21.54	 19.04	 19.62	 19.23	 17.31	  8.85	 21.73	 21.92	 20.96	 10.19	 21.15	 20.96	  8.08	 10.19	 10.77	  8.08	 21.54	 24.23	 18.85	 18.46	  9.62	 20.00	 20.38	 19.81	 23.65	  6.73	  7.88	 20.19	 18.27	 18.65	 21.54	 22.12	 23.08	  7.69	 22.16	 18.46	 22.12	 19.81	  8.65	  8.65		Azemiops_feae 7
								  0.00	 10.00	  9.81	 10.00	 10.38	 19.23	 17.88	 18.46	  8.27	  7.88	 20.58	 19.04	 19.23	 17.88	 18.08	  7.69	 20.77	 20.38	 19.42	  9.62	 18.46	 19.62	 10.96	 10.19	  8.46	  8.08	 22.12	 22.88	 17.31	 16.54	  8.27	 18.65	 18.85	 19.62	 23.46	  9.42	  6.92	 19.81	 17.88	 18.27	 18.85	 21.92	 21.92	  7.50	 22.46	 18.85	 22.88	 19.62	  7.12	  7.50		Boaedon_fuliginosus 8
									  0.00	  9.23	  8.85	  5.58	 18.85	 18.46	 19.04	  7.31	  8.65	 20.96	 18.46	 20.19	 18.65	 17.88	  8.08	 21.35	 20.96	 20.77	  8.27	 20.58	 19.62	  9.04	  7.69	  8.85	  7.12	 22.12	 23.85	 19.23	 18.85	  7.88	 20.00	 20.58	 20.19	 23.08	  4.81	  7.12	 20.00	 18.46	 19.23	 19.42	 21.35	 23.08	  8.08	 21.86	 18.27	 21.35	 20.19	  8.46	  7.31		Bothrops_jararaca 9
										  0.00	 10.77	  9.42	 19.23	 18.08	 19.23	  9.42	  9.04	 21.35	 19.23	 20.19	 17.88	 18.65	  9.42	 20.19	 20.00	 19.04	  8.85	 20.77	 20.19	  9.62	 10.58	  6.54	  7.31	 23.08	 23.85	 18.85	 17.88	  8.46	 18.65	 20.58	 20.38	 23.85	  8.65	  7.69	 20.00	 18.08	 19.04	 21.15	 23.08	 22.12	  7.69	 21.56	 19.62	 23.85	 19.42	  8.85	  8.65		Bungarus_multicintus 10
											  0.00	  9.42	 18.46	 16.73	 18.65	  7.88	 10.19	 19.42	 18.85	 19.81	 18.46	 17.69	  8.46	 20.58	 20.38	 20.00	 11.35	 19.81	 20.58	  7.69	  8.46	 10.00	 10.19	 20.38	 23.65	 17.50	 18.08	 10.00	 19.81	 20.00	 19.62	 23.27	  7.31	  8.65	 20.00	 17.88	 18.46	 20.58	 20.77	 22.69	  8.85	 23.65	 17.88	 22.88	 18.27	  9.04	  8.65		Charina_bottae 11
												  0.00	 18.27	 18.27	 18.85	  7.69	  9.04	 20.38	 19.42	 19.62	 18.27	 17.50	  9.62	 20.96	 20.96	 20.77	 10.38	 20.00	 18.85	  9.23	 10.00	  8.85	  8.46	 22.69	 23.46	 18.46	 18.46	  9.23	 18.46	 20.19	 20.96	 22.69	  4.62	  9.42	 18.85	 18.08	 18.46	 19.42	 20.19	 21.92	  7.88	 21.56	 18.85	 21.73	 20.19	  8.65	  8.65		Crotalus_tigris 12
													  0.00	  6.92	  7.12	 18.65	 18.65	 11.92	 13.65	 10.38	  7.69	  6.73	 19.04	 11.92	 12.31	 10.96	 19.42	 11.54	  7.69	 19.04	 17.88	 18.27	 16.92	 15.19	 19.81	  7.12	  7.69	 19.23	  5.77	 10.96	 11.54	 18.85	 18.65	 18.46	 13.46	  6.35	  6.54	 10.77	 14.04	 13.27	 19.23	 15.57	 12.12	 30.77	 12.31	 17.69	 17.88		Cryptoblepharus_egeriae 13
														  0.00	  4.42	 16.92	 16.73	 10.19	 11.73	 11.54	  7.31	  4.04	 17.50	 11.35	 11.54	 10.00	 18.27	 12.69	  7.88	 17.69	 16.73	 18.27	 16.54	 13.08	 18.27	  4.42	  5.38	 17.69	  7.69	  9.81	  9.81	 18.85	 17.31	 16.73	 11.73	  4.62	  5.58	 10.00	 13.65	 13.46	 17.50	 13.17	 10.58	 30.96	 11.54	 16.15	 16.35		Ctenosaura_bakeri 14
															  0.00	 17.88	 17.88	 11.92	 12.31	 12.88	  7.88	  4.62	 18.46	 11.92	 12.88	 11.73	 18.27	 13.65	  8.85	 18.65	 18.08	 18.27	 16.73	 13.27	 18.85	  5.77	  6.35	 18.85	  7.50	 10.38	 10.96	 18.27	 18.65	 18.27	 12.31	  6.54	  7.12	 10.58	 14.62	 13.46	 18.08	 12.57	 11.73	 31.54	 13.85	 17.31	 17.88		Cyclura_pinguis 15
																  0.00	  7.88	 18.46	 16.73	 18.46	 17.31	 16.92	  8.08	 19.62	 19.81	 19.42	  9.62	 18.08	 19.23	  8.65	  7.88	  9.23	  8.85	 21.73	 23.27	 16.73	 16.92	  8.08	 18.08	 18.85	 18.46	 23.08	  6.35	  7.69	 19.42	 17.31	 16.92	 18.08	 18.85	 21.54	  8.46	 23.35	 18.65	 20.58	 19.62	  7.88	  7.31		Daboia_siamensis 16
																	  0.00	 20.19	 17.50	 18.85	 18.46	 16.54	  5.77	 20.38	 20.38	 19.62	  9.04	 18.27	 19.42	  9.62	  9.62	  9.04	  7.88	 20.77	 22.50	 17.50	 17.12	  6.73	 18.27	 20.96	 20.38	 22.50	  7.50	  5.96	 20.00	 17.12	 17.69	 19.42	 21.54	 21.35	  5.00	 21.56	 18.65	 23.27	 19.62	  5.77	  5.77		Diadophis_punctatus 17
																		  0.00	 14.81	 15.19	 10.77	 11.15	 20.77	 14.62	 14.81	 13.65	 20.58	 15.96	 11.54	 20.19	 20.38	 20.77	 20.38	 16.73	 19.81	 11.35	 11.92	 20.38	 11.15	 12.88	 13.27	 20.19	 20.00	 20.19	 15.00	 11.92	 11.92	 10.96	 14.42	 16.15	 21.35	 14.67	 12.12	 33.27	 13.27	 20.19	 19.23		Elgaria_multicarinata 18
																			  0.00	 13.65	 13.08	 12.12	 18.08	 15.58	 17.31	 15.77	 17.88	 14.04	 13.46	 18.08	 18.27	 19.81	 17.31	 16.35	 20.19	 13.46	 13.27	 18.27	 13.08	 14.81	 14.62	 20.00	 19.04	 17.88	 14.23	 13.08	 13.27	 13.85	 14.42	 17.50	 17.69	 17.07	 15.77	 31.15	 15.77	 18.85	 17.88		Eublepharis_macularius 19
																				  0.00	 12.88	 11.54	 19.81	 13.65	 13.27	 12.12	 19.81	  8.27	 12.50	 19.81	 19.23	 19.62	 18.65	 15.19	 19.04	 11.73	 10.96	 19.23	 12.12	 14.23	 12.69	 18.85	 19.81	 18.08	 14.62	 10.38	 10.38	 13.85	 10.96	 15.58	 18.65	 17.07	 14.42	 31.54	 14.23	 19.42	 18.27		Gekko_japonicus 20
																					  0.00	  6.92	 18.85	 10.96	 10.96	  9.42	 18.65	 13.85	  8.85	 18.08	 18.46	 17.69	 17.12	 15.19	 18.27	  7.31	  8.27	 18.46	  8.27	  9.81	 10.38	 18.08	 17.88	 18.08	 12.50	  7.31	  7.88	 10.00	 14.62	 15.19	 18.46	 14.97	 12.88	 30.00	 10.96	 17.69	 17.88		Hemicordylus_capensis 21
																						  0.00	 17.31	 11.54	 11.73	 10.38	 18.27	 12.69	  7.50	 17.88	 16.92	 18.27	 16.35	 12.69	 18.08	  5.19	  5.96	 17.69	  7.50	 10.19	  9.62	 17.69	 17.31	 16.73	 12.31	  5.00	  5.19	 10.19	 13.85	 13.85	 17.50	 12.57	 11.54	 31.35	 11.92	 16.54	 16.35		Iguana_delicatissima 22
																							  0.00	 20.38	 20.00	 19.62	  8.27	 20.38	 19.42	 10.19	  8.65	  8.46	  8.27	 22.50	 21.54	 17.50	 18.08	  6.35	 18.65	 19.42	 18.65	 22.12	  7.69	  6.15	 19.62	 17.50	 18.08	 20.19	 21.35	 22.31	  5.77	 22.75	 18.85	 23.08	 19.23	  3.85	  5.38		Imantodes_cenchoa 23
																								  0.00	  4.04	  3.46	 19.23	 13.65	 11.73	 20.96	 20.58	 19.42	 19.62	 18.27	 19.23	 10.38	 10.77	 20.38	 10.77	  8.08	  7.31	 19.42	 20.77	 19.42	 13.46	 11.35	 11.92	 13.27	 16.54	 17.12	 20.19	 17.96	 15.58	 33.46	  7.88	 19.62	 19.62		Lacerta_agilis 24
																									  0.00	  2.12	 19.62	 12.88	 11.35	 20.58	 20.19	 19.42	 19.81	 18.65	 19.23	 10.19	 10.96	 19.81	 11.35	  7.88	  7.31	 18.46	 20.19	 19.23	 14.23	 10.58	 11.15	 13.08	 15.58	 16.92	 20.00	 17.66	 15.58	 33.46	  6.73	 19.23	 19.42		Lacerta_bilineata 25
																										  0.00	 19.23	 13.08	 10.77	 20.19	 19.62	 18.85	 18.46	 17.50	 18.08	 10.00	 10.00	 19.42	 10.38	  7.69	  6.73	 17.88	 19.62	 18.65	 13.46	  9.23	 10.19	 12.31	 14.81	 15.96	 19.62	 16.47	 14.81	 32.69	  7.31	 18.46	 18.46		Lacerta_viridis 26
																											  0.00	 20.96	 20.38	 11.54	 11.92	  8.08	  6.73	 22.31	 21.15	 18.08	 17.88	  9.23	 18.85	 19.42	 19.23	 22.50	  9.23	  8.08	 19.81	 18.46	 18.65	 19.23	 21.92	 21.15	  8.08	 21.86	 18.65	 22.88	 19.04	  9.04	  8.27		Laticauda_colubrina 27
																												  0.00	 12.31	 19.42	 19.62	 20.38	 20.19	 14.23	 19.42	 11.54	 10.96	 19.23	 12.88	 15.58	 14.81	 19.62	 19.23	 18.46	 14.62	 11.73	 11.73	 14.62	 11.15	 18.08	 18.65	 17.07	 15.19	 31.73	 15.58	 18.85	 18.46		Lepidodactylus_listeri 28
																													  0.00	 20.00	 18.46	 20.38	 19.23	 15.19	 19.62	  6.73	  7.31	 18.85	  5.96	 10.58	 10.58	 18.65	 19.42	 18.46	 12.88	  7.69	  8.08	  9.23	 13.46	 14.62	 20.38	 14.07	 13.27	 33.65	 11.54	 18.85	 17.88		Lerista_edwardsae 29
																														  0.00	 10.00	 10.77	 10.19	 22.12	 22.69	 16.92	 17.31	  9.04	 18.85	 20.00	 19.81	 22.12	  8.08	  7.88	 20.96	 17.31	 17.31	 19.23	 20.58	 21.15	  8.27	 23.35	 19.04	 23.85	 20.19	 10.00	  9.04		Morelia_viridis 30
																															  0.00	  9.42	  9.42	 21.15	 23.08	 17.31	 17.50	  8.65	 18.27	 20.19	 19.81	 21.35	  8.27	  8.27	 19.81	 16.54	 16.92	 18.85	 20.96	 21.54	  9.04	 24.25	 19.42	 24.42	 20.38	  8.85	  7.50		Myanophis_thanlyinensis 31
																																  0.00	  6.54	 22.12	 22.50	 18.08	 17.31	  9.62	 18.08	 19.23	 19.81	 23.46	  7.88	  8.27	 19.81	 17.31	 18.46	 20.00	 21.92	 22.31	  7.88	 21.56	 18.65	 22.69	 19.62	  8.65	  8.65		Naja_naja 32
																																	  0.00	 21.35	 22.12	 16.92	 16.35	  8.27	 17.88	 18.08	 18.46	 22.69	  8.08	  7.12	 19.42	 15.77	 17.31	 18.65	 21.15	 20.77	  6.92	 20.36	 18.08	 22.50	 20.00	  8.08	  7.50		Ophiophagus_hannah 33
																																		  0.00	 22.50	 14.42	 14.62	 22.88	 15.38	 16.35	 15.77	 22.50	 21.35	 21.54	 16.35	 14.23	 15.19	 17.69	 16.15	 19.23	 20.77	 18.86	 17.12	 33.65	 18.27	 21.92	 21.54		Paroedura_picta 34
																																			  0.00	 17.88	 18.46	 22.31	 18.65	 18.65	 18.27	 15.58	 22.69	 22.12	 20.77	 17.31	 18.27	 20.58	 22.31	 19.81	 20.96	 24.55	 20.38	 34.04	 19.04	 21.54	 20.96		Phrynocephalus_versicolor 35
																																				  0.00	  2.69	 17.88	  6.54	  8.27	  8.65	 18.85	 18.08	 17.12	 11.92	  3.85	  4.04	  8.85	 12.69	 13.08	 17.50	 14.67	 11.54	 30.58	 10.58	 16.35	 16.92		Phrynosoma_blainvillii 36
																																					  0.00	 17.88	  7.50	  9.42	  9.42	 19.23	 17.88	 16.35	 11.92	  4.42	  5.00	 10.00	 13.46	 12.31	 17.69	 14.37	 11.73	 30.38	 11.35	 16.35	 17.12		Phrynosoma_platyrhinos 37
																																						  0.00	 18.85	 20.96	 20.00	 21.92	  7.50	  3.46	 19.62	 17.88	 17.88	 18.08	 21.73	 22.31	  6.35	 22.75	 19.62	 24.04	 19.04	  5.96	  1.92		Pituophis_catenifer 38
																																							  0.00	  9.81	 10.96	 17.69	 19.23	 18.27	 10.96	  6.35	  7.50	 10.19	 14.23	 13.27	 19.62	 13.17	 12.88	 31.73	 11.73	 17.50	 17.69		Plestiodon_gilberti 39
																																								  0.00	  2.69	 19.04	 20.00	 20.00	 13.85	  9.23	  9.62	 13.65	 15.58	 14.62	 20.00	 14.97	 13.65	 31.54	  7.12	 19.04	 19.42		Podarci_raffonei 40
																																									  0.00	 19.42	 20.00	 19.42	 14.42	  8.65	  8.65	 13.65	 15.38	 15.58	 20.00	 15.57	 13.85	 32.12	  6.54	 19.04	 18.85		Podarcis_muralis 41
																																										  0.00	 22.88	 22.12	 20.38	 17.69	 17.69	 19.42	 21.35	 20.77	 22.12	 23.05	 20.19	 36.54	 19.62	 21.73	 21.73		Pogona_vitticeps 42
																																											  0.00	  7.50	 19.23	 17.69	 18.46	 19.81	 21.54	 22.50	  7.50	 22.75	 18.46	 20.38	 19.42	  8.08	  6.92		Protobothrops_mucrosquamatus 43
																																												  0.00	 18.46	 17.50	 17.88	 18.27	 21.54	 21.73	  5.58	 21.86	 18.46	 22.69	 19.23	  6.15	  2.69		Ptyas_mucosa 44
																																													  0.00	 11.54	 12.88	 11.73	 14.62	 16.35	 19.42	 16.47	 14.04	 31.92	 14.42	 17.88	 18.27		Salvator_merianae 45
																																														  0.00	  2.12	  9.23	 13.27	 12.31	 17.69	 14.97	 12.12	 30.96	 11.15	 15.96	 16.54		Sceloporus_occidentalis 46
																																															  0.00	  9.42	 13.27	 12.31	 18.27	 15.57	 11.92	 31.92	 11.73	 16.92	 16.92		Sceloporus_tristichus 47
																																																  0.00	 14.23	 15.38	 19.42	 15.27	 12.88	 32.50	 14.42	 18.65	 17.88		Shinisaurus_crocodilurus 48
																																																	  0.00	 17.50	 20.96	 16.47	 16.15	 33.46	 17.12	 21.35	 20.38		Sphaerodactylus_townsendi 49
																																																		  0.00	 21.92	 20.06	 16.73	 34.23	 17.69	 21.54	 21.35		Sphenodon_punctatus 50
																																																			  0.00	 21.56	 18.27	 22.69	 19.81	  5.58	  5.96		Thermophis_baileyi 51
																																																				  0.00	  4.19	 30.24	 17.37	 20.96	 21.86		Varanus_komodoensis 52
																																																					  0.00	 30.58	 14.42	 17.88	 18.27		Varanus_salvator 53
																																																						  0.00	 32.50	 22.69	 23.27		Vipera_latastei 54
																																																							  0.00	 19.23	 18.85		Zootaca_vivipara 55
																																																								  0.00	  5.19		Thamnophis_elegans 56
																																																									  0.00		Pantherophis_guttatus 57
