Distance Matrix
---------------

Uncorrected for Multiple Substitutions
Using base positions 12 in the codon
Gap weighting is 0.000000

	    1	    2	    3	    4	    5	    6	    7	    8	    9	    10	    11	    12	    13	    14	    15	    16	    17	    18	    19	    20	    21	    22	    23	    24	    25	    26	    27	    28	    29	    30	    31	    32	    33	    34	    35	    36	    37	    38	    39	    40	    41	    42	    43	    44	    45	    46	    47	    48	    49	    50	    51	    52	    53	    54	    55	    56	    57
	  0.00	 15.03	 14.93	  4.62	 14.93	 14.83	  4.81	  4.42	  4.22	  4.52	  4.32	  5.21	 15.03	 18.40	 14.64	  4.82	  4.62	 15.03	 16.50	 15.72	 14.05	 14.44	  4.62	 16.60	 15.62	 15.42	  5.01	 14.64	 14.93	  2.26	  4.91	  5.21	  5.60	 15.13	 19.49	 14.93	 15.13	  4.81	 14.21	 15.13	 15.32	 18.76	  4.52	  4.72	 15.23	 14.73	 14.83	 15.52	 14.07	 17.98	  4.13	 15.62	 15.82	 16.01	 15.91	  4.13	  5.30		Python_bivittatus 1
		  0.00	  4.13	 14.54	  7.76	  7.86	 14.73	 14.73	 14.73	 15.13	 14.44	 14.83	  4.32	  7.39	  5.01	 14.76	 14.24	  7.27	  7.56	  8.64	  6.58	  4.13	 14.54	  7.37	  5.89	  5.89	 14.54	  9.04	  4.42	 14.44	 14.93	 14.93	 14.34	 12.28	 18.21	  4.13	  4.52	 14.05	  3.43	  6.68	  7.37	 18.47	 14.93	 14.73	  8.06	  3.83	  4.13	  5.80	  7.48	 12.28	 14.34	  8.45	  9.04	 25.25	  7.47	 14.93	 14.44		Anolis_carolinensis 2
			  0.00	 14.93	  8.06	  7.96	 14.73	 14.15	 14.64	 14.34	 15.13	 14.93	  4.32	  7.86	  4.32	 15.45	 14.54	  7.27	  8.06	  8.74	  6.29	  3.73	 14.44	  6.88	  5.89	  6.09	 14.05	  8.84	  4.52	 14.34	 14.83	 15.13	 14.15	 12.28	 17.91	  4.72	  5.11	 14.05	  4.13	  6.39	  6.88	 18.07	 14.54	 15.13	  8.35	  4.13	  4.22	  5.89	  8.17	 12.18	 14.24	  8.84	  9.63	 25.25	  7.37	 14.73	 14.05		Anolis_sagrei 3
				  0.00	 14.34	 14.64	  3.73	  3.83	  4.32	  3.93	  4.72	  4.72	 14.34	 18.08	 14.15	  4.23	  2.85	 14.44	 15.91	 15.32	 14.05	 13.95	  2.95	 15.23	 14.73	 14.54	  4.13	 14.73	 14.24	  4.03	  3.83	  3.63	  4.22	 15.23	 18.80	 14.24	 14.83	  2.26	 14.11	 14.34	 14.73	 19.06	  4.52	  1.57	 14.83	 14.24	 14.24	 15.03	 14.37	 17.49	  2.95	 15.13	 15.13	 15.03	 15.13	  2.55	  2.46		Arizona_elegans 4
					  0.00	  0.88	 14.64	 14.44	 13.75	 14.93	 14.44	 14.93	  6.97	  9.91	  7.37	 14.86	 14.44	  7.27	  8.74	 10.61	  6.97	  6.48	 14.34	  9.23	  8.15	  8.35	 14.34	  9.43	  7.17	 14.15	 14.34	 14.64	 13.85	 12.18	 18.90	  6.88	  6.88	 14.15	  5.85	  8.45	  8.84	 17.68	 14.54	 14.54	  3.05	  6.97	  6.97	  7.07	  8.46	 12.08	 14.15	  8.64	  9.14	 24.46	  8.06	 14.83	 14.05		Aspidocelis_tigris 5
						  0.00	 14.64	 14.34	 13.85	 15.03	 14.34	 14.83	  7.07	 10.06	  7.47	 15.16	 14.73	  7.96	  9.23	 10.61	  6.88	  6.78	 14.05	  9.14	  7.86	  7.86	 14.64	  9.63	  7.27	 14.24	 14.44	 14.73	 13.95	 11.98	 19.29	  7.37	  7.37	 14.24	  5.95	  8.35	  8.74	 17.98	 14.44	 14.83	  3.54	  7.07	  7.27	  7.37	  8.37	 12.08	 14.05	  8.84	  9.53	 24.75	  7.96	 14.93	 14.15		Aspidoscelis_marmoratus 6
							  0.00	  4.22	  2.85	  4.52	  4.81	  3.05	 14.64	 17.61	 14.64	  4.04	  4.32	 14.83	 15.72	 14.83	 14.05	 14.05	  3.83	 15.82	 15.23	 15.32	  4.91	 14.64	 14.64	  4.22	  4.22	  4.22	  4.13	 15.13	 18.80	 14.15	 14.64	  4.32	 14.31	 14.73	 15.23	 18.37	  2.65	  4.52	 15.32	 14.24	 14.15	 15.23	 14.27	 17.78	  3.93	 15.91	 15.82	 14.73	 16.01	  3.93	  4.52		Azemiops_feae 7
								  0.00	  4.13	  4.13	  3.93	  4.91	 14.44	 17.61	 14.15	  4.63	  3.54	 14.73	 15.72	 15.82	 14.24	 13.65	  3.34	 15.62	 14.83	 14.64	  3.73	 15.23	 14.05	  4.22	  4.22	  3.34	  3.83	 15.52	 18.01	 14.54	 15.13	  3.14	 13.91	 14.93	 15.03	 19.35	  4.13	  3.83	 14.44	 14.44	 14.15	 14.73	 14.57	 17.19	  3.14	 15.62	 15.52	 16.11	 15.82	  2.95	  3.24		Boaedon_fuliginosus 8
									  0.00	  4.62	  3.93	  2.75	 14.24	 17.45	 14.44	  3.74	  4.32	 14.54	 15.42	 14.83	 13.46	 13.56	  3.93	 16.01	 15.32	 15.32	  5.11	 14.24	 14.24	  3.63	  4.22	  4.62	  4.52	 14.24	 18.60	 13.95	 14.24	  4.42	 13.71	 14.73	 15.42	 17.68	  2.26	  5.01	 14.34	 13.85	 13.95	 14.44	 13.19	 17.68	  3.83	 15.13	 15.13	 14.73	 16.50	  4.13	  4.32		Bothrops_jararaca 9
										  0.00	  4.91	  5.30	 13.95	 18.71	 14.64	  4.92	  4.62	 14.54	 16.01	 15.62	 14.73	 14.34	  4.03	 15.72	 15.32	 15.13	  2.75	 15.13	 14.93	  3.93	  4.32	  3.93	  4.32	 16.11	 19.09	 14.44	 15.03	  3.73	 14.21	 14.54	 15.72	 18.96	  4.62	  3.73	 15.23	 14.24	 14.73	 14.64	 14.67	 17.09	  4.22	 15.91	 15.62	 16.31	 15.91	  4.32	  3.73		Bungarus_multicintus 10
											  0.00	  4.91	 14.83	 17.77	 15.23	  4.33	  4.32	 14.44	 15.32	 15.91	 14.44	 14.54	  4.32	 15.72	 15.32	 14.93	  5.21	 15.72	 14.73	  4.22	  4.62	  4.62	  4.72	 14.34	 18.21	 14.64	 14.64	  4.91	 13.81	 14.24	 15.13	 18.66	  4.62	  4.81	 14.93	 14.54	 14.64	 14.73	 13.68	 17.58	  4.13	 14.83	 14.73	 16.21	 15.72	  4.52	  4.42		Charina_bottae 11
												  0.00	 14.93	 17.45	 14.34	  4.33	  5.01	 15.03	 15.52	 15.03	 14.15	 14.15	  4.81	 15.72	 15.03	 14.83	  5.70	 14.93	 14.44	  4.81	  5.01	  4.72	  5.21	 14.93	 19.09	 14.73	 15.03	  4.81	 14.42	 15.03	 15.32	 18.17	  3.05	  5.40	 15.52	 14.24	 14.34	 14.93	 13.98	 18.07	  4.32	 15.82	 15.23	 15.62	 16.50	  4.32	  5.11		Crotalus_tigris 12
													  0.00	  6.92	  3.24	 15.06	 14.15	  5.50	  7.56	  8.94	  5.11	  3.24	 14.24	  6.09	  5.01	  5.21	 13.65	  7.96	  3.24	 13.75	 14.34	 13.95	 13.65	 11.20	 18.60	  3.54	  3.83	 14.54	  2.62	  5.60	  6.09	 18.57	 14.73	 14.34	  6.78	  3.34	  3.44	  5.50	  6.40	 11.00	 14.24	  8.35	  8.45	 25.15	  7.07	 14.73	 14.54		Cryptoblepharus_egeriae 13
														  0.00	  6.13	 17.98	 17.77	  8.96	 11.32	 13.05	  9.43	  4.40	 18.40	  8.65	  9.28	  8.96	 18.55	 11.64	  6.76	 17.61	 18.40	 17.77	 17.45	 14.78	 22.40	  6.60	  7.23	 17.92	  7.05	  9.43	  9.75	 23.74	 18.24	 18.55	 11.01	  6.60	  6.29	  8.65	  9.94	 16.35	 17.30	 11.48	 11.48	 33.18	 11.16	 17.61	 17.92		Ctenosaura_bakeri 14
															  0.00	 15.26	 14.15	  6.19	  7.47	  8.06	  5.40	  2.06	 14.64	  5.99	  4.52	  4.91	 13.95	  7.76	  4.13	 14.15	 14.73	 14.24	 13.85	 11.20	 17.81	  4.03	  4.62	 14.15	  3.63	  5.21	  5.30	 18.47	 14.73	 14.34	  7.47	  3.44	  3.44	  5.21	  5.91	 11.98	 13.85	  7.86	  7.96	 25.54	  6.09	 14.64	 14.15		Cyclura_pinguis 15
																  0.00	  4.53	 14.86	 15.35	 15.85	 14.76	 14.37	  4.33	 15.55	 15.35	 15.35	  5.41	 15.65	 14.07	  4.82	  4.72	  4.72	  4.82	 15.45	 19.03	 14.47	 14.86	  4.33	 14.42	 15.65	 15.94	 19.29	  4.23	  4.23	 15.65	 14.86	 14.76	 14.96	 14.89	 17.81	  4.82	 16.24	 15.85	 13.88	 16.34	  4.72	  5.02		Daboia_siamensis 16
																	  0.00	 14.73	 16.01	 16.01	 13.95	 14.05	  2.95	 15.13	 14.83	 14.44	  4.52	 15.32	 14.54	  4.42	  4.42	  3.73	  4.32	 15.03	 18.01	 14.15	 14.54	  3.83	 14.01	 14.34	 14.54	 18.57	  4.32	  3.24	 15.13	 14.15	 14.44	 15.52	 14.47	 16.99	  2.26	 15.42	 15.32	 15.13	 15.32	  3.05	  3.54		Diadophis_punctatus 17
																		  0.00	  7.86	  9.23	  6.39	  5.70	 14.83	  8.35	  7.66	  7.86	 14.64	  8.35	  6.09	 14.24	 14.44	 14.73	 14.44	 12.28	 18.60	  5.60	  6.09	 14.64	  5.54	  8.15	  7.37	 18.37	 15.03	 14.64	  7.96	  6.19	  5.89	  5.99	  6.89	 12.67	 14.54	  8.25	  8.25	 24.75	  7.86	 14.44	 14.83		Elgaria_multicarinata 18
																			  0.00	  9.63	  8.06	  7.27	 15.82	  9.33	  8.06	  8.55	 15.52	  9.53	  7.17	 16.01	 16.01	 15.32	 15.52	 12.08	 18.60	  7.56	  7.76	 15.13	  7.26	  8.45	  8.25	 18.66	 15.32	 15.82	  8.94	  7.86	  7.47	  7.76	  9.25	 12.48	 15.82	  9.63	  9.53	 26.03	  8.74	 16.11	 15.62		Eublepharis_macularius 19
																				  0.00	  8.94	  7.96	 15.13	 10.12	  9.04	  9.43	 15.62	  4.72	  8.64	 15.32	 15.42	 15.13	 15.42	 10.51	 19.19	  8.35	  8.64	 15.23	  8.47	  9.43	  9.53	 18.76	 15.52	 15.91	 10.81	  8.25	  8.06	  8.74	  8.96	 13.65	 15.42	 10.31	 11.10	 24.85	 10.41	 15.82	 15.13		Gekko_japonicus 20
																					  0.00	  5.50	 14.24	  7.86	  6.78	  6.78	 14.54	  7.86	  5.21	 13.65	 14.24	 14.34	 14.34	 11.49	 19.29	  5.11	  5.40	 13.95	  4.94	  7.47	  7.66	 18.27	 14.34	 14.05	  7.17	  4.81	  4.72	  6.09	  6.50	 11.98	 13.26	  8.55	  8.55	 24.46	  8.06	 13.85	 14.15		Hemicordylus_capensis 21
																						  0.00	 13.85	  6.09	  5.21	  5.50	 14.05	  7.37	  3.73	 13.65	 14.24	 13.75	 13.26	 10.81	 18.01	  3.63	  3.83	 13.95	  3.33	  5.50	  5.80	 17.68	 14.15	 14.34	  7.17	  3.34	  3.05	  4.42	  5.91	 11.69	 13.36	  7.56	  7.66	 24.66	  7.07	 14.15	 13.95		Iguana_delicatissima 22
																							  0.00	 15.42	 14.64	 14.24	  4.32	 15.32	 14.34	  4.32	  4.32	  3.73	  3.73	 15.32	 17.81	 14.44	 14.83	  3.14	 13.61	 14.34	 14.93	 18.66	  3.73	  3.24	 15.13	 14.24	 14.15	 14.83	 14.17	 17.09	  2.75	 15.62	 15.32	 15.23	 15.72	  3.14	  3.44		Imantodes_cenchoa 23
																								  0.00	  3.34	  3.73	 15.82	 10.12	  6.09	 15.42	 15.82	 15.62	 15.72	 11.69	 18.80	  6.19	  6.88	 15.91	  6.15	  4.13	  4.32	 19.74	 16.31	 15.82	  9.23	  6.58	  6.09	  7.07	  8.76	 12.38	 15.23	 10.02	  9.82	 26.03	  4.81	 15.91	 15.52		Lacerta_agilis 24
																									  0.00	  1.18	 14.93	  9.04	  5.21	 15.03	 15.52	 14.93	 14.83	 11.30	 18.21	  5.40	  6.39	 15.03	  5.14	  4.03	  3.83	 18.47	 15.62	 15.23	  8.74	  5.30	  4.81	  5.60	  7.68	 11.59	 14.34	  8.94	  9.43	 25.44	  4.72	 14.93	 15.23		Lacerta_bilineata 25
																										  0.00	 14.54	  9.23	  5.60	 15.03	 15.32	 14.64	 15.03	 11.20	 18.01	  6.19	  6.58	 15.03	  5.34	  3.54	  3.73	 18.76	 15.62	 14.83	  8.94	  5.40	  5.50	  6.09	  7.38	 12.08	 13.95	  8.84	  9.53	 25.64	  5.01	 14.54	 15.03		Lacerta_viridis 26
																											  0.00	 15.03	 14.64	  4.52	  4.72	  3.93	  3.83	 15.82	 18.31	 14.15	 14.64	  3.63	 13.91	 14.24	 15.23	 18.66	  4.62	  4.13	 14.64	 14.05	 14.34	 14.54	 14.17	 16.80	  4.52	 15.42	 15.32	 16.50	 15.52	  4.72	  4.22		Laticauda_colubrina 27
																												  0.00	  8.06	 14.34	 14.73	 14.93	 15.13	 10.22	 19.49	  7.76	  7.86	 14.93	  7.66	  9.63	  9.43	 18.96	 15.03	 15.13	  9.14	  7.47	  7.27	  7.66	  8.46	 13.65	 14.73	  9.53	  9.82	 25.15	  9.82	 15.13	 14.83		Lepidodactylus_listeri 28
																													  0.00	 14.34	 14.44	 14.15	 13.75	 11.89	 18.90	  3.44	  3.63	 13.85	  2.32	  6.19	  5.89	 19.25	 15.03	 14.44	  7.17	  3.93	  3.73	  4.91	  6.69	 11.20	 14.34	  8.45	  8.25	 24.56	  6.88	 14.24	 13.95		Lerista_edwardsae 29
																														  0.00	  4.32	  4.52	  4.72	 15.03	 18.70	 14.05	 14.83	  4.62	 13.51	 14.54	 15.32	 18.57	  3.93	  4.72	 14.54	 14.15	 14.24	 14.93	 13.78	 17.39	  4.32	 15.32	 14.93	 15.62	 16.11	  4.03	  4.52		Morelia_viridis 30
																															  0.00	  4.32	  4.22	 15.32	 19.39	 15.03	 15.03	  3.93	 14.01	 14.73	 15.03	 19.06	  4.72	  3.93	 14.64	 14.44	 14.83	 15.03	 14.57	 16.90	  4.03	 15.62	 15.03	 15.91	 16.01	  4.13	  3.83		Myanophis_thanlyinensis 31
																																  0.00	  3.14	 15.42	 18.80	 14.64	 14.64	  3.34	 14.11	 14.54	 14.83	 18.96	  4.62	  3.44	 14.83	 14.44	 14.73	 15.03	 14.67	 16.60	  3.73	 15.52	 15.23	 16.11	 15.91	  3.83	  3.73		Naja_naja 32
																																	  0.00	 15.62	 18.90	 14.05	 13.95	  3.73	 13.41	 14.54	 14.83	 18.66	  4.72	  4.32	 14.54	 14.15	 14.24	 14.64	 14.07	 17.09	  3.93	 15.42	 15.42	 15.72	 15.42	  4.42	  4.32		Ophiophagus_hannah 33
																																		  0.00	 19.59	 11.39	 11.39	 15.82	 11.49	 10.81	 11.10	 19.94	 15.42	 15.62	 13.06	 11.49	 11.30	 11.98	 11.32	 14.34	 14.73	 11.49	 11.79	 24.95	 11.89	 15.52	 15.32		Paroedura_picta 34
																																			  0.00	 18.50	 18.90	 18.50	 18.18	 18.01	 18.41	 13.48	 18.21	 19.00	 19.00	 18.50	 18.21	 18.50	 18.24	 21.46	 18.70	 18.80	 18.90	 28.94	 19.00	 18.50	 18.31		Phrynocephalus_versicolor 35
																																				  0.00	  1.38	 14.34	  3.23	  6.19	  6.39	 18.47	 14.24	 14.83	  6.88	  2.26	  1.87	  5.11	  5.81	 11.89	 14.34	  7.66	  7.86	 24.75	  6.68	 14.93	 14.73		Phrynosoma_blainvillii 36
																																					  0.00	 14.93	  3.83	  6.19	  6.58	 18.76	 14.73	 15.42	  7.07	  2.65	  2.46	  5.40	  6.20	 12.08	 14.73	  7.66	  8.25	 24.95	  6.68	 15.03	 14.93		Phrynosoma_platyrhinos 37
																																						  0.00	 13.71	 14.83	 15.42	 19.35	  4.42	  2.06	 14.54	 13.95	 14.34	 14.54	 14.67	 17.29	  3.54	 15.62	 15.82	 15.72	 15.62	  3.34	  1.77		Pituophis_catenifer 38
																																							  0.00	  5.04	  5.54	 18.25	 14.21	 14.11	  6.05	  3.33	  3.43	  4.54	  5.76	 11.29	 13.71	  7.56	  7.86	 24.50	  5.95	 14.11	 13.81		Plestiodon_gilberti 39
																																								  0.00	  1.87	 18.66	 15.23	 14.44	  8.45	  5.80	  6.19	  6.68	  7.78	 12.18	 13.85	  8.64	  8.94	 25.54	  4.32	 14.64	 14.44		Podarci_raffonei 40
																																									  0.00	 19.16	 15.72	 15.03	  8.74	  5.99	  5.99	  7.17	  8.56	 11.79	 14.24	  8.94	  9.23	 25.93	  3.83	 15.03	 15.23		Podarcis_muralis 41
																																										  0.00	 18.17	 19.06	 17.98	 18.27	 18.07	 18.76	 17.91	 19.74	 18.37	 18.27	 18.27	 28.59	 19.45	 18.57	 19.35		Pogona_vitticeps 42
																																											  0.00	  4.91	 15.03	 13.95	 14.24	 15.03	 14.07	 17.29	  4.22	 15.91	 15.62	 15.13	 16.50	  4.22	  4.72		Protobothrops_mucrosquamatus 43
																																												  0.00	 15.03	 14.64	 15.03	 15.03	 14.67	 17.19	  3.14	 15.91	 15.72	 15.32	 15.62	  3.54	  2.65		Ptyas_mucosa 44
																																													  0.00	  7.17	  7.27	  7.86	  8.66	 11.69	 14.44	  9.43	  9.23	 25.25	  8.35	 15.23	 14.34		Salvator_merianae 45
																																														  0.00	  0.88	  5.21	  5.91	 12.28	 14.15	  8.06	  7.96	 24.85	  6.68	 14.64	 14.15		Sceloporus_occidentalis 46
																																															  0.00	  4.62	  5.81	 12.28	 14.05	  7.96	  7.86	 24.75	  6.48	 14.44	 14.34		Sceloporus_tristichus 47
																																																  0.00	  6.69	 12.57	 14.64	  7.27	  6.97	 25.05	  7.56	 15.13	 14.73		Shinisaurus_crocodilurus 48
																																																	  0.00	 13.68	 13.78	  8.37	  8.46	 24.80	  8.96	 14.57	 14.67		Sphaerodactylus_townsendi 49
																																																		  0.00	 17.19	 12.28	 12.38	 26.72	 11.89	 17.39	 17.09		Sphenodon_punctatus 50
																																																			  0.00	 15.03	 14.73	 15.62	 15.23	  2.55	  3.44		Thermophis_baileyi 51
																																																				  0.00	  2.75	 26.13	 10.41	 15.62	 15.32		Varanus_komodoensis 52
																																																					  0.00	 26.13	 10.61	 15.13	 15.32		Varanus_salvator 53
																																																						  0.00	 26.23	 15.62	 15.91		Vipera_latastei 54
																																																							  0.00	 15.72	 15.42		Zootaca_vivipara 55
																																																								  0.00	  3.44		Thamnophis_elegans 56
																																																									  0.00		Pantherophis_guttatus 57
