Distance Matrix
---------------

Uncorrected for Multiple Substitutions
Using base positions 12 in the codon
Gap weighting is 0.000000

	    1	    2	    3	    4	    5	    6	    7	    8	    9	    10	    11	    12	    13	    14	    15	    16	    17	    18	    19	    20	    21	    22	    23	    24	    25	    26	    27	    28	    29	    30	    31	    32	    33	    34	    35	    36	    37	    38	    39	    40	    41	    42	    43	    44	    45	    46	    47	    48	    49	    50	    51	    52	    53	    54	    55	    56	    57
	  0.00	 26.80	 26.23	 13.29	 27.77	 28.22	 13.63	 17.23	 15.65	 15.09	 11.37	 53.26	 25.11	 20.63	 24.21	 17.00	 13.96	 26.19	 27.99	 26.69	 25.14	 23.42	 15.32	 28.38	 26.58	 26.46	 15.54	 26.35	 24.21	  6.64	 16.55	 14.19	 14.08	 28.07	 28.85	 23.76	 23.87	 14.64	 51.61	 26.58	 27.25	 30.66	 13.29	 14.53	 27.98	 23.42	 23.31	 26.46	 28.60	 29.28	 14.75	 28.04	 27.25	 16.50	 28.38	 15.75	 13.63		Python_bivittatus 1
		  0.00	 14.52	 28.72	 26.75	 26.64	 29.17	 29.50	 28.94	 29.05	 26.35	 58.70	 20.72	 16.75	 18.58	 28.72	 29.62	 22.01	 25.62	 25.90	 24.46	 18.92	 29.62	 24.44	 23.31	 23.31	 28.83	 25.23	 20.27	 26.35	 29.84	 28.72	 27.59	 27.84	 26.92	 16.67	 16.55	 28.15	 53.76	 22.07	 22.41	 28.05	 28.60	 28.60	 26.16	 17.57	 17.68	 21.62	 26.91	 27.25	 29.05	 23.87	 24.55	 27.96	 23.65	 28.39	 28.49		Anolis_carolinensis 2
			  0.00	 26.35	 25.82	 25.70	 27.52	 27.87	 28.10	 26.81	 26.00	 52.00	 20.02	 15.29	 17.33	 28.57	 27.87	 20.77	 24.53	 24.47	 20.95	 17.10	 27.87	 24.36	 23.07	 23.19	 27.17	 24.59	 19.44	 26.11	 27.63	 27.52	 26.23	 24.82	 26.47	 15.46	 16.28	 27.28	 50.00	 22.72	 22.83	 26.82	 27.28	 27.87	 26.28	 16.98	 16.86	 22.01	 24.94	 25.64	 27.28	 23.77	 23.65	 28.97	 23.07	 28.34	 26.93		Anolis_sagrei 3
				  0.00	 29.01	 29.57	 11.94	 14.86	 12.73	 13.96	 14.64	 54.89	 26.80	 22.69	 25.34	 14.75	 10.59	 25.40	 31.15	 28.72	 25.37	 25.68	 11.60	 29.28	 26.69	 27.59	 15.65	 28.83	 25.68	 14.53	 12.84	 12.39	 11.37	 30.23	 30.43	 26.58	 26.69	  6.31	 50.54	 27.03	 27.48	 31.45	 12.39	  7.88	 28.83	 25.23	 25.56	 26.80	 30.07	 30.41	 10.02	 28.60	 28.04	 14.86	 29.50	 13.33	  5.29		Arizona_elegans 4
					  0.00	  3.27	 28.33	 30.36	 29.57	 30.14	 28.89	 56.52	 23.93	 24.21	 25.73	 29.46	 30.47	 23.98	 27.49	 25.85	 23.26	 25.40	 30.47	 26.98	 25.28	 25.85	 29.91	 26.75	 23.59	 28.33	 28.78	 29.80	 29.01	 28.02	 28.34	 25.28	 26.41	 29.01	 52.69	 25.17	 25.85	 30.16	 29.01	 29.68	 12.32	 25.85	 26.41	 24.94	 28.44	 28.67	 29.12	 26.19	 26.52	 30.43	 25.17	 29.72	 28.78		Aspidocelis_tigris 5
						  0.00	 28.67	 30.81	 30.02	 30.93	 29.23	 56.52	 24.38	 24.09	 25.51	 29.80	 30.47	 24.89	 27.15	 26.07	 22.81	 24.94	 30.70	 26.98	 25.51	 26.07	 30.36	 27.43	 24.15	 28.44	 29.35	 30.36	 29.80	 27.79	 28.34	 25.17	 26.30	 30.02	 52.69	 25.06	 25.62	 30.39	 29.23	 29.91	 12.20	 26.07	 26.86	 25.28	 28.78	 29.01	 29.23	 26.75	 26.07	 30.81	 25.51	 30.07	 29.46		Aspidoscelis_marmoratus 6
							  0.00	 17.00	  9.23	 14.75	 14.75	 56.52	 26.69	 22.57	 26.46	 11.94	 13.51	 25.51	 29.57	 27.14	 25.48	 25.34	 14.64	 29.17	 27.48	 27.82	 15.43	 27.36	 26.46	 14.53	 15.20	 14.86	 13.51	 28.41	 30.77	 26.58	 26.58	 13.29	 52.69	 26.91	 27.48	 32.01	  7.66	 13.63	 28.83	 26.35	 26.58	 26.91	 29.28	 30.18	 13.63	 27.93	 28.27	 13.35	 29.50	 14.48	 12.95		Azemiops_feae 7
								  0.00	 16.33	 16.67	 17.45	 55.98	 28.38	 25.97	 27.48	 16.78	 14.30	 28.67	 30.93	 30.41	 28.67	 27.36	 14.53	 30.41	 29.73	 30.18	 18.81	 29.39	 27.70	 16.67	 14.64	 14.98	 15.54	 31.93	 32.01	 27.93	 28.15	 13.74	 53.76	 29.17	 29.50	 32.24	 16.10	 15.77	 30.17	 27.03	 26.91	 27.70	 30.63	 31.64	 13.74	 29.28	 29.50	 16.25	 31.19	 13.10	 14.53		Boaedon_fuliginosus 8
									  0.00	 15.88	 15.43	 52.72	 27.03	 23.67	 26.01	 11.82	 12.73	 26.52	 30.59	 27.93	 26.39	 25.90	 13.85	 28.83	 28.04	 28.15	 17.12	 27.93	 27.25	 15.32	 14.53	 14.86	 13.96	 29.09	 29.52	 27.93	 27.82	 13.63	 51.61	 28.04	 28.60	 30.88	  6.76	 14.30	 28.71	 27.36	 27.14	 28.15	 30.29	 30.74	 12.95	 28.72	 29.17	 13.10	 30.52	 15.17	 12.95		Bothrops_jararaca 9
										  0.00	 15.65	 57.07	 26.80	 23.91	 26.91	 16.67	 14.86	 26.52	 30.25	 28.49	 27.65	 26.58	 14.64	 28.83	 28.49	 28.38	 12.05	 27.70	 26.13	 15.77	 14.19	  9.80	  8.90	 29.32	 30.20	 26.24	 26.13	 15.43	 51.61	 28.04	 28.83	 32.92	 13.74	 15.09	 30.17	 26.46	 26.58	 27.36	 30.29	 30.97	 14.30	 28.15	 28.60	 17.13	 29.95	 15.86	 14.53		Bungarus_multicintus 10
											  0.00	 54.35	 24.32	 22.33	 25.23	 16.33	 16.22	 25.62	 28.78	 27.36	 25.26	 24.32	 15.77	 27.70	 25.90	 26.13	 17.00	 26.80	 24.44	 11.04	 17.12	 17.00	 15.43	 29.32	 28.73	 25.79	 25.68	 15.20	 51.08	 25.68	 26.69	 30.20	 13.63	 15.88	 27.37	 24.44	 24.44	 26.58	 27.93	 28.94	 15.43	 27.59	 27.82	 17.51	 27.93	 16.90	 15.20		Charina_bottae 11
												  0.00	 59.24	 55.00	 55.98	 54.89	 54.35	 55.98	 58.15	 55.98	 59.24	 54.89	 53.80	 57.07	 55.43	 55.43	 55.98	 51.09	 60.87	 55.43	 54.89	 53.80	 55.98	 56.52	 54.35	 55.98	 56.52	 55.98	 34.25	 57.61	 56.52	 54.89	 52.72	 59.24	 57.86	 59.24	 58.15	 54.89	 58.70	 60.33	 53.80	 56.52	 59.78	 54.72	 56.52	 56.02	 55.98		Crotalus_tigris 12
													  0.00	 17.48	 18.92	 26.58	 27.25	 20.77	 25.51	 23.65	 20.82	 18.58	 26.58	 22.97	 21.96	 21.96	 28.94	 22.75	 15.43	 25.11	 27.14	 27.03	 26.80	 26.14	 27.15	 18.92	 19.26	 26.01	 54.30	 20.72	 21.96	 28.17	 26.69	 27.70	 25.18	 17.91	 18.36	 21.96	 26.24	 25.79	 26.24	 24.66	 25.11	 27.71	 22.86	 25.52	 26.01		Cryptoblepharus_egeriae 13
														  0.00	  7.28	 24.76	 24.03	 18.37	 21.29	 23.30	 19.63	  5.46	 24.15	 21.00	 20.63	 19.90	 24.76	 21.00	 16.87	 22.09	 25.24	 23.42	 22.94	 23.04	 25.12	 11.53	 12.26	 23.30	 47.54	 20.27	 21.60	 24.63	 22.57	 24.88	 22.57	 11.04	 12.01	 18.93	 22.45	 23.67	 23.54	 22.94	 21.97	 25.06	 22.69	 23.91	 23.42		Ctenosaura_bakeri 14
															  0.00	 27.82	 25.79	 21.33	 24.60	 25.11	 22.75	  8.11	 26.46	 23.20	 22.97	 22.41	 26.24	 22.75	 19.14	 24.55	 27.03	 25.45	 24.10	 26.25	 25.90	 14.86	 14.98	 24.89	 52.69	 22.86	 23.54	 27.71	 24.77	 26.80	 23.72	 14.30	 14.64	 21.28	 25.00	 26.01	 24.32	 24.55	 23.31	 26.57	 24.77	 26.09	 25.11		Cyclura_pinguis 15
																  0.00	 15.20	 27.09	 30.36	 28.38	 27.30	 27.25	 16.10	 31.42	 29.62	 29.62	 18.24	 29.05	 27.48	 17.45	 15.20	 16.67	 15.43	 30.57	 31.00	 27.70	 28.60	 14.19	 49.46	 28.38	 29.05	 32.35	 12.16	 14.98	 29.81	 28.15	 28.49	 26.91	 29.95	 29.28	 15.20	 29.95	 30.07	  9.07	 31.19	 15.86	 14.64		Daboia_siamensis 16
																	  0.00	 27.65	 32.84	 28.49	 25.60	 25.90	  9.01	 31.08	 28.38	 28.94	 15.88	 29.17	 25.79	 14.75	 12.39	 11.37	 10.25	 29.77	 29.52	 27.14	 27.36	 11.82	 56.45	 28.60	 28.83	 31.79	 12.16	 11.60	 28.95	 26.35	 26.91	 27.82	 29.50	 31.42	  8.11	 28.60	 29.39	 15.62	 30.07	 11.84	 10.59		Diadophis_punctatus 17
																		  0.00	 25.45	 25.85	 23.83	 19.41	 27.88	 24.15	 24.38	 24.72	 26.86	 25.51	 20.77	 25.62	 28.22	 26.75	 26.19	 26.65	 26.64	 19.98	 20.77	 26.07	 52.69	 23.93	 24.49	 27.78	 24.83	 26.75	 24.94	 20.88	 20.77	 18.74	 26.07	 26.64	 26.07	 21.67	 20.32	 27.65	 23.93	 26.84	 26.07		Elgaria_multicarinata 18
																			  0.00	 24.72	 27.14	 23.14	 31.72	 27.99	 26.64	 26.07	 30.70	 22.80	 26.07	 28.89	 31.72	 30.81	 30.81	 26.77	 28.12	 24.72	 23.93	 30.47	 52.15	 25.62	 26.52	 28.68	 29.46	 30.70	 26.59	 24.49	 24.15	 24.60	 25.40	 27.65	 31.04	 27.31	 26.98	 29.67	 27.09	 30.07	 31.26		Eublepharis_macularius 19
																				  0.00	 24.35	 24.55	 29.95	 25.11	 25.23	 25.34	 30.52	 16.22	 23.54	 27.48	 28.15	 29.39	 29.28	 23.52	 28.62	 24.55	 24.55	 29.28	 55.38	 24.32	 24.77	 30.20	 26.91	 28.83	 26.28	 24.10	 24.44	 24.55	 21.85	 28.94	 29.28	 26.80	 27.48	 29.35	 26.46	 28.28	 29.17		Gekko_japonicus 20
																					  0.00	 21.62	 26.17	 24.80	 22.30	 22.53	 27.30	 23.55	 20.36	 24.91	 26.28	 26.39	 25.82	 24.83	 26.63	 21.27	 20.93	 25.94	 54.30	 23.09	 23.55	 27.89	 25.48	 26.85	 24.60	 22.64	 23.32	 23.55	 24.00	 26.51	 27.19	 26.28	 25.48	 27.13	 23.66	 26.83	 25.14		Hemicordylus_capensis 21
																						  0.00	 26.58	 21.73	 21.85	 21.73	 27.03	 23.20	 18.92	 24.21	 27.03	 25.79	 25.56	 23.98	 25.68	 13.06	 13.06	 25.45	 50.00	 21.06	 22.64	 26.92	 24.21	 27.14	 23.24	 12.39	 12.73	 20.72	 22.97	 25.34	 25.45	 23.20	 22.52	 26.20	 23.42	 25.98	 25.79		Iguana_delicatissima 22
																							  0.00	 29.50	 27.93	 28.04	 15.77	 28.27	 26.46	 16.44	 13.40	 12.73	 12.05	 30.68	 30.09	 27.36	 26.80	 11.82	 53.76	 28.60	 28.94	 31.67	 13.63	 12.39	 29.20	 26.46	 26.80	 27.93	 30.52	 30.74	  9.46	 28.15	 28.49	 16.75	 30.86	 11.84	 10.59		Imantodes_cenchoa 23
																								  0.00	 12.05	 11.37	 30.18	 25.34	 23.20	 29.05	 30.18	 29.84	 29.62	 28.98	 28.05	 22.86	 21.96	 29.17	 52.69	 13.29	 14.08	 30.54	 28.38	 29.84	 26.64	 22.97	 22.52	 23.09	 26.69	 27.48	 28.94	 26.91	 27.36	 31.23	 14.64	 29.08	 29.73		Lacerta_agilis 24
																									  0.00	  3.27	 29.73	 25.45	 21.51	 27.14	 28.94	 29.62	 27.48	 28.64	 27.49	 22.97	 22.41	 27.14	 52.69	 11.60	 12.27	 29.64	 27.14	 28.27	 26.28	 21.96	 22.75	 22.86	 26.58	 27.93	 27.82	 25.90	 26.01	 29.60	 13.40	 28.28	 27.59		Lacerta_bilineata 25
																										  0.00	 29.95	 24.89	 21.85	 27.36	 29.39	 29.39	 27.48	 29.09	 27.26	 22.64	 22.41	 27.48	 52.69	 11.94	 11.94	 30.09	 27.48	 28.27	 26.52	 22.07	 22.64	 22.52	 26.46	 27.93	 27.82	 26.46	 26.46	 29.35	 13.51	 28.28	 27.82		Lacerta_viridis 26
																											  0.00	 30.18	 27.14	 16.10	 16.22	 10.81	 10.14	 28.64	 31.79	 27.70	 27.48	 16.44	 54.30	 29.84	 30.52	 33.03	 16.10	 17.34	 30.17	 27.70	 28.49	 28.49	 31.19	 31.76	 15.43	 28.38	 29.17	 18.14	 32.43	 17.13	 15.32		Laticauda_colubrina 27
																												  0.00	 22.41	 27.14	 28.60	 29.17	 28.83	 24.66	 27.38	 24.21	 25.34	 28.72	 51.61	 24.44	 24.55	 27.60	 26.91	 28.94	 25.67	 23.20	 23.31	 22.30	 22.97	 29.50	 28.49	 27.03	 27.25	 29.47	 25.00	 27.36	 27.93		Lepidodactylus_listeri 28
																													  0.00	 24.32	 27.14	 26.91	 26.01	 26.93	 25.23	 18.24	 19.48	 25.68	 56.99	 19.03	 20.16	 28.05	 25.79	 25.68	 24.21	 18.02	 18.13	 20.27	 24.66	 24.10	 26.24	 23.54	 22.97	 28.46	 22.97	 25.98	 25.11		Lerista_edwardsae 29
																														  0.00	 16.67	 14.64	 14.41	 27.95	 29.41	 24.32	 23.87	 14.30	 52.15	 26.46	 26.80	 31.33	 14.19	 15.32	 26.89	 23.87	 23.65	 26.80	 28.94	 30.41	 15.43	 27.59	 27.14	 17.25	 28.94	 16.09	 14.30		Morelia_viridis 30
																															  0.00	 14.19	 13.06	 29.66	 29.98	 28.49	 28.15	 12.27	 50.54	 28.72	 29.62	 32.24	 13.74	 13.51	 28.83	 27.48	 28.04	 27.36	 29.84	 31.19	 12.05	 29.05	 30.07	 16.12	 30.74	 14.37	 11.37		Myanophis_thanlyinensis 31
																																  0.00	  8.22	 27.95	 30.77	 26.46	 26.24	 12.95	 52.69	 28.83	 29.50	 32.81	 14.41	 14.53	 28.83	 26.01	 27.03	 26.80	 29.73	 32.55	 11.60	 29.50	 28.94	 17.25	 30.74	 14.02	 12.61		Naja_naja 32
																																	  0.00	 29.09	 29.86	 25.90	 25.56	 12.39	 53.23	 27.14	 27.48	 32.24	 12.39	 12.95	 28.95	 25.45	 26.24	 26.35	 30.63	 31.19	 10.70	 28.15	 28.38	 16.12	 29.84	 12.87	 11.60		Ophiophagus_hannah 33
																																		  0.00	 29.00	 25.45	 25.00	 29.66	 54.84	 28.86	 29.89	 31.74	 28.18	 30.34	 28.26	 24.55	 24.77	 27.95	 25.80	 31.59	 30.34	 29.32	 30.34	 28.37	 30.11	 29.00	 29.89		Paroedura_picta 34
																																			  0.00	 25.90	 26.58	 30.32	 55.91	 28.17	 28.28	 26.02	 29.52	 31.11	 28.48	 26.13	 26.92	 26.92	 29.41	 29.41	 30.20	 28.05	 26.92	 30.00	 28.28	 29.45	 30.88		Phrynocephalus_versicolor 35
																																				  0.00	  6.19	 27.03	 51.61	 21.28	 21.73	 29.19	 26.35	 28.15	 25.06	 10.36	 10.81	 20.83	 25.34	 25.90	 26.58	 24.55	 23.87	 26.83	 22.30	 25.75	 26.24		Phrynosoma_blainvillii 36
																																					  0.00	 26.80	 50.54	 21.62	 22.07	 29.30	 26.35	 27.48	 25.67	 11.71	 11.60	 20.61	 24.89	 25.45	 26.69	 24.32	 23.65	 27.71	 22.86	 26.21	 26.24		Phrynosoma_platyrhinos 37
																																						  0.00	 54.30	 26.46	 27.59	 31.45	 13.29	  9.46	 28.83	 25.34	 25.56	 25.79	 29.95	 29.17	 10.92	 29.50	 28.94	 15.24	 29.95	 13.22	  4.62		Pituophis_catenifer 38
																																							  0.00	 53.76	 53.76	 52.15	 50.54	 50.54	 52.11	 53.76	 54.30	 51.61	 50.54	 56.99	 52.69	 51.08	 53.76	 53.15	 52.69	 51.19	 52.15		Plestiodon_gilberti 39
																																								  0.00	  4.62	 28.85	 27.14	 27.36	 25.18	 20.50	 20.72	 21.73	 26.13	 27.25	 27.59	 26.46	 25.90	 29.47	 12.95	 27.82	 27.03		Podarci_raffonei 40
																																									  0.00	 28.96	 27.70	 28.49	 25.55	 21.51	 21.73	 22.75	 27.48	 28.38	 28.49	 27.14	 27.03	 30.98	 13.63	 28.05	 27.25		Podarcis_muralis 41
																																										  0.00	 30.54	 32.01	 29.34	 30.32	 29.86	 29.41	 29.41	 31.45	 33.03	 30.43	 28.51	 33.16	 29.75	 32.45	 31.90		Pogona_vitticeps 42
																																											  0.00	 13.63	 28.47	 26.35	 26.01	 27.36	 28.94	 29.17	 11.60	 28.27	 28.38	 12.59	 29.95	 14.83	 12.27		Protobothrops_mucrosquamatus 43
																																												  0.00	 29.56	 27.25	 26.91	 27.70	 30.07	 29.84	 10.92	 29.73	 28.83	 15.37	 30.07	 14.02	  7.32		Ptyas_mucosa 44
																																													  0.00	 25.91	 26.28	 25.18	 28.83	 28.71	 28.35	 26.03	 25.67	 29.15	 26.76	 29.20	 28.71		Salvator_merianae 45
																																														  0.00	  3.83	 19.71	 24.66	 25.23	 25.79	 22.41	 22.86	 26.95	 22.64	 25.98	 25.11		Sceloporus_occidentalis 46
																																															  0.00	 19.93	 25.45	 26.01	 26.58	 22.30	 23.42	 26.57	 22.86	 26.09	 25.68		Sceloporus_tristichus 47
																																																  0.00	 25.34	 27.03	 26.46	 22.41	 21.17	 27.46	 23.76	 25.06	 26.24		Shinisaurus_crocodilurus 48
																																																	  0.00	 30.63	 30.63	 27.36	 27.03	 30.10	 27.25	 29.31	 30.41		Sphaerodactylus_townsendi 49
																																																		  0.00	 31.08	 28.04	 27.82	 28.34	 28.04	 31.03	 28.83		Sphenodon_punctatus 50
																																																			  0.00	 28.83	 27.82	 14.61	 30.74	 11.95	  9.23		Thermophis_baileyi 51
																																																				  0.00	 10.25	 29.97	 26.80	 27.59	 29.39		Varanus_komodoensis 52
																																																					  0.00	 30.23	 26.91	 28.51	 28.72		Varanus_salvator 53
																																																						  0.00	 31.49	 15.37	 15.49		Vipera_latastei 54
																																																							  0.00	 29.08	 29.84		Zootaca_vivipara 55
																																																								  0.00	 12.99		Thamnophis_elegans 56
																																																									  0.00		Pantherophis_guttatus 57
