Distance Matrix
---------------

Uncorrected for Multiple Substitutions
Using base positions 12 in the codon
Gap weighting is 0.000000

	    1	    2	    3	    4	    5	    6	    7	    8	    9	    10	    11	    12	    13	    14	    15	    16	    17	    18	    19	    20	    21	    22	    23	    24	    25	    26	    27	    28	    29	    30	    31	    32	    33	    34	    35	    36	    37	    38	    39	    40	    41	    42	    43	    44	    45	    46	    47	    48	    49	    50	    51	    52	    53	    54	    55	    56	    57
	  0.00	 36.52	 36.36	 22.88	 33.18	 34.55	 21.82	 22.12	 21.36	 21.43	 15.76	 21.67	 34.24	 34.50	 34.39	 20.76	 20.45	 35.15	 35.00	 37.27	 31.86	 34.24	 20.00	 37.27	 33.79	 34.24	 21.97	 35.15	 32.27	  9.85	 22.88	 21.67	 20.61	 37.73	 33.33	 34.70	 33.79	 21.36	 32.34	 35.30	 34.55	 35.00	 21.21	 21.06	 34.55	 33.64	 33.79	 32.12	 35.61	 37.42	 21.06	 36.36	 34.55	 22.42	 36.06	 21.21	 22.12		Python_bivittatus 1
		  0.00	 19.39	 36.67	 28.33	 28.18	 37.42	 37.88	 36.52	 35.87	 35.91	 35.91	 28.79	 21.73	 22.12	 36.67	 35.91	 28.18	 28.79	 32.12	 29.88	 20.30	 35.45	 31.67	 28.03	 29.24	 36.97	 33.64	 26.97	 36.82	 37.12	 35.76	 35.76	 34.70	 34.55	 23.48	 23.79	 37.12	 22.55	 29.55	 28.79	 31.06	 35.76	 36.52	 30.45	 24.24	 23.64	 29.09	 31.21	 35.61	 36.97	 30.15	 33.18	 37.42	 31.36	 35.00	 36.36		Anolis_carolinensis 2
			  0.00	 36.67	 28.48	 28.33	 35.76	 36.82	 37.42	 34.95	 34.85	 36.52	 26.06	 21.88	 22.12	 36.21	 35.91	 29.55	 29.24	 33.18	 27.44	 22.73	 36.97	 30.00	 27.42	 28.33	 36.06	 33.03	 23.64	 36.67	 36.36	 35.30	 36.06	 33.18	 34.24	 23.48	 22.42	 35.76	 21.06	 26.97	 28.03	 31.36	 35.45	 35.45	 28.79	 21.67	 21.36	 26.67	 30.61	 35.61	 37.88	 30.61	 31.82	 38.03	 28.79	 34.85	 35.15		Anolis_sagrei 3
				  0.00	 36.36	 36.67	 22.58	 19.70	 21.97	 20.67	 23.64	 21.67	 37.88	 36.78	 37.12	 20.91	 15.00	 36.82	 37.73	 35.61	 35.82	 36.06	 14.39	 39.24	 36.82	 36.82	 19.24	 35.45	 35.76	 25.76	 20.15	 18.64	 19.55	 38.48	 34.55	 35.30	 35.15	 11.82	 33.19	 37.58	 36.97	 36.52	 22.27	 13.03	 36.06	 34.70	 35.45	 36.06	 38.94	 36.52	 16.67	 36.82	 37.58	 23.18	 36.97	 17.12	  9.39		Arizona_elegans 4
					  0.00	  4.70	 34.09	 35.91	 34.70	 32.83	 34.70	 36.52	 30.00	 27.20	 28.48	 35.15	 34.85	 28.79	 28.94	 31.97	 28.96	 27.12	 34.39	 31.67	 30.30	 30.61	 33.94	 33.48	 30.15	 32.58	 36.06	 34.55	 35.45	 33.94	 32.27	 28.18	 27.42	 35.00	 26.38	 29.70	 28.94	 31.67	 32.42	 34.55	 15.00	 28.48	 28.18	 29.09	 33.79	 32.73	 36.67	 32.58	 34.55	 36.52	 32.42	 33.33	 34.85		Aspidocelis_tigris 5
						  0.00	 34.39	 36.21	 35.00	 33.74	 35.45	 36.67	 30.15	 27.51	 27.73	 36.21	 34.85	 28.03	 29.85	 32.88	 29.12	 26.52	 34.85	 32.12	 30.76	 30.91	 34.09	 34.24	 31.06	 34.09	 35.91	 34.70	 35.30	 34.70	 32.12	 27.73	 26.67	 35.15	 27.45	 29.55	 29.70	 31.82	 33.03	 34.24	 14.70	 28.64	 27.58	 29.85	 35.00	 33.48	 37.12	 32.88	 35.45	 36.97	 32.12	 33.64	 35.76		Aspidoscelis_marmoratus 6
							  0.00	 22.58	 14.70	 21.28	 22.42	 15.30	 34.55	 33.28	 32.88	 16.97	 21.21	 35.15	 36.21	 35.91	 35.37	 33.03	 20.91	 37.88	 35.00	 34.70	 21.06	 33.48	 33.03	 22.12	 24.39	 20.45	 21.06	 36.21	 33.79	 34.70	 33.48	 19.55	 31.49	 34.85	 35.76	 37.27	 14.24	 20.91	 35.00	 34.09	 32.88	 33.18	 36.52	 36.36	 22.27	 36.52	 36.52	 18.48	 35.91	 21.36	 20.61		Azemiops_feae 7
								  0.00	 23.48	 22.64	 23.18	 23.94	 38.64	 36.02	 36.82	 22.58	 18.03	 36.67	 36.97	 36.67	 35.21	 34.55	 19.70	 39.85	 37.42	 38.03	 22.27	 34.85	 36.06	 23.33	 22.73	 20.91	 21.97	 39.24	 32.88	 35.61	 35.76	 19.09	 32.98	 38.94	 38.18	 36.52	 22.73	 19.09	 37.12	 35.76	 35.00	 33.94	 39.09	 36.97	 20.45	 36.52	 35.91	 25.30	 38.79	 16.52	 19.85		Boaedon_fuliginosus 8
									  0.00	 20.52	 22.12	 14.24	 35.15	 34.35	 33.03	 16.67	 20.91	 36.52	 38.03	 35.15	 36.13	 33.03	 20.61	 39.09	 36.97	 37.12	 19.24	 34.70	 33.33	 19.39	 22.73	 21.21	 19.55	 38.33	 33.64	 35.91	 35.30	 20.30	 32.77	 36.06	 36.36	 35.30	 13.94	 20.61	 35.30	 36.52	 35.76	 36.52	 36.82	 38.94	 21.67	 36.21	 37.88	 19.39	 36.97	 21.67	 21.06		Bothrops_jararaca 9
										  0.00	 22.64	 22.04	 34.65	 33.84	 34.65	 20.67	 18.69	 35.56	 36.47	 37.54	 33.64	 33.74	 19.30	 39.21	 35.87	 36.17	 15.81	 36.02	 35.41	 22.64	 21.43	 13.83	 15.50	 36.63	 34.19	 36.17	 34.80	 18.69	 32.69	 35.87	 36.17	 35.41	 20.52	 18.09	 34.35	 34.80	 34.04	 35.26	 39.21	 37.99	 20.52	 36.78	 37.23	 21.28	 37.99	 17.78	 19.45		Bungarus_multicintus 10
											  0.00	 22.42	 33.79	 33.28	 31.97	 22.88	 21.97	 36.06	 35.91	 36.21	 31.25	 32.73	 21.06	 37.42	 34.55	 34.24	 22.12	 33.64	 32.27	 15.91	 23.33	 21.97	 21.67	 36.82	 34.70	 33.79	 32.12	 23.03	 31.06	 34.55	 34.24	 35.15	 21.82	 22.27	 36.06	 33.18	 33.18	 33.18	 35.61	 37.27	 23.79	 36.67	 34.70	 24.09	 36.52	 20.30	 23.33		Charina_bottae 11
												  0.00	 35.61	 33.59	 33.18	 17.58	 20.00	 36.52	 35.91	 35.00	 37.20	 33.94	 18.94	 37.42	 36.36	 36.06	 19.70	 34.24	 34.85	 23.18	 22.88	 19.55	 17.88	 37.58	 34.70	 35.00	 34.85	 20.76	 32.34	 35.15	 36.36	 37.27	 11.52	 20.15	 37.58	 35.30	 34.24	 34.85	 36.67	 37.27	 21.36	 36.06	 36.82	 19.09	 36.36	 20.45	 20.45		Crotalus_tigris 12
													  0.00	 25.08	 23.79	 36.06	 35.91	 27.27	 29.55	 31.52	 27.29	 23.94	 36.06	 29.70	 28.64	 28.33	 36.82	 31.21	 19.85	 35.00	 36.67	 35.15	 35.76	 32.27	 34.39	 25.30	 25.76	 35.61	 16.17	 28.64	 28.64	 31.52	 33.18	 36.67	 31.97	 25.30	 24.24	 29.55	 29.70	 32.12	 35.76	 32.27	 29.39	 36.52	 31.06	 34.55	 37.12		Cryptoblepharus_egeriae 13
														  0.00	 12.01	 35.56	 36.47	 27.36	 26.29	 31.76	 25.23	 10.49	 33.74	 31.61	 25.84	 26.14	 34.80	 30.70	 22.95	 34.04	 36.63	 33.74	 32.98	 33.28	 33.13	 18.24	 17.78	 34.19	 19.02	 25.23	 26.60	 31.76	 32.22	 33.89	 28.27	 18.24	 17.63	 27.36	 30.55	 34.95	 35.11	 29.48	 28.27	 36.32	 28.88	 33.59	 35.11		Ctenosaura_bakeri 14
															  0.00	 34.09	 36.36	 25.91	 26.06	 31.82	 25.76	 10.91	 34.55	 29.85	 25.15	 25.15	 35.30	 31.67	 21.06	 34.70	 36.36	 34.39	 33.79	 33.64	 33.33	 17.73	 17.42	 34.39	 19.36	 25.91	 27.12	 30.15	 32.42	 33.79	 29.09	 18.48	 18.64	 26.52	 28.79	 35.00	 34.70	 30.30	 29.85	 35.61	 27.73	 33.94	 35.61		Cyclura_pinguis 15
																  0.00	 20.61	 36.97	 36.36	 36.36	 35.98	 35.15	 19.85	 40.00	 37.12	 36.82	 20.61	 35.45	 35.00	 22.12	 22.73	 19.55	 19.85	 37.12	 33.48	 35.61	 36.06	 20.76	 33.62	 38.18	 37.73	 36.67	 16.52	 20.30	 35.45	 35.61	 35.45	 34.85	 36.21	 37.12	 21.06	 35.91	 36.97	 13.94	 37.73	 21.21	 21.21		Daboia_siamensis 16
																	  0.00	 34.09	 36.97	 35.76	 34.45	 34.55	 14.24	 37.58	 36.21	 36.21	 20.45	 33.64	 33.79	 21.52	 19.24	 17.88	 17.88	 38.79	 35.00	 35.00	 33.79	 15.00	 32.98	 37.12	 36.36	 37.88	 20.45	 15.30	 34.24	 33.48	 32.88	 33.64	 37.88	 38.33	 11.82	 38.48	 38.03	 22.88	 36.82	 15.30	 15.15		Diadophis_punctatus 17
																		  0.00	 29.55	 34.70	 29.27	 25.45	 35.00	 31.21	 29.24	 28.94	 36.52	 34.55	 26.36	 36.21	 37.12	 35.61	 35.76	 35.15	 32.12	 27.73	 26.67	 35.30	 21.91	 28.94	 30.00	 32.58	 35.45	 35.45	 29.85	 25.76	 26.67	 24.24	 31.36	 36.21	 36.21	 32.27	 32.12	 38.48	 31.06	 34.55	 36.36		Elgaria_multicarinata 18
																			  0.00	 31.52	 30.18	 25.91	 34.70	 31.67	 30.30	 29.85	 38.03	 29.85	 29.70	 35.30	 37.42	 36.21	 35.00	 32.27	 31.97	 27.58	 27.58	 36.06	 24.68	 30.61	 30.00	 31.67	 34.85	 35.45	 30.45	 27.73	 27.88	 28.64	 30.15	 35.91	 36.97	 32.12	 30.76	 36.97	 33.18	 35.00	 37.42		Eublepharis_macularius 19
																				  0.00	 32.77	 30.30	 34.55	 34.24	 33.33	 33.94	 36.97	 20.00	 32.12	 36.67	 38.03	 36.67	 36.06	 30.61	 37.73	 31.36	 31.67	 35.00	 27.66	 33.64	 33.79	 35.45	 34.85	 34.70	 35.15	 30.76	 30.61	 34.85	 28.18	 37.42	 36.97	 36.06	 36.06	 38.18	 35.61	 35.61	 35.00		Gekko_japonicus 20
																					  0.00	 25.76	 33.08	 31.25	 28.81	 28.51	 35.06	 31.86	 26.07	 33.23	 35.67	 33.69	 33.08	 34.15	 31.10	 26.07	 25.00	 36.59	 19.31	 28.96	 29.42	 32.77	 35.21	 34.45	 30.18	 25.46	 25.15	 28.35	 31.71	 33.38	 37.35	 30.18	 30.64	 36.89	 31.40	 33.84	 36.74		Hemicordylus_capensis 21
																						  0.00	 33.03	 29.24	 25.45	 26.06	 35.00	 30.15	 21.97	 33.33	 34.70	 33.79	 32.88	 32.42	 32.88	 16.21	 17.27	 33.64	 18.72	 25.61	 26.36	 31.21	 32.42	 32.88	 26.21	 16.36	 16.36	 26.06	 29.09	 34.85	 34.70	 29.24	 29.39	 35.76	 26.97	 33.03	 34.24		Iguana_delicatissima 22
																							  0.00	 36.97	 35.76	 35.61	 18.94	 33.64	 34.55	 22.42	 20.15	 18.79	 18.33	 38.64	 34.70	 33.48	 34.24	 15.45	 32.34	 36.36	 36.52	 36.06	 17.58	 15.91	 35.15	 32.88	 33.18	 34.55	 35.76	 37.12	 16.21	 35.76	 35.45	 20.45	 37.73	 16.21	 16.06		Imantodes_cenchoa 23
																								  0.00	 18.64	 19.09	 39.55	 33.64	 30.30	 36.67	 40.45	 39.39	 39.09	 35.61	 36.21	 28.48	 29.70	 36.97	 25.53	 21.82	 21.36	 35.61	 37.42	 39.09	 34.24	 28.64	 29.85	 33.18	 32.73	 40.30	 38.64	 35.15	 34.70	 40.45	 22.27	 37.42	 37.12		Lacerta_agilis 24
																									  0.00	  3.94	 37.12	 32.73	 28.33	 33.79	 37.27	 36.36	 35.91	 32.88	 34.85	 25.45	 26.21	 34.70	 24.47	 16.97	 15.91	 35.15	 35.15	 37.42	 32.27	 26.67	 27.12	 29.70	 29.70	 38.18	 35.91	 31.21	 31.36	 37.88	 18.79	 35.45	 35.30		Lacerta_bilineata 25
																										  0.00	 37.58	 33.48	 27.88	 34.24	 37.58	 36.06	 35.76	 33.48	 35.45	 26.06	 26.36	 35.30	 24.26	 17.73	 16.97	 35.61	 35.76	 37.58	 32.58	 26.82	 27.58	 29.85	 30.61	 38.64	 36.52	 32.27	 32.12	 38.33	 19.85	 35.76	 35.91		Lacerta_viridis 26
																											  0.00	 36.36	 35.30	 23.48	 21.52	 14.70	 14.24	 38.33	 35.15	 35.91	 34.55	 20.76	 34.04	 37.42	 36.67	 35.45	 20.15	 19.24	 37.12	 35.30	 35.00	 35.15	 38.48	 37.27	 19.70	 36.82	 38.03	 21.97	 38.03	 19.85	 19.39		Laticauda_colubrina 27
																												  0.00	 31.82	 35.15	 37.58	 34.09	 34.85	 26.97	 37.58	 32.12	 31.36	 34.70	 26.81	 31.21	 32.58	 35.61	 33.94	 33.64	 36.82	 29.55	 29.70	 33.48	 25.76	 34.85	 35.45	 36.21	 34.55	 37.12	 34.24	 32.27	 34.09		Lepidodactylus_listeri 28
																													  0.00	 31.97	 36.06	 35.45	 35.15	 33.48	 33.03	 23.64	 22.73	 33.94	 12.34	 27.73	 28.18	 31.97	 33.48	 34.39	 31.21	 22.27	 22.12	 26.82	 30.91	 35.30	 34.70	 30.45	 30.61	 37.27	 28.64	 34.39	 34.39		Lerista_edwardsae 29
																														  0.00	 24.85	 22.58	 22.58	 36.97	 34.70	 35.00	 34.24	 21.97	 32.98	 34.70	 33.94	 34.70	 21.82	 22.27	 34.55	 34.09	 33.64	 33.64	 37.27	 37.42	 22.42	 36.52	 36.21	 25.00	 36.36	 21.67	 23.03		Morelia_viridis 30
																															  0.00	 20.00	 20.45	 38.94	 36.36	 36.67	 36.97	 19.70	 34.26	 37.27	 37.58	 36.52	 21.97	 19.39	 36.97	 35.45	 35.45	 35.00	 38.94	 38.64	 20.45	 37.88	 38.33	 25.45	 39.09	 18.79	 20.61		Myanophis_thanlyinensis 31
																																  0.00	 12.27	 37.73	 33.48	 34.24	 33.79	 18.33	 33.83	 37.12	 36.67	 36.67	 20.61	 17.58	 36.67	 34.09	 34.09	 35.76	 38.03	 37.58	 20.15	 35.76	 35.91	 22.42	 38.33	 16.82	 18.94		Naja_naja 32
																																	  0.00	 38.03	 32.42	 36.06	 34.39	 18.03	 32.34	 35.15	 35.30	 37.27	 17.58	 17.27	 37.42	 33.79	 33.03	 34.70	 35.45	 37.73	 19.09	 37.12	 36.67	 22.27	 36.67	 18.64	 18.79		Ophiophagus_hannah 33
																																		  0.00	 37.42	 34.55	 33.94	 36.36	 30.85	 32.58	 32.88	 37.42	 35.91	 37.12	 36.06	 33.03	 33.33	 36.06	 29.55	 37.88	 39.55	 37.42	 35.61	 39.55	 35.76	 36.97	 36.67		Paroedura_picta 34
																																			  0.00	 32.73	 33.79	 33.18	 27.87	 35.61	 34.70	 27.12	 32.27	 32.12	 33.03	 33.48	 33.64	 34.85	 37.42	 36.06	 37.42	 33.94	 34.85	 35.00	 36.52	 32.88	 32.88		Phrynocephalus_versicolor 35
																																				  0.00	  9.24	 35.30	 20.85	 26.21	 26.52	 34.39	 34.09	 33.48	 29.09	 15.45	 15.61	 27.73	 31.21	 34.24	 35.91	 30.45	 30.76	 36.97	 27.27	 34.24	 35.45		Phrynosoma_blainvillii 36
																																					  0.00	 34.70	 18.09	 26.97	 26.82	 34.39	 34.09	 33.18	 29.09	 16.06	 15.15	 26.82	 30.61	 34.39	 36.52	 31.67	 31.67	 37.88	 28.33	 33.64	 34.70		Phrynosoma_platyrhinos 37
																																						  0.00	 32.55	 34.39	 34.55	 36.06	 19.85	 12.27	 35.00	 35.00	 33.18	 36.06	 39.55	 36.67	 15.91	 36.52	 35.00	 22.88	 34.85	 16.82	  6.82		Pituophis_catenifer 38
																																							  0.00	 23.62	 23.62	 27.66	 31.06	 32.77	 29.79	 19.36	 18.51	 24.68	 25.32	 31.70	 34.47	 28.94	 27.66	 35.96	 25.74	 31.70	 32.98		Plestiodon_gilberti 39
																																								  0.00	  7.27	 35.00	 33.64	 35.61	 31.36	 26.82	 26.97	 30.45	 30.45	 38.18	 38.18	 32.73	 33.79	 37.12	 17.88	 35.45	 35.30		Podarci_raffonei 40
																																									  0.00	 34.85	 34.39	 35.61	 32.12	 27.88	 27.42	 31.21	 31.67	 36.82	 37.73	 33.18	 32.88	 37.88	 18.79	 35.76	 36.06		Podarcis_muralis 41
																																										  0.00	 34.70	 34.55	 32.27	 33.48	 33.18	 34.24	 35.00	 38.48	 37.88	 33.79	 32.73	 38.33	 36.82	 34.85	 36.06		Pogona_vitticeps 42
																																											  0.00	 19.24	 34.24	 34.09	 34.39	 33.03	 35.15	 37.27	 21.36	 35.91	 36.36	 17.42	 35.00	 21.21	 21.06		Protobothrops_mucrosquamatus 43
																																												  0.00	 34.85	 32.73	 32.12	 33.79	 37.42	 36.82	 16.67	 36.67	 36.21	 22.73	 36.06	 16.82	 11.67		Ptyas_mucosa 44
																																													  0.00	 29.55	 29.55	 30.61	 34.55	 35.45	 36.21	 34.85	 36.06	 36.67	 32.73	 35.45	 35.61		Salvator_merianae 45
																																														  0.00	  6.82	 27.58	 28.03	 35.91	 35.00	 31.52	 33.03	 36.52	 27.88	 33.03	 34.70		Sceloporus_occidentalis 46
																																															  0.00	 26.06	 28.48	 35.61	 34.24	 31.52	 32.12	 37.12	 27.88	 31.52	 33.64		Sceloporus_tristichus 47
																																																  0.00	 32.27	 35.00	 34.70	 31.36	 31.67	 37.27	 29.70	 34.09	 35.61		Shinisaurus_crocodilurus 48
																																																	  0.00	 37.12	 38.03	 35.15	 36.21	 38.64	 33.64	 37.73	 39.39		Sphaerodactylus_townsendi 49
																																																		  0.00	 38.48	 38.33	 38.94	 38.79	 39.39	 36.82	 36.52		Sphenodon_punctatus 50
																																																			  0.00	 38.33	 37.58	 23.48	 36.67	 16.06	 15.45		Thermophis_baileyi 51
																																																				  0.00	 15.45	 36.82	 34.39	 35.76	 36.97		Varanus_komodoensis 52
																																																					  0.00	 38.94	 35.00	 35.76	 36.52		Varanus_salvator 53
																																																						  0.00	 38.79	 21.82	 23.48		Vipera_latastei 54
																																																							  0.00	 36.67	 35.91		Zootaca_vivipara 55
																																																								  0.00	 16.82		Thamnophis_elegans 56
																																																									  0.00		Pantherophis_guttatus 57
