Distance Matrix
---------------

Uncorrected for Multiple Substitutions
Using base positions 12 in the codon
Gap weighting is 0.000000

	    1	    2	    3	    4	    5	    6	    7	    8	    9	    10	    11	    12	    13	    14	    15	    16	    17	    18	    19	    20	    21	    22	    23	    24	    25	    26	    27	    28	    29	    30	    31	    32	    33	    34	    35	    36	    37	    38	    39	    40	    41	    42	    43	    44	    45	    46	    47	    48	    49	    50	    51	    52	    53	    54	    55	    56	    57
	  0.00	 31.46	 32.58	 16.85	 39.33	 38.76	 14.04	 14.88	 12.92	 15.73	 11.24	 12.36	 34.27	 33.61	 32.58	 18.54	 14.88	 34.83	 35.96	 38.76	 32.58	 31.46	 15.73	 33.71	 33.15	 33.15	 17.98	 37.08	 32.58	  8.99	 20.22	 17.98	 17.42	 44.94	 43.68	 33.71	 30.90	 18.54	 31.46	 34.83	 37.64	 41.38	 12.36	 17.42	 38.76	 29.21	 30.34	 34.27	 32.58	 35.39	 17.98	 37.64	 33.71	 19.66	 33.15	 15.17	 18.54		Python_bivittatus 1
		  0.00	 15.73	 35.39	 27.53	 26.97	 35.96	 35.12	 34.83	 34.83	 32.02	 33.71	 23.60	 22.95	 19.10	 38.76	 34.52	 21.35	 25.28	 30.90	 24.16	 16.85	 33.71	 26.97	 25.84	 27.53	 37.08	 29.78	 21.35	 33.15	 35.96	 37.08	 34.83	 39.89	 37.93	 17.42	 16.29	 34.27	 21.91	 28.65	 30.34	 36.78	 33.71	 34.83	 28.65	 20.22	 19.66	 19.10	 32.02	 30.34	 34.27	 29.21	 28.09	 39.89	 29.21	 35.39	 33.71		Anolis_carolinensis 2
			  0.00	 33.71	 30.34	 30.34	 34.27	 35.12	 33.71	 35.96	 30.90	 32.58	 25.84	 17.21	 19.66	 35.39	 33.93	 24.72	 24.72	 33.71	 24.16	 17.42	 35.39	 28.09	 26.40	 26.97	 38.20	 28.09	 24.72	 33.71	 36.52	 37.64	 36.52	 38.20	 38.51	 16.85	 15.73	 33.15	 24.16	 28.65	 30.90	 41.38	 33.71	 33.15	 28.65	 20.22	 20.79	 25.28	 27.53	 31.46	 36.52	 24.72	 24.72	 39.33	 29.78	 35.39	 32.02		Anolis_sagrei 3
				  0.00	 42.13	 41.57	 15.17	 13.10	 12.36	 12.36	 17.98	 10.67	 39.33	 33.61	 33.15	 20.79	  7.74	 39.89	 39.89	 41.01	 34.27	 32.02	  8.43	 38.20	 37.08	 38.20	 14.61	 37.08	 38.20	 17.98	 14.04	 11.80	 11.24	 44.94	 46.55	 35.39	 34.27	  5.62	 36.52	 35.96	 37.64	 42.53	 13.48	  7.87	 35.96	 34.27	 34.27	 37.08	 37.64	 37.64	 10.11	 38.20	 32.58	 23.03	 36.52	 10.11	  5.62		Arizona_elegans 4
					  0.00	  7.30	 41.57	 39.88	 40.45	 44.94	 35.96	 39.89	 32.58	 34.43	 32.02	 47.19	 40.48	 23.60	 27.53	 37.64	 28.09	 29.21	 42.70	 32.02	 30.34	 30.90	 44.38	 33.71	 30.34	 39.33	 42.13	 44.94	 42.70	 42.13	 31.03	 30.34	 29.21	 41.01	 29.78	 30.90	 31.46	 32.18	 41.01	 41.01	 15.17	 30.34	 32.02	 28.09	 33.15	 32.02	 42.70	 30.90	 29.78	 47.19	 28.65	 39.89	 41.57		Aspidocelis_tigris 5
						  0.00	 40.45	 38.10	 39.89	 43.26	 35.39	 38.20	 30.90	 34.43	 30.90	 44.94	 40.48	 24.72	 27.53	 36.52	 26.97	 28.09	 39.33	 32.02	 30.34	 30.34	 42.13	 33.71	 28.65	 37.08	 41.01	 42.70	 42.13	 42.70	 32.18	 28.65	 28.65	 41.01	 29.21	 31.46	 33.15	 31.61	 40.45	 40.45	 16.85	 29.78	 30.34	 26.97	 32.58	 32.58	 42.70	 30.90	 29.78	 47.75	 32.02	 39.33	 39.33		Aspidoscelis_marmoratus 6
							  0.00	 12.50	  6.74	 14.61	 16.85	  8.99	 35.96	 31.97	 32.02	 14.61	 13.10	 35.39	 39.33	 35.96	 35.96	 32.58	 17.42	 38.76	 37.64	 38.76	 19.10	 35.96	 34.83	 14.61	 17.98	 16.29	 14.61	 44.94	 46.55	 34.27	 32.02	 16.29	 33.15	 37.08	 37.64	 44.83	 10.11	 14.61	 39.33	 28.65	 30.34	 36.52	 33.71	 37.64	 16.85	 37.08	 30.90	 17.42	 38.76	 14.61	 16.29		Azemiops_feae 7
								  0.00	 12.50	 12.50	 14.29	 11.90	 35.12	 33.04	 33.33	 19.05	 10.12	 37.50	 39.88	 39.29	 34.52	 32.14	 11.31	 38.69	 38.10	 39.29	 13.10	 36.31	 35.12	 14.88	 13.69	 11.90	 13.10	 46.43	 46.95	 35.71	 32.74	 10.12	 34.52	 38.10	 40.48	 42.07	 12.50	  9.52	 39.29	 32.74	 33.93	 36.31	 36.90	 38.69	 10.71	 38.10	 33.93	 18.45	 39.88	  7.14	 13.10		Boaedon_fuliginosus 8
									  0.00	 11.80	 14.61	  5.06	 35.96	 31.97	 32.02	 14.61	 12.50	 35.39	 37.64	 39.89	 35.39	 31.46	 14.61	 38.20	 37.08	 38.20	 16.85	 37.08	 36.52	 14.04	 17.42	 14.04	 13.48	 44.94	 44.83	 34.83	 33.15	 15.73	 34.27	 36.52	 38.20	 44.25	  5.62	 14.04	 39.89	 30.90	 32.58	 37.64	 35.39	 35.39	 15.17	 37.08	 32.58	 17.42	 38.20	 12.92	 15.73		Bothrops_jararaca 9
										  0.00	 15.73	 12.92	 37.08	 33.61	 32.58	 20.79	 12.50	 37.64	 39.89	 42.13	 35.39	 33.15	 14.04	 38.20	 36.52	 37.64	 13.48	 40.45	 37.08	 18.54	 17.42	 12.36	 11.80	 47.75	 48.85	 36.52	 34.83	 14.61	 36.52	 34.83	 37.64	 43.68	 13.48	 12.92	 41.57	 32.58	 33.71	 37.08	 39.33	 37.64	 15.17	 40.45	 36.52	 20.22	 38.20	 12.36	 14.61		Bungarus_multicintus 10
											  0.00	 15.73	 34.27	 31.97	 30.34	 22.47	 15.48	 33.15	 33.71	 37.64	 32.58	 29.78	 16.29	 34.27	 33.71	 34.83	 20.22	 34.27	 31.46	 11.24	 19.10	 17.42	 16.85	 42.13	 42.53	 33.71	 30.34	 17.98	 32.58	 33.71	 36.52	 37.93	 15.73	 16.29	 35.96	 28.65	 30.34	 33.71	 30.90	 38.76	 18.54	 34.83	 32.02	 23.60	 35.96	 15.73	 17.98		Charina_bottae 11
												  0.00	 34.83	 33.61	 32.58	 15.17	  9.52	 34.27	 37.08	 38.76	 33.15	 31.46	 14.04	 36.52	 35.39	 36.52	 16.29	 35.39	 33.71	 13.48	 14.61	 12.36	 12.36	 45.51	 44.25	 32.02	 32.58	 13.48	 33.15	 36.52	 37.08	 42.53	  6.18	 11.80	 39.33	 30.34	 31.46	 35.39	 34.83	 36.52	 13.48	 37.08	 32.58	 17.42	 36.52	 11.24	 13.48		Crotalus_tigris 12
													  0.00	 27.87	 22.47	 39.33	 36.90	 23.60	 26.40	 31.46	 24.72	 20.22	 37.08	 24.16	 23.03	 24.16	 39.33	 27.53	 14.04	 34.83	 39.89	 37.08	 37.64	 39.33	 38.51	 21.35	 20.22	 38.20	 15.17	 24.16	 25.28	 37.93	 35.96	 37.64	 34.27	 21.35	 23.60	 21.91	 28.09	 32.02	 39.89	 30.34	 32.02	 42.70	 27.53	 37.64	 38.76		Cryptoblepharus_egeriae 13
														  0.00	 13.11	 40.98	 33.04	 25.41	 30.33	 30.33	 26.23	  6.56	 36.89	 31.15	 29.51	 31.97	 36.89	 28.69	 26.23	 36.07	 36.89	 36.07	 36.07	 45.90	 43.22	 18.85	 22.13	 36.07	 22.13	 31.15	 32.79	 40.68	 34.43	 36.07	 31.15	 21.31	 21.31	 22.13	 31.15	 31.97	 36.89	 28.69	 24.59	 42.62	 33.61	 36.07	 34.43		Ctenosaura_bakeri 14
															  0.00	 37.64	 33.93	 20.22	 28.65	 30.90	 26.97	  8.99	 31.46	 26.40	 26.40	 28.09	 35.96	 23.60	 21.91	 33.71	 37.08	 34.27	 33.15	 39.33	 40.80	 14.61	 16.29	 34.83	 19.66	 25.84	 28.65	 33.91	 33.15	 34.27	 28.65	 17.98	 21.35	 21.91	 30.90	 30.34	 34.83	 25.28	 26.40	 35.96	 28.65	 32.58	 34.27		Cyclura_pinguis 15
																  0.00	 16.67	 38.76	 43.82	 42.13	 40.45	 38.20	 20.79	 41.01	 40.45	 40.45	 22.47	 41.57	 40.45	 19.66	 21.35	 19.10	 17.98	 48.88	 46.55	 39.33	 35.39	 20.22	 39.33	 40.45	 43.26	 50.00	 16.85	 20.22	 46.63	 34.27	 35.96	 42.13	 39.89	 41.01	 19.66	 42.13	 37.08	 20.22	 41.57	 19.66	 19.66		Daboia_siamensis 16
																	  0.00	 36.90	 38.69	 37.50	 34.52	 31.55	  8.33	 38.10	 38.69	 39.88	 14.88	 36.90	 35.12	 16.07	 11.90	  8.33	 10.71	 46.43	 46.95	 36.31	 34.52	  7.14	 33.93	 39.29	 41.67	 44.51	 12.50	  7.74	 40.48	 32.74	 32.74	 35.12	 35.71	 35.71	  8.93	 38.69	 33.33	 20.83	 38.69	  7.74	  8.93		Diadophis_punctatus 17
																		  0.00	 30.90	 32.58	 20.79	 19.10	 38.76	 29.21	 29.78	 30.34	 39.33	 26.97	 21.91	 34.83	 40.45	 38.76	 38.20	 40.45	 32.76	 17.42	 17.98	 38.20	 19.66	 26.97	 28.09	 34.48	 35.39	 38.76	 27.53	 17.98	 20.22	 16.85	 27.53	 30.90	 38.76	 25.84	 24.72	 41.01	 26.97	 38.76	 38.76		Elgaria_multicarinata 18
																			  0.00	 33.15	 28.65	 26.40	 39.33	 28.09	 26.40	 26.97	 42.70	 32.58	 28.65	 37.64	 42.13	 41.57	 39.89	 37.08	 38.51	 28.09	 26.40	 41.57	 30.90	 29.21	 30.90	 39.66	 37.64	 38.20	 28.65	 24.72	 25.84	 29.21	 24.72	 33.71	 40.45	 27.53	 27.53	 44.94	 27.53	 38.76	 41.01		Eublepharis_macularius 19
																				  0.00	 30.90	 26.97	 39.33	 35.96	 37.08	 38.20	 43.26	 19.66	 26.97	 38.76	 40.45	 42.70	 40.45	 31.46	 35.63	 32.02	 30.34	 39.33	 27.53	 35.39	 35.39	 42.53	 41.01	 40.45	 37.08	 30.90	 28.65	 29.78	 26.97	 36.52	 38.20	 30.34	 32.58	 41.57	 38.20	 41.57	 39.33		Gekko_japonicus 20
																					  0.00	 21.35	 33.71	 28.65	 28.09	 29.21	 39.33	 25.84	 25.84	 32.58	 37.08	 37.64	 38.20	 39.33	 33.91	 21.91	 24.16	 35.96	 24.16	 27.53	 28.09	 34.48	 34.27	 35.96	 30.90	 22.47	 21.91	 24.16	 26.40	 32.58	 35.39	 28.65	 28.65	 39.33	 28.65	 35.96	 34.83		Hemicordylus_capensis 21
																						  0.00	 32.02	 24.72	 23.03	 24.72	 34.83	 25.28	 21.91	 33.71	 35.96	 33.71	 34.27	 38.20	 39.08	 14.04	 15.17	 33.71	 16.85	 25.84	 29.21	 35.63	 32.58	 34.27	 26.40	 16.29	 17.42	 17.98	 28.09	 25.84	 34.27	 24.72	 23.60	 37.08	 25.84	 33.71	 33.15		Iguana_delicatissima 22
																							  0.00	 35.96	 34.83	 35.96	 16.29	 36.52	 34.83	 14.61	 14.61	 10.67	 12.92	 45.51	 47.70	 36.52	 33.71	 10.67	 34.83	 35.39	 38.20	 41.38	 16.85	 12.36	 37.08	 33.71	 33.15	 36.52	 38.20	 37.08	  8.99	 36.52	 33.15	 20.79	 37.08	 10.11	 10.67		Imantodes_cenchoa 23
																								  0.00	  5.62	  7.87	 38.20	 32.02	 23.03	 34.83	 39.89	 36.52	 38.76	 38.76	 36.21	 25.84	 28.09	 39.33	 24.16	 11.80	 13.48	 34.48	 36.52	 40.45	 30.90	 23.03	 22.47	 26.40	 30.90	 34.83	 38.20	 29.21	 29.21	 44.38	 14.61	 39.89	 38.76		Lacerta_agilis 24
																									  0.00	  3.37	 38.20	 33.15	 23.60	 33.15	 37.64	 34.83	 38.20	 39.89	 36.78	 24.72	 26.40	 38.76	 25.84	 11.80	 14.61	 33.33	 35.39	 39.33	 29.78	 20.79	 21.91	 26.40	 32.02	 34.83	 37.64	 29.21	 29.21	 43.26	 15.17	 38.20	 37.08		Lacerta_bilineata 25
																										  0.00	 38.76	 35.39	 26.97	 34.27	 38.76	 35.96	 38.76	 41.57	 36.21	 26.40	 26.97	 39.89	 27.53	 14.04	 16.85	 34.48	 35.96	 40.45	 30.90	 23.03	 24.16	 27.53	 33.71	 34.27	 38.76	 30.90	 30.34	 44.38	 17.42	 39.33	 38.20		Lacerta_viridis 26
																											  0.00	 43.26	 39.33	 20.79	 19.10	 10.11	 11.80	 49.44	 48.28	 36.52	 33.71	 16.29	 37.64	 34.27	 37.08	 45.40	 17.42	 14.61	 41.57	 34.83	 35.39	 38.76	 39.33	 41.57	 16.29	 43.26	 37.64	 24.72	 39.89	 14.04	 16.29		Laticauda_colubrina 27
																												  0.00	 26.97	 35.96	 37.64	 38.76	 39.33	 30.90	 36.78	 24.72	 28.09	 37.08	 24.72	 32.02	 33.71	 37.36	 36.52	 38.76	 32.02	 27.53	 28.65	 29.21	 25.28	 35.39	 37.08	 26.40	 28.09	 39.89	 33.15	 36.52	 37.64		Lepidodactylus_listeri 28
																													  0.00	 30.34	 39.33	 35.96	 37.08	 37.64	 36.78	 21.35	 21.91	 38.20	 13.48	 24.72	 25.84	 36.21	 37.08	 36.52	 32.58	 21.91	 21.91	 19.66	 24.72	 33.71	 38.20	 27.53	 29.21	 40.45	 28.09	 36.52	 36.52		Lerista_edwardsae 29
																														  0.00	 17.42	 18.54	 19.10	 41.57	 40.23	 34.27	 32.58	 17.42	 33.71	 33.71	 35.39	 41.95	 16.29	 17.98	 39.33	 30.34	 30.90	 37.08	 32.02	 38.20	 16.85	 37.64	 34.27	 19.66	 36.52	 14.61	 17.42		Morelia_viridis 30
																															  0.00	 14.04	 14.61	 46.63	 50.00	 36.52	 35.39	 11.80	 39.33	 39.33	 42.13	 45.98	 17.42	 12.36	 39.89	 33.71	 35.96	 41.01	 39.89	 41.57	 12.36	 41.57	 37.08	 23.60	 41.57	 12.36	 14.04		Myanophis_thanlyinensis 31
																																  0.00	  6.18	 48.88	 50.00	 36.52	 35.39	 12.92	 34.83	 36.52	 38.20	 43.10	 13.48	 12.36	 43.26	 33.15	 34.27	 37.08	 39.33	 39.33	  9.55	 41.57	 36.52	 24.72	 38.76	 10.11	 12.92		Naja_naja 32
																																	  0.00	 49.44	 47.70	 37.64	 32.58	 10.11	 36.52	 35.96	 37.64	 43.68	 12.92	 11.24	 40.45	 34.27	 34.83	 35.96	 39.33	 39.89	 10.11	 41.01	 35.39	 23.03	 40.45	 11.80	 12.36		Ophiophagus_hannah 33
																																		  0.00	 41.38	 41.57	 39.33	 46.63	 37.08	 37.08	 38.76	 44.25	 46.07	 47.75	 41.01	 38.76	 35.96	 41.57	 32.02	 41.01	 45.51	 36.52	 38.76	 50.56	 41.01	 47.75	 47.75		Paroedura_picta 34
																																			  0.00	 39.66	 36.78	 48.85	 38.51	 32.18	 32.76	 27.59	 45.40	 48.28	 35.06	 35.06	 35.06	 33.33	 36.78	 41.38	 46.55	 39.08	 40.23	 50.00	 37.36	 47.13	 48.28		Phrynocephalus_versicolor 35
																																				  0.00	 10.11	 35.39	 19.66	 28.09	 28.09	 36.78	 34.27	 34.83	 28.09	 12.92	 15.73	 18.54	 28.09	 29.21	 37.64	 26.40	 27.53	 40.45	 26.40	 34.83	 34.27		Phrynosoma_blainvillii 36
																																					  0.00	 32.58	 19.10	 26.97	 27.53	 36.78	 34.83	 33.15	 27.53	 11.24	 15.73	 17.42	 27.53	 31.46	 34.83	 26.97	 26.40	 39.33	 27.53	 33.71	 33.15		Phrynosoma_platyrhinos 37
																																						  0.00	 37.08	 38.20	 39.89	 43.10	 16.29	  7.30	 38.20	 35.39	 35.39	 37.64	 37.08	 39.33	  8.99	 39.89	 34.83	 23.03	 39.33	 10.11	  4.49		Pituophis_catenifer 38
																																							  0.00	 26.40	 26.97	 37.93	 34.27	 36.52	 29.78	 20.79	 21.35	 18.54	 24.72	 30.34	 37.64	 27.53	 28.65	 38.76	 25.28	 35.39	 36.52		Plestiodon_gilberti 39
																																								  0.00	  3.37	 34.48	 36.52	 38.76	 27.53	 21.91	 24.16	 23.60	 32.02	 32.58	 37.08	 27.53	 26.40	 41.01	 17.98	 38.76	 37.64		Podarci_raffonei 40
																																									  0.00	 36.21	 37.08	 39.89	 29.21	 23.60	 25.84	 24.72	 33.71	 34.83	 38.76	 29.21	 28.65	 43.82	 17.42	 40.45	 39.33		Podarcis_muralis 41
																																										  0.00	 44.83	 44.25	 32.76	 35.63	 37.93	 31.61	 43.68	 44.25	 42.53	 41.95	 38.51	 49.43	 35.06	 42.53	 43.68		Pogona_vitticeps 42
																																											  0.00	 13.48	 41.01	 30.90	 32.02	 37.64	 37.08	 35.96	 15.17	 39.33	 33.71	 20.22	 37.08	 11.80	 16.29		Protobothrops_mucrosquamatus 43
																																												  0.00	 38.20	 33.15	 35.39	 35.96	 37.64	 38.76	 11.24	 39.89	 35.39	 21.91	 40.45	  8.43	  7.87		Ptyas_mucosa 44
																																													  0.00	 26.97	 28.65	 25.84	 36.52	 30.90	 39.33	 28.65	 28.09	 44.38	 29.78	 37.08	 37.08		Salvator_merianae 45
																																														  0.00	  5.06	 15.73	 24.72	 29.21	 33.71	 26.40	 25.84	 37.08	 24.16	 33.15	 33.71		Sceloporus_occidentalis 46
																																															  0.00	 17.42	 24.72	 28.65	 32.58	 28.09	 27.53	 37.64	 25.84	 34.83	 33.71		Sceloporus_tristichus 47
																																																  0.00	 30.90	 29.78	 38.20	 26.40	 25.84	 43.26	 26.97	 39.89	 37.64		Shinisaurus_crocodilurus 48
																																																	  0.00	 37.64	 39.89	 25.28	 28.09	 41.01	 32.58	 37.64	 38.20		Sphaerodactylus_townsendi 49
																																																		  0.00	 37.64	 34.83	 31.46	 42.13	 35.96	 37.08	 39.33		Sphenodon_punctatus 50
																																																			  0.00	 40.45	 34.27	 22.47	 38.76	  8.43	 10.67		Thermophis_baileyi 51
																																																				  0.00	 12.92	 41.57	 26.40	 39.89	 39.89		Varanus_komodoensis 52
																																																					  0.00	 39.89	 26.97	 34.27	 34.27		Varanus_salvator 53
																																																						  0.00	 43.26	 20.22	 23.03		Vipera_latastei 54
																																																							  0.00	 40.45	 38.76		Zootaca_vivipara 55
																																																								  0.00	 10.67		Thamnophis_elegans 56
																																																									  0.00		Pantherophis_guttatus 57
