Distance Matrix
---------------

Using the Tamura correction method
Using base positions 123 in the codon
Gap weighting is 0.000000

	    1	    2	    3	    4	    5	    6	    7	    8	    9	    10	    11	    12	    13	    14	    15	    16	    17	    18	    19	    20	    21	    22	    23	    24	    25	    26	    27	    28	    29	    30	    31	    32	    33	    34	    35	    36	    37	    38	    39	    40	    41	    42	    43	    44	    45	    46	    47	    48	    49	    50	    51	    52	    53	    54	    55	    56	    57	    58	    59
	  0.00	 55.28	 60.20	 60.17	 38.15	 57.53	 57.91	 36.95	 42.08	 38.52	 40.20	 60.90	 30.52	 36.19	 59.23	 51.24	 51.63	 37.25	 35.71	 60.33	 60.55	 56.08	 63.91	 51.36	 41.91	 60.32	 60.13	 57.25	 40.10	 59.52	 56.52	 24.17	 34.49	 38.85	 38.97	 62.53	 58.12	 54.95	 59.01	 35.51	 59.09	 58.91	 66.66	 61.92	 36.37	 42.76	 46.36	 59.72	 62.51	 58.64	 59.09	 50.67	 38.62	 40.45	 50.97	 46.21	 55.22	 35.61	 38.02		Python_bivittatus 1
		  0.00	 56.25	 56.54	 55.16	 50.02	 49.94	 52.33	 54.54	 56.41	 58.91	 54.61	 47.18	 54.09	 49.47	 46.48	 48.71	 51.61	 56.46	 58.97	 57.48	 54.81	 47.04	 48.22	 48.61	 54.79	 56.16	 55.38	 56.76	 53.21	 56.53	 54.15	 53.55	 50.33	 55.71	 60.38	 57.22	 54.35	 59.23	 48.68	 56.01	 58.29	 56.92	 57.03	 54.29	 54.99	 38.43	 45.01	 51.69	 52.28	 58.45	 57.72	 49.77	 57.55	 46.97	 72.46	 49.41	 51.65	 52.54		Anilios_bituberculatus 2
			  0.00	 35.68	 60.58	 46.31	 51.98	 60.89	 51.81	 52.50	 54.69	 49.77	 52.91	 56.81	 44.53	 35.73	 35.35	 54.30	 63.15	 49.44	 46.97	 46.73	 40.82	 34.82	 59.81	 42.93	 48.42	 46.18	 60.29	 45.45	 41.01	 56.79	 56.56	 53.35	 58.95	 49.89	 50.74	 34.49	 38.77	 58.37	 40.40	 42.99	 44.71	 52.30	 55.52	 63.07	 38.06	 35.14	 41.02	 44.94	 54.61	 47.48	 61.56	 61.23	 49.25	 99.26	 45.71	 59.12	 59.54		Anolis_carolinensis 3
				  0.00	 59.02	 49.91	 52.73	 59.70	 61.91	 60.62	 55.78	 49.66	 63.99	 57.65	 46.08	 37.28	 33.87	 59.02	 59.18	 48.25	 45.95	 39.95	 48.08	 36.74	 58.23	 45.29	 52.67	 47.56	 61.44	 44.50	 44.79	 67.99	 54.94	 51.07	 56.58	 54.61	 46.93	 35.33	 41.41	 55.91	 41.40	 48.25	 46.48	 60.50	 59.48	 62.00	 40.91	 38.00	 40.42	 41.66	 62.47	 51.20	 55.99	 54.17	 49.37	114.84	 49.22	 59.54	 58.88		Anolis_sagrei 4
					  0.00	 54.05	 54.15	 36.05	 34.41	 43.82	 33.72	 57.76	 42.07	 40.17	 57.59	 55.39	 55.47	 39.77	 24.00	 59.65	 53.86	 55.14	 52.22	 53.44	 32.48	 54.77	 55.14	 52.51	 34.03	 50.67	 50.90	 39.57	 35.85	 35.99	 38.84	 63.04	 53.76	 52.49	 61.38	 25.62	 59.08	 53.19	 58.37	 63.99	 39.20	 20.71	 50.71	 54.08	 55.22	 59.18	 61.68	 49.67	 31.40	 35.39	 60.09	inf	 54.10	 37.65	 23.57		Arizona_elegans 5
						  0.00	 10.12	 54.43	 54.09	 56.91	 59.78	 54.20	 52.12	 49.95	 49.61	 45.93	 41.86	 54.49	 58.01	 52.85	 46.90	 43.24	 42.84	 52.01	 56.48	 48.40	 49.09	 47.20	 56.75	 41.86	 42.26	 58.59	 55.38	 50.98	 58.40	 47.63	 50.21	 46.75	 45.13	 58.14	 48.41	 49.41	 49.43	 45.50	 48.28	 56.55	 21.06	 41.73	 43.36	 44.90	 52.61	 46.55	 57.60	 56.72	 45.05	 54.93	 42.92	 55.29	 53.76		Aspidocelis_tigris 6
							  0.00	 54.81	 60.53	 56.64	 59.89	 58.20	 53.52	 52.25	 51.65	 48.13	 44.42	 57.40	 53.66	 55.70	 47.35	 45.48	 43.77	 53.73	 61.16	 48.28	 53.67	 47.75	 53.62	 42.89	 43.10	 60.80	 56.44	 52.51	 55.96	 57.82	 54.40	 47.19	 46.22	 58.69	 52.57	 48.00	 52.53	 48.24	 50.49	 58.05	 27.78	 45.42	 46.66	 46.68	 52.28	 46.42	 56.68	 62.80	 45.55	-nan	 41.69	 55.05	 52.75		Aspidoscelis_marmoratus 7
								  0.00	 36.42	 24.59	 35.24	 62.96	 36.03	 27.74	 53.13	 44.78	 47.66	 24.69	 30.54	 56.54	 57.85	 54.44	 59.77	 50.52	 32.74	 64.37	 62.71	 57.78	 39.63	 50.77	 56.89	 43.71	 33.20	 32.82	 30.34	 62.15	 56.21	 49.24	 54.73	 32.99	 59.87	 60.74	 59.90	 56.58	 21.92	 34.09	 44.94	 56.44	 56.55	 55.90	 60.97	 53.41	 30.57	 36.39	 49.74	 65.07	 50.82	 32.76	 35.98		Azemiops_feae 8
									  0.00	 45.25	 35.15	 63.40	 38.06	 43.58	 60.62	 56.97	 57.16	 41.01	 36.33	 60.30	 57.09	 57.64	 57.54	 54.26	 34.49	 57.68	 54.86	 55.39	 44.56	 52.23	 59.67	 43.91	 40.14	 37.47	 41.15	 58.44	 66.90	 51.15	 60.84	 37.56	 60.36	 56.95	 63.75	 64.53	 37.78	 27.14	 48.41	 50.11	 51.20	 62.75	 61.55	 54.82	 35.25	 38.25	 55.89	 32.83	 52.70	 33.50	 33.93		Boaedon_fuliginosus 9
										  0.00	 38.40	 61.71	 36.31	 25.08	 54.01	 45.43	 51.70	 27.82	 37.90	 58.09	 67.02	 57.95	 57.03	 53.08	 29.66	 62.00	 57.49	 50.41	 37.85	 54.60	 63.85	 43.73	 28.14	 33.16	 37.61	 65.22	 56.45	 53.95	 57.91	 40.80	 62.79	 53.30	 57.04	 54.33	 23.16	 39.94	 54.22	 56.70	 57.35	 55.53	 59.65	 64.73	 33.21	 33.09	 57.25	 74.72	 51.62	 31.75	 42.94		Bothrops_jararaca 10
											  0.00	 56.04	 39.48	 36.07	 61.29	 49.91	 48.25	 33.61	 39.51	 57.18	 51.72	 59.87	 56.14	 51.66	 33.59	 62.36	 53.94	 52.62	 29.92	 47.79	 55.09	 37.58	 38.74	 28.29	 35.36	 67.08	 60.95	 50.21	 52.33	 31.23	 53.53	 54.96	 57.87	 59.66	 37.03	 35.05	 49.04	 54.51	 56.11	 59.17	 70.81	 51.08	 30.74	 33.83	 57.96	 96.35	 54.10	 33.92	 32.72		Bungarus_multicintus 11
												  0.00	 61.49	 58.17	 52.41	 44.92	 46.96	 63.34	 62.69	 55.39	 59.65	 51.51	 45.03	 48.84	 58.86	 48.49	 54.70	 47.81	 63.69	 49.81	 53.47	 63.63	 63.18	 50.60	 56.51	 64.57	 39.44	 49.72	 57.88	 54.61	 52.09	 48.86	 51.49	 45.27	 55.63	 59.61	 43.63	 47.77	 50.98	 53.53	 59.15	 56.39	 52.81	 64.08	 49.15	 62.93	 52.63	 58.14	 55.57		Calotes_versicolor 12
													  0.00	 37.36	 53.87	 50.51	 49.29	 34.77	 39.48	 57.39	 62.93	 51.51	 52.01	 52.37	 37.96	 56.41	 60.06	 57.92	 38.03	 55.56	 54.68	 30.06	 33.11	 34.03	 40.37	 58.68	 52.70	 45.50	 52.05	 39.54	 53.84	 59.18	 55.88	 56.66	 38.38	 39.97	 46.50	 49.13	 53.18	 52.79	 56.79	 59.87	 43.82	 41.00	 49.81	 86.64	 50.23	 34.05	 41.75		Charina_bottae 13
														  0.00	 58.30	 49.72	 50.84	 29.71	 38.92	 61.34	 64.63	 57.35	 59.38	 52.14	 34.57	 56.71	 58.73	 52.60	 42.67	 50.90	 59.56	 39.97	 32.95	 34.69	 37.68	 59.22	 63.04	 53.92	 56.52	 39.95	 55.96	 48.84	 51.71	 54.68	 25.33	 44.15	 49.09	 57.73	 56.62	 55.33	 60.82	 56.08	 34.48	 39.48	 56.81	 71.74	 54.20	 35.95	 41.78		Crotalus_tigris 14
															  0.00	 34.53	 32.60	 55.19	 57.01	 48.60	 45.61	 41.22	 42.12	 34.96	 59.15	 39.67	 40.08	 41.81	 57.52	 38.03	 37.30	 60.51	 48.81	 50.86	 53.26	 46.22	 46.27	 36.76	 44.22	 51.37	 37.39	 45.81	 46.30	 51.96	 54.50	 50.07	 43.89	 39.93	 35.36	 40.06	 47.51	 52.88	 53.87	 67.72	 41.98	  -0.00	 43.01	 57.60	 53.71		Cryptoblepharus_egeriae 15
																  0.00	 19.79	 50.94	 50.28	 45.36	 45.16	 40.65	 40.01	 13.34	 48.01	 43.40	 43.34	 38.62	 45.43	 39.51	 42.97	 58.95	 45.22	 43.15	 42.70	 54.10	 49.68	 26.58	 28.99	 47.43	 43.48	 39.83	 36.98	 45.24	 48.23	 49.91	 34.83	 28.59	 26.96	 34.33	 50.83	 41.34	 47.36	 49.84	 37.34	 44.79	 41.32	 53.25	 50.99		Ctenosaura_bakeri 16
																	  0.00	 50.59	 52.64	 46.14	 42.78	 35.69	 39.58	 19.85	 49.37	 42.66	 43.03	 37.80	 50.61	 38.52	 39.29	 59.95	 46.90	 48.12	 46.46	 51.31	 49.79	 26.98	 32.38	 45.34	 39.19	 45.24	 40.29	 51.94	 47.20	 51.87	 36.16	 27.26	 30.08	 35.27	 51.97	 46.16	 47.45	 54.87	 39.98	 48.33	 44.64	 49.75	 49.94		Cyclura_pinguis 17
																		  0.00	 35.41	 54.25	 59.12	 55.43	 59.74	 55.46	 36.87	 57.31	 54.95	 54.30	 38.67	 54.53	 54.50	 38.23	 33.99	 34.77	 36.55	 57.07	 57.47	 51.59	 57.86	 33.95	 61.38	 55.34	 62.92	 51.20	 24.71	 38.78	 49.34	 58.07	 61.36	 56.56	 71.48	 56.33	 35.95	 37.17	 59.84	 32.09	 50.53	 33.01	 39.23		Daboia_siamensis 18
																			  0.00	 53.93	 58.35	 47.89	 54.02	 50.27	 30.04	 60.81	 57.76	 50.88	 33.29	 53.06	 54.37	 37.90	 33.20	 32.54	 33.17	 61.23	 58.02	 51.46	 59.78	 26.62	 58.31	 56.02	 58.40	 60.43	 34.24	 23.75	 46.21	 53.32	 53.33	 55.00	 49.30	 51.62	 24.82	 37.22	 53.14	 32.45	 56.66	 30.25	 29.37		Diadophis_punctatus 19
																				  0.00	 49.81	 47.86	 47.59	 50.07	 57.86	 60.04	 54.31	 51.66	 61.42	 47.54	 59.28	 66.19	 56.92	 52.46	 55.76	 55.67	 55.92	 45.70	 48.86	 55.42	 53.56	 54.89	 48.58	 60.33	 51.71	 60.01	 44.45	 49.53	 51.76	 44.48	 56.36	 53.16	 58.60	 59.91	 49.83	-nan	 54.34	 59.84	 56.06		Elgaria_multicarinata 20
																					  0.00	 42.25	 39.80	 43.78	 61.66	 42.55	 45.10	 43.97	 54.68	 35.94	 37.97	 63.06	 62.36	 52.36	 60.36	 47.11	 51.07	 42.39	 42.93	 58.57	 40.63	 46.32	 44.83	 54.39	 58.59	 57.70	 40.59	 44.40	 47.97	 45.29	 60.14	 47.86	 58.25	 59.45	 44.12	 74.80	 42.35	 60.26	 59.64		Eublepharis_macularius 21
																						  0.00	 41.43	 40.18	 54.42	 44.18	 47.56	 44.02	 49.65	 34.20	 43.78	 64.54	 51.10	 50.73	 56.72	 50.25	 44.21	 37.68	 40.68	 54.30	 36.95	 43.36	 46.17	 49.37	 49.21	 50.84	 33.71	 37.56	 43.47	 42.10	 51.00	 51.55	 56.09	 55.85	 48.64	119.70	 43.87	 58.76	 54.07		Gekko_japonicus 22
																							  0.00	 40.07	 56.67	 38.33	 41.12	 35.72	 56.75	 35.21	 41.41	 63.53	 52.96	 46.54	 56.04	 53.51	 48.61	 41.27	 43.62	 53.57	 39.89	 39.89	 36.36	 45.53	 55.28	 50.76	 41.79	 38.54	 36.62	 42.63	 47.14	 49.90	 52.73	 56.35	 41.77	 45.25	 42.32	 49.35	 53.16		Hemicordylus_capensis 23
																								  0.00	 48.68	 39.77	 41.78	 39.75	 47.14	 41.00	 41.20	 55.36	 51.44	 44.28	 46.52	 51.41	 52.59	 29.59	 35.17	 49.11	 39.12	 41.26	 38.78	 48.73	 58.53	 50.50	 39.05	 29.82	 33.71	 38.67	 51.97	 46.77	 49.63	 51.57	 36.33	 68.05	 41.31	 52.80	 50.38		Iguana_delicatissima 24
																									  0.00	 57.90	 65.29	 59.66	 38.45	 60.75	 57.30	 41.54	 33.46	 32.30	 37.41	 58.99	 57.03	 54.63	 59.34	 32.44	 63.08	 61.13	 61.68	 59.49	 36.40	 29.04	 49.82	 52.36	 53.03	 58.74	 53.89	 59.33	 26.89	 28.62	 55.88	 66.12	 57.72	 28.43	 34.08		Imantodes_cenchoa 25
																										  0.00	 19.52	 16.35	 54.56	 38.71	 37.88	 58.41	 58.05	 55.39	 60.36	 55.60	 46.67	 39.24	 45.08	 59.23	 36.97	 31.85	 31.57	 56.42	 64.22	 56.09	 47.07	 37.20	 40.26	 42.30	 48.59	 44.16	 55.37	 62.83	 41.43	 66.12	 29.45	 53.37	 57.01		Lacerta_agilis 26
																											  0.00	  8.19	 54.85	 37.03	 44.40	 61.24	 57.40	 55.60	 58.09	 49.95	 52.11	 41.28	 46.73	 60.87	 38.37	 32.94	 29.29	 56.32	 59.36	 55.65	 39.41	 40.79	 41.95	 41.25	 51.43	 50.77	 59.09	 64.96	 53.12	114.84	 26.19	 53.92	 60.78		Lacerta_bilineata 27
																												  0.00	 52.92	 34.43	 39.43	 56.10	 53.46	 50.60	 55.41	 51.37	 47.39	 36.73	 42.86	 54.81	 37.37	 30.79	 26.42	 54.99	 52.52	 50.63	 39.31	 37.17	 38.21	 38.12	 48.00	 44.10	 53.30	 59.82	 43.53	 66.12	 25.67	 48.29	 55.94		Lacerta_viridis 28
																													  0.00	 55.36	 53.88	 42.86	 35.59	 30.82	 38.06	 64.45	 62.50	 48.37	 53.61	 32.03	 54.47	 50.70	 53.92	 57.03	 37.87	 34.90	 44.95	 53.12	 55.68	 56.47	 64.22	 55.67	 35.08	 36.52	 57.09	122.95	 54.67	 34.70	 34.27		Laticauda_colubrina 29
																														  0.00	 38.78	 61.98	 52.87	 45.36	 51.12	 51.53	 49.89	 43.22	 41.18	 54.59	 36.90	 42.85	 40.47	 45.35	 49.82	 51.62	 37.30	 41.20	 43.13	 33.78	 47.84	 45.66	 57.34	 55.03	 40.23	 75.82	 38.48	 53.87	 54.49		Lepidodactylus_listeri 30
																															  0.00	 60.01	 57.87	 61.36	 63.31	 52.52	 48.63	 33.88	 41.56	 63.52	 36.24	 45.92	 43.02	 51.06	 61.18	 53.61	 40.50	 35.96	 39.17	 36.82	 47.95	 51.93	 59.83	 61.08	 44.00	inf	 44.19	 61.57	 63.53		Lerista_edwardsae 31
																																  0.00	 36.30	 36.13	 43.21	 59.03	 58.32	 55.68	 60.96	 41.87	 63.43	 57.20	 64.60	 64.37	 38.94	 43.94	 47.75	 58.02	 65.90	 63.83	 59.45	 57.85	 40.55	 45.85	 54.01	 46.21	 55.68	 37.83	 39.73		Morelia_viridis 32
																																	  0.00	 33.86	 36.97	 56.19	 59.15	 52.05	 58.92	 33.43	 56.22	 54.24	 56.12	 54.71	 29.98	 35.32	 48.97	 51.58	 51.59	 55.58	 55.51	 59.21	 31.31	 36.33	 55.66	 84.48	 47.82	 33.61	 34.77		Myanophis_thanlyinensis 33
																																		  0.00	 26.26	 55.82	 48.34	 44.87	 49.78	 30.65	 52.45	 55.32	 52.68	 49.26	 32.67	 34.37	 42.33	 49.38	 48.73	 58.18	 58.36	 52.95	 26.22	 36.50	 45.25	inf	 54.60	 28.63	 33.94		Naja_naja 34
																																			  0.00	 59.57	 59.67	 52.11	 56.06	 36.93	 59.08	 53.86	 57.11	 52.10	 30.59	 39.44	 47.70	 46.88	 50.35	 58.55	 57.53	 52.91	 31.99	 32.90	 52.04	 90.35	 57.68	 36.13	 36.06		Ophiophagus_hannah 35
																																				  0.00	 59.31	 48.27	 54.94	 60.77	 48.90	 53.95	 52.34	 55.75	 59.13	 57.04	 43.01	 51.37	 51.97	 63.03	 46.76	 64.46	 55.99	 61.81	 53.75	 69.31	 50.67	 58.29	 61.08		Paroedura_picta 36
																																					  0.00	 47.34	 53.79	 55.80	 47.54	 58.76	 47.23	 47.29	 58.15	 54.16	 38.70	 47.63	 50.71	 52.21	 54.51	 56.65	 59.30	 66.02	 50.14	 96.35	 51.12	 60.12	 51.54		Phrynocephalus_versicolor 37
																																						  0.00	 17.17	 49.25	 41.40	 45.51	 41.28	 50.15	 52.93	 48.91	 39.92	 20.48	 24.00	 38.17	 56.85	 42.79	 53.85	 55.84	 42.08	 63.96	 36.29	 54.50	 55.36		Phrynosoma_blainvillii 38
																																							  0.00	 56.62	 46.54	 43.95	 39.92	 51.31	 56.78	 61.48	 44.61	 29.81	 26.31	 39.83	 61.74	 49.42	 57.65	 60.84	 44.68	 44.68	 41.33	 57.65	 60.18		Phrynosoma_platyrhinos 39
																																								  0.00	 58.15	 59.36	 60.56	 57.88	 34.79	 24.81	 45.56	 52.18	 52.84	 56.95	 65.35	 50.50	 23.82	 37.01	 52.61	 68.05	 61.35	 30.04	 18.11		Pituophis_catenifer 40
																																									  0.00	 44.92	 43.34	 56.33	 57.94	 63.78	 33.32	 39.08	 43.41	 39.22	 45.47	 53.31	 58.12	 59.68	 47.42	 87.12	 42.14	 60.85	 63.20		Plestiodon_gilberti 41
																																										  0.00	 19.99	 55.31	 51.90	 55.22	 45.43	 44.49	 44.71	 39.58	 48.97	 51.61	 54.48	 56.16	 48.90	 84.48	 27.14	 54.08	 57.63		Podarci_raffonei 42
																																											  0.00	 50.75	 60.73	 54.50	 43.50	 40.16	 42.33	 36.82	 50.20	 51.82	 62.41	 59.37	 44.58	 90.73	 32.28	 57.17	 64.96		Podarcis_muralis 43
																																												  0.00	 53.45	 63.88	 37.17	 49.52	 50.89	 46.99	 58.28	 52.60	 64.39	 56.72	 55.45	inf	 54.58	 55.16	 60.26		Pogona_vitticeps 44
																																													  0.00	 36.07	 49.30	 52.28	 54.20	 54.86	 63.58	 60.76	 31.83	 38.41	 56.72	 44.68	 52.04	 30.95	 30.16		Protobothrops_mucrosquamatus 45
																																														  0.00	 52.24	 46.70	 48.38	 58.47	 55.91	 55.16	 25.97	 38.87	 55.20	 96.35	 48.09	 33.66	 23.54		Ptyas_mucosa 46
																																															  0.00	 39.88	 41.95	 36.07	 43.30	 41.28	 47.61	 51.20	 37.91	nan	 40.67	 48.42	 45.64		Salvator_merianae 47
																																																  0.00	 14.08	 39.30	 51.62	 48.18	 52.67	 54.90	 40.99	-nan	 42.51	 51.49	 54.95		Sceloporus_occidentalis 48
																																																	  0.00	 40.12	 54.60	 51.31	 56.51	 55.47	 41.77	-nan	 40.44	 54.53	 56.12		Sceloporus_tristichus 49
																																																		  0.00	 49.85	 46.49	 62.16	 58.41	 43.57	 84.48	 37.36	 58.12	 62.56		Shinisaurus_crocodilurus 50
																																																			  0.00	 55.29	 48.08	 60.99	 43.22	 63.96	 46.46	 56.05	 66.61		Sphaerodactylus_townsendi 51
																																																				  0.00	 55.30	 54.03	 51.05	 96.35	 44.11	 53.78	 50.36		Sphenodon_punctatus 52
																																																					  0.00	 34.85	 56.78	 68.05	 59.77	 26.87	 26.12		Thermophis_baileyi 53
																																																						  0.00	 60.48	 90.73	 53.11	 29.40	 41.86		Tropidonophis_doriae 54
																																																							  0.00	-nan	 44.47	 58.16	 55.75		Varanus_salvator 55
																																																								  0.00	 66.12	 63.96	-nan		Vipera_latastei 56
																																																									  0.00	 52.89	 62.98		Zootaca_vivipara 57
																																																										  0.00	 30.35		Thamnophis_elegans 58
																																																											  0.00		Pantherophis_guttatus 59
