Distance Matrix
---------------

Using the Tamura correction method
Using base positions 123 in the codon
Gap weighting is 0.000000

	    1	    2	    3	    4	    5	    6	    7	    8	    9	    10	    11	    12	    13	    14	    15	    16	    17	    18	    19	    20	    21	    22	    23	    24	    25	    26	    27	    28	    29	    30	    31	    32	    33	    34	    35	    36	    37	    38	    39	    40	    41	    42	    43	    44	    45	    46	    47	    48	    49	    50	    51	    52	    53	    54	    55	    56	    57	    58	    59	    60
	  0.00	 50.75	160.56	167.18	 35.25	 59.17	171.96	 33.86	 36.05	 37.35	 36.33	165.84	 27.73	 34.77	157.02	139.34	130.89	 36.95	 33.06	153.52	 53.66	 58.34	160.16	130.88	 32.34	 54.72	 58.15	 58.83	 38.24	 55.65	161.93	 18.97	 35.70	 34.30	 34.03	 64.15	168.37	165.19	157.37	 30.32	151.79	 59.02	 59.42	171.28	 30.80	 34.16	 52.12	139.36	136.41	 57.65	 55.48	166.29	 33.22	 32.08	 70.26	145.53	 20.25	 56.50	 36.00	 33.14		Python_bivittauts 1
		  0.00	174.20	175.08	 54.02	 59.74	168.18	 52.45	 51.87	 50.08	 52.53	157.61	 54.87	 54.86	148.29	154.25	146.80	 54.42	 54.96	128.41	 64.70	 68.21	154.40	134.07	 54.97	 56.44	 64.49	 62.39	 51.84	 67.26	148.00	 53.16	 50.27	 56.36	 53.46	 62.53	168.27	151.23	150.88	 53.72	141.93	 61.45	 63.78	146.51	 54.18	 53.88	 56.77	150.19	159.06	 61.32	 65.27	163.83	 50.03	 53.35	 99.83	147.58	 25.95	 64.28	 52.24	 51.58		Anilios_bituberculatus 2
			  0.00	 25.79	151.34	142.30	228.57	171.70	152.42	165.44	145.69	 51.16	161.98	163.74	 44.26	 34.45	 38.57	173.69	185.80	 41.29	163.63	151.51	 49.61	 39.54	161.25	155.25	158.15	161.35	153.19	163.57	 45.51	166.24	150.04	157.07	165.25	161.09	 54.29	 35.21	 31.27	165.62	 39.69	142.48	157.71	 58.52	167.02	148.14	156.83	 34.53	 33.73	136.47	151.16	 55.14	154.72	155.03	 60.10	 52.01	 57.07	146.58	163.65	159.12		Anolis_carolinensis 3
				  0.00	152.62	143.99	229.56	172.63	147.16	157.99	137.02	 58.55	166.08	157.41	 47.15	 39.87	 41.32	157.36	169.14	 44.99	160.07	168.65	 49.52	 41.17	149.95	171.15	165.60	163.46	146.80	170.75	 48.04	156.65	148.27	136.13	146.42	176.57	 55.98	 35.85	 32.69	152.09	 44.00	148.33	165.40	 58.22	170.45	150.42	154.05	 37.14	 34.51	145.22	155.52	 63.89	151.37	154.54	 74.21	 52.98	 59.59	155.55	177.27	149.33		Anolis_sagrei 4
					  0.00	 59.86	171.87	 29.83	 28.62	 32.38	 32.52	141.69	 41.04	 35.94	131.24	132.12	137.42	 37.28	 27.22	134.63	 55.75	 61.49	135.00	145.37	 26.08	 64.30	 60.06	 59.76	 34.78	 62.35	144.59	 35.55	 31.88	 32.85	 28.98	 64.76	147.24	141.42	148.92	 18.31	138.52	 68.15	 66.26	150.23	 29.17	 22.03	 54.94	139.57	142.96	 54.54	 65.01	154.22	 27.02	 34.70	 95.26	137.36	 18.83	 67.23	 29.05	 15.84		Arizona_elegans 5
						  0.00	157.13	 62.14	 66.38	 66.70	 63.02	153.24	 66.01	 72.24	149.94	139.90	150.07	 63.14	 66.88	137.11	 54.79	 56.97	140.10	136.99	 59.83	 52.07	 54.85	 54.54	 62.42	 60.17	151.26	 63.68	 61.31	 63.41	 63.88	 60.47	150.16	143.51	151.00	 60.30	135.34	 47.22	 48.50	152.76	 61.94	 59.63	 33.74	148.38	150.08	 46.38	 58.90	134.63	 64.88	 61.29	 77.58	134.83	 32.62	 50.02	 60.93	 62.10		Aspidocelis_tigris 6
							  0.00	166.44	165.99	153.38	185.24	196.65	172.89	180.11	207.32	204.72	204.84	164.05	170.92	198.40	171.30	189.46	174.93	205.19	158.32	206.01	217.20	216.95	175.60	174.08	199.28	179.40	202.87	198.48	171.08	163.53	181.86	183.50	194.97	161.19	186.34	207.03	230.14	195.27	166.04	166.90	169.56	185.94	184.53	161.66	174.04	198.27	169.69	167.91	187.36	217.31	 59.10	206.97	169.68	157.64		Aspidoscelis_marmoratus 7
								  0.00	 36.22	 23.68	 36.57	151.72	 38.87	 25.59	159.86	132.41	150.47	 27.16	 29.54	132.70	 59.09	 62.22	149.39	136.32	 30.46	 59.06	 62.29	 61.23	 37.49	 57.71	150.64	 34.73	 34.18	 33.43	 29.58	 63.03	163.52	160.14	164.76	 30.92	146.94	 66.27	 64.10	155.07	 20.88	 35.36	 55.26	166.60	162.90	 55.15	 60.40	155.05	 31.61	 34.71	 86.26	152.10	 15.61	 64.94	 38.72	 31.34		Azemiops_feae 8
									  0.00	 37.34	 31.38	151.01	 41.83	 36.63	141.60	141.22	143.86	 40.40	 27.82	143.39	 58.61	 67.45	142.79	139.42	 26.74	 63.93	 66.96	 66.23	 34.42	 63.36	151.95	 37.07	 33.51	 31.09	 31.49	 68.78	135.16	148.57	145.13	 28.95	148.17	 69.72	 68.28	133.66	 34.55	 30.78	 61.75	147.48	151.04	 57.01	 60.54	148.02	 31.47	 29.97	 90.08	137.32	 20.96	 61.33	 31.26	 28.50		Boaedon_fuliginosus 9
										  0.00	 35.85	160.16	 42.33	 27.79	151.18	142.13	154.76	 34.22	 32.59	133.92	 60.60	 58.81	166.16	144.66	 35.14	 60.58	 64.92	 64.19	 37.55	 57.98	160.30	 38.16	 34.88	 33.84	 29.82	 64.29	170.38	165.04	168.26	 32.12	159.16	 66.59	 70.41	157.03	 23.07	 35.98	 62.67	153.16	162.45	 58.21	 63.43	178.83	 31.82	 34.86	 91.23	170.32	 19.01	 65.41	 36.35	 32.90		Bothrops_jararaca 10
											  0.00	156.09	 41.77	 38.24	153.12	137.98	149.72	 38.74	 29.56	134.28	 56.80	 59.20	161.71	152.08	 30.72	 64.79	 68.76	 65.94	 31.71	 60.32	153.12	 37.46	 35.01	 28.15	 28.91	 67.36	169.63	156.27	154.87	 32.65	151.00	 67.03	 64.10	161.87	 33.42	 31.43	 61.89	146.19	142.32	 53.03	 64.72	163.89	 28.91	 28.83	 80.12	147.12	 19.59	 64.17	 36.09	 30.60		Bungarus_multicintus 11
												  0.00	192.62	151.78	 57.45	 47.38	 51.26	150.36	143.96	 52.39	152.20	154.43	 54.83	 47.43	159.86	160.23	164.02	163.69	142.23	163.54	 50.96	173.54	162.02	152.17	156.60	136.31	 55.08	 51.80	 51.55	152.82	 54.18	156.54	190.05	 51.81	162.14	140.02	140.93	 54.25	 52.58	154.44	162.04	 61.27	145.40	159.70	 72.54	 49.00	 57.73	168.01	160.59	152.15		Calotes_versicolor 12
													  0.00	 43.76	147.39	135.46	139.36	 45.49	 43.56	154.25	 56.36	 64.74	150.74	146.66	 39.52	 63.54	 66.78	 66.76	 43.32	 60.02	165.65	 29.49	 39.84	 39.69	 39.98	 67.68	163.35	148.90	152.27	 39.23	141.74	 63.96	 67.21	166.17	 39.95	 41.31	 60.44	146.23	145.13	 59.93	 60.26	164.36	 39.65	 39.14	 75.86	146.67	 25.37	 66.26	 44.41	 39.37		Charina_bottae 13
														  0.00	163.57	138.94	146.19	 36.00	 34.23	136.47	 68.94	 62.54	159.97	149.04	 38.02	 59.68	 62.60	 63.36	 39.01	 60.65	149.78	 39.67	 36.32	 40.10	 31.80	 68.30	161.06	161.01	165.05	 36.74	150.22	 66.36	 68.47	147.69	 22.19	 39.05	 63.81	143.05	150.42	 56.39	 64.82	152.38	 32.77	 37.91	 86.37	144.68	 19.78	 63.75	 36.55	 35.86		Crotalus_tigris 14
															  0.00	 39.13	 40.72	151.18	152.66	 39.23	148.69	156.11	 45.34	 38.84	153.55	154.22	152.05	154.52	150.46	138.62	 32.43	149.00	142.47	142.52	152.30	155.49	 53.88	 39.52	 40.16	137.99	 32.71	154.73	157.16	 55.94	144.23	151.84	165.64	 41.51	 41.72	132.15	136.68	 58.58	159.54	148.56	 62.46	 48.04	 58.13	161.34	150.79	138.86		Cryptoblepharus_egeriae 15
																  0.00	 25.79	140.93	138.23	 37.67	141.04	145.24	 46.50	 19.82	137.55	138.05	134.00	133.27	136.02	127.90	 36.67	141.81	135.17	135.87	138.42	147.46	 53.30	 31.52	 30.57	142.66	 37.24	136.61	144.77	 49.59	142.42	142.61	154.21	 31.67	 29.85	131.40	135.40	 50.58	142.64	130.69	 66.12	 40.18	 57.24	139.63	145.49	132.11		Ctenosaura_bakeri 16
																	  0.00	147.06	145.60	 39.69	136.88	141.16	 46.01	 22.55	146.76	141.54	137.40	136.59	136.62	135.09	 40.27	134.46	132.77	130.42	157.66	141.76	 55.93	 34.29	 33.70	135.50	 38.03	142.28	157.78	 51.66	143.23	141.93	154.47	 33.53	 36.76	129.29	134.33	 57.03	130.43	128.40	 53.41	 41.75	 57.26	146.40	141.78	138.69		Cyclura_pinguis 17
																		  0.00	 36.09	140.82	 61.33	 64.21	155.15	151.75	 39.44	 64.09	 66.80	 65.66	 39.93	 61.24	155.43	 41.11	 39.43	 38.97	 32.33	 65.46	157.81	161.94	154.26	 36.81	156.26	 64.14	 63.86	149.44	 29.55	 36.38	 64.60	159.29	159.71	 58.65	 66.78	172.07	 38.00	 41.02	 94.16	157.53	 17.91	 68.69	 37.87	 37.98		Daboia_siamensis 18
																			  0.00	141.18	 59.98	 64.12	147.71	151.07	 22.23	 63.74	 65.94	 65.21	 34.74	 58.78	154.95	 33.81	 31.64	 29.74	 28.65	 67.52	166.63	152.91	153.76	 27.87	162.51	 65.82	 67.01	154.83	 29.81	 31.82	 63.61	150.38	150.48	 62.13	 65.01	166.69	 24.49	 27.28	 99.72	147.17	 19.62	 66.25	 30.28	 25.59		Diadophis_punctatus 19
																				  0.00	141.24	149.00	 43.65	 37.25	134.98	150.11	149.88	147.74	145.57	144.80	 39.58	136.33	136.34	126.27	132.71	149.65	 54.85	 38.03	 37.13	140.49	 37.69	140.48	147.87	 54.57	130.67	135.87	139.61	 38.21	 38.56	137.82	147.06	 55.02	127.70	135.41	 52.75	 42.64	 54.81	146.04	146.32	140.63		Elgaria_multicarinata 20
																					  0.00	 48.27	157.86	139.25	 55.06	 48.64	 52.43	 50.61	 59.30	 50.32	145.44	 56.52	 60.44	 56.75	 58.47	 55.23	151.43	166.40	151.62	 51.99	148.93	 50.01	 46.91	152.93	 57.30	 55.91	 54.11	144.27	140.52	 41.61	 49.96	167.06	 61.19	 58.46	 76.76	161.69	 29.28	 48.44	 62.43	 57.88		Eublepharis_macularius 21
																						  0.00	159.28	134.10	 66.26	 50.99	 52.29	 52.57	 65.55	 36.30	155.27	 60.72	 55.78	 60.60	 63.41	 56.56	174.95	158.10	158.57	 57.76	148.75	 51.32	 49.79	161.92	 61.94	 61.84	 50.43	132.24	136.84	 45.92	 50.24	153.44	 62.51	 62.07	 64.41	149.15	 27.31	 51.77	 65.16	 61.00		Gekko_japonicus 22
																							  0.00	 44.63	144.73	172.72	170.91	165.21	145.42	150.97	 46.26	148.43	152.12	159.56	157.14	161.24	 53.95	 44.14	 45.72	144.11	 43.24	150.40	162.54	 47.13	151.56	145.10	140.44	 47.04	 47.34	158.60	144.55	 56.28	158.01	151.35	 56.38	 50.20	 54.26	162.89	141.13	142.15		Hemicordylus_capensis 23
																								  0.00	152.24	142.92	152.55	147.02	140.16	135.68	 32.66	140.11	143.12	133.91	161.56	143.88	 52.47	 33.38	 33.35	143.23	 34.62	138.26	143.17	 46.61	140.73	146.98	144.78	 32.83	 33.65	125.13	129.99	 54.98	136.89	138.72	 54.50	 37.92	 55.90	143.20	143.54	143.35		Iguana_delicatissima 24
																									  0.00	 60.66	 68.41	 66.49	 34.66	 59.74	152.27	 32.30	 30.04	 29.53	 28.23	 66.44	158.50	143.57	154.34	 27.51	136.39	 68.44	 66.14	143.75	 33.45	 31.01	 54.01	145.74	146.71	 58.27	 60.17	153.83	 25.85	 26.78	 99.37	141.26	 20.88	 62.70	 29.85	 23.77		Imantodes_cenchoa 25
																										  0.00	 21.83	 20.14	 64.20	 47.69	142.44	 58.91	 58.50	 65.68	 63.05	 59.79	184.50	155.59	147.30	 60.11	152.12	 24.80	 24.70	158.29	 60.92	 66.33	 52.11	150.09	159.24	 45.89	 50.33	155.59	 62.35	 61.58	 73.66	149.22	 31.48	 23.30	 62.26	 65.26		Lacerta_agilis 26
																											  0.00	  3.66	 68.58	 53.05	155.42	 62.67	 60.65	 65.29	 64.23	 62.87	192.75	165.02	165.17	 60.43	148.47	 28.70	 30.22	159.08	 61.64	 62.57	 53.04	163.06	164.37	 43.16	 54.37	151.93	 68.65	 67.72	 69.63	161.45	 34.84	 30.38	 67.49	 64.60		Lacerta_bilineata 27
																												  0.00	 68.63	 52.39	151.89	 62.39	 59.28	 63.44	 64.59	 62.14	201.89	166.87	159.97	 59.42	144.46	 28.54	 29.14	163.14	 59.55	 62.23	 51.50	163.38	163.43	 43.17	 53.51	149.22	 68.28	 66.61	 67.72	159.11	 34.09	 28.71	 67.13	 62.79		Lacerta_viridis 28
																													  0.00	 64.07	151.03	 42.94	 39.93	 32.56	 30.80	 67.95	158.57	149.41	145.88	 34.38	142.22	 64.93	 66.22	159.14	 33.73	 37.09	 68.70	161.25	148.33	 58.62	 68.93	156.66	 33.74	 35.18	 82.59	145.13	 23.38	 63.41	 39.09	 35.96		Laticauda_colubrina 29
																														  0.00	147.14	 58.51	 55.30	 61.12	 64.34	 55.02	175.12	160.56	151.19	 59.01	147.12	 56.26	 55.54	152.73	 58.78	 60.42	 54.43	142.84	138.69	 50.50	 48.26	178.40	 60.97	 59.85	 77.59	158.64	 29.85	 51.32	 68.95	 60.57		Lepidodactylus_listeri 30
																															  0.00	158.52	153.05	143.01	151.37	147.07	 53.11	 36.23	 33.18	137.55	 27.96	147.70	150.98	 54.28	138.86	146.47	146.01	 37.64	 35.79	118.39	136.80	 55.44	145.05	162.32	 52.71	 43.71	 55.71	164.73	157.09	143.01		Lerista_edwardsae 31
																																  0.00	 36.95	 31.75	 34.35	 66.50	172.73	157.73	148.95	 34.27	155.84	 57.69	 60.47	168.94	 32.46	 35.11	 58.61	142.47	147.20	 58.89	 57.92	164.85	 34.85	 34.29	 66.03	134.50	 20.98	 56.81	 39.07	 34.13		Morelia_viridis 32
																																	  0.00	 33.09	 33.84	 65.43	169.51	154.47	152.06	 34.80	141.36	 63.50	 60.83	154.59	 32.31	 34.21	 56.95	142.02	149.05	 59.42	 65.92	160.05	 31.90	 34.05	 75.58	144.23	 20.80	 66.12	 34.91	 30.56		Myanophis_thanlyinensis 33
																																		  0.00	 24.51	 72.48	167.87	150.33	142.56	 30.85	134.37	 67.23	 65.31	155.41	 32.08	 31.78	 57.28	139.38	137.81	 54.03	 64.51	156.31	 30.13	 29.99	 79.62	139.99	 21.57	 61.06	 35.09	 31.25		Naja_naja 34
																																			  0.00	 66.73	157.08	146.06	147.82	 27.62	135.26	 64.10	 63.44	157.79	 30.55	 34.33	 57.72	147.43	145.65	 56.59	 63.17	147.78	 30.37	 29.37	 67.60	142.53	 19.77	 59.87	 31.94	 27.95		Ophiophagus_hannah 35
																																				  0.00	154.80	163.88	141.89	 66.31	160.01	 64.39	 61.76	167.06	 66.64	 67.36	 61.56	137.13	146.49	 52.54	 57.67	159.24	 63.67	 67.17	105.94	162.55	 34.24	 63.30	 72.71	 67.58		Paroedura_picta 36
																																					  0.00	 49.44	 50.65	153.37	 54.67	156.93	173.65	 52.33	166.06	166.62	143.76	 54.97	 54.15	135.12	153.95	 63.73	163.92	146.37	 82.30	 58.85	 60.06	174.27	159.68	158.08		Phrynocephalus_versicolor 37
																																						  0.00	 13.44	136.80	 38.80	154.37	158.99	 52.42	165.88	147.07	152.55	 25.76	 25.27	137.79	160.14	 57.53	141.03	157.78	 68.73	 47.82	 55.81	158.32	166.10	143.12		Phrynosoma_blainvillii 38
																																							  0.00	143.10	 36.87	153.08	150.45	 53.76	167.95	150.55	153.00	 25.49	 22.01	136.66	150.81	 58.09	142.46	160.92	 69.10	 45.86	 56.50	146.55	163.12	148.57		Phrynosoma_platyrhinos 39
																																								  0.00	142.22	 67.32	 62.68	139.47	 28.55	 22.24	 52.85	144.74	138.59	 56.03	 64.22	149.75	 29.27	 32.76	104.29	150.41	 19.68	 59.66	 30.29	 15.76		Pituophis_catenifer 40
																																									  0.00	160.37	157.92	 53.63	154.02	143.03	147.84	 36.58	 36.99	126.27	150.19	 56.96	146.27	138.55	 51.45	 42.58	 54.71	144.91	147.39	139.02		Plestiodon_gilberti 41
																																										  0.00	 12.30	155.64	 62.77	 66.07	 51.43	146.46	146.86	 43.80	 56.02	140.95	 68.40	 63.49	 61.04	143.23	 32.68	 25.46	 65.22	 66.83		Podarci_raffonei 42
																																											  0.00	164.65	 64.11	 63.20	 48.71	149.12	151.78	 44.20	 58.66	148.31	 70.91	 65.36	 73.78	156.98	 34.18	 24.72	 67.40	 66.94		Podarcis_muralis 43
																																												  0.00	152.68	142.58	153.56	 53.52	 51.71	162.98	154.95	 58.57	150.53	154.14	 85.32	 49.34	 57.60	158.98	157.73	139.39		Pogona_vitticeps 44
																																													  0.00	 32.87	 61.20	145.46	146.86	 58.40	 62.78	162.18	 30.20	 35.06	 75.56	151.44	 16.37	 64.35	 32.65	 28.29		Protobothrops_mucrosquamatus 45
																																														  0.00	 57.36	142.99	151.98	 57.13	 66.38	164.69	 32.82	 35.78	 82.31	147.70	 20.31	 63.63	 34.31	 24.80		Ptyas_mucosa 46
																																															  0.00	159.93	148.69	 48.54	 53.55	139.39	 61.75	 59.28	 72.03	150.75	 31.88	 53.12	 61.91	 55.16		Salvator_merianae 47
																																																  0.00	 14.84	131.39	140.28	 57.75	134.63	137.06	 57.77	 48.01	 55.71	148.59	159.02	142.61		Sceloporus_occidentalis 48
																																																	  0.00	138.21	147.43	 55.59	129.17	138.61	 64.54	 46.66	 55.76	157.52	155.10	136.64		Sceloporus_tristichus 49
																																																		  0.00	 42.50	146.40	 57.35	 55.69	 52.61	120.68	 30.80	 44.96	 59.15	 58.22		Shinisaurus_crocodilurus 50
																																																			  0.00	145.81	 62.84	 62.89	 62.15	146.39	 31.88	 54.58	 62.88	 63.49		Sphaerodactylus_townsendi 51
																																																				  0.00	151.50	152.94	 85.68	 56.86	 61.53	154.64	153.61	161.41		Sphenodon_punctatus 52
																																																					  0.00	 28.06	 85.42	134.33	 18.70	 67.50	 30.20	 26.45		Thermophis_baileyi 53
																																																						  0.00	 69.75	145.92	 23.21	 63.04	 34.16	 31.04		Tropidonophis_doriae 54
																																																							  0.00	 27.04	 84.73	 72.09	 77.50	 95.70		Varanus_komodoensis 55
																																																								  0.00	 53.81	183.37	148.41	136.49		Varanus_salvator 56
																																																									  0.00	 33.12	 19.21	 18.70		Vipera_latastei 57
																																																										  0.00	 68.41	 64.81		Zootaca_vivipara 58
																																																											  0.00	 30.36		Thamnophis_elegans 59
																																																												  0.00		Pantherophis_guttatus 60
