Distance Matrix
---------------

Using the Tamura correction method
Using base positions 123 in the codon
Gap weighting is 0.000000

	    1	    2	    3	    4	    5	    6	    7	    8	    9	    10	    11	    12	    13	    14	    15	    16	    17	    18	    19	    20	    21	    22	    23	    24	    25	    26	    27	    28	    29	    30	    31	    32	    33	    34	    35	    36	    37	    38	    39	    40	    41	    42	    43	    44	    45	    46	    47	    48	    49	    50	    51	    52	    53	    54	    55	    56	    57	    58	    59	    60
	  0.00	 55.14	 60.98	 64.90	170.91	 58.28	 61.01	 37.63	175.45	 35.75	206.21	160.23	 26.80	 38.15	 58.60	 86.50	 55.75	 37.54	 33.73	 61.13	 60.48	114.48	 71.06	 52.16	 35.20	 64.98	 58.69	 58.98	 36.50	122.02	 53.69	 18.31	 38.17	 36.14	 35.37	 63.60	 55.22	 58.30	 56.92	 37.63	 57.54	 62.51	 63.06	146.86	 35.93	 37.32	 59.78	 54.87	 54.93	 56.39	 58.57	 67.37	 36.88	 35.90	 62.30	 57.86	 37.75	 64.33	169.35	 37.95		Python_bivittatus 1
		  0.00	 65.69	 60.99	204.54	 56.29	 58.72	 57.92	224.01	 57.78	267.89	183.19	 56.44	 55.46	 60.63	 88.33	 56.44	 59.14	 58.76	 60.75	 62.61	119.32	 79.05	 55.01	 56.64	 63.84	 63.84	 63.78	 61.84	112.45	 56.65	 58.52	 60.02	 56.54	 60.47	 64.32	 64.30	 58.46	 57.41	 59.62	 53.47	 63.14	 65.61	186.56	 58.10	 57.86	 62.13	 55.51	 55.49	 66.41	 64.38	 68.09	 63.94	 61.51	 68.42	 62.23	 58.91	 65.81	205.92	 59.84		Anilios_bituberculatus 2
			  0.00	 34.89	189.45	 51.69	 52.80	 63.13	187.68	 63.29	214.99	175.79	 59.84	 62.83	 49.12	 68.05	 40.05	 64.61	 62.80	 48.85	 51.34	118.63	 66.94	 36.55	 63.76	 55.16	 50.37	 52.50	 64.83	119.51	 46.61	 66.21	 65.54	 62.27	 63.23	 60.57	 60.80	 41.10	 40.45	 64.59	 43.03	 52.86	 52.96	184.40	 61.66	 61.29	 53.74	 39.92	 40.46	 49.52	 54.16	 64.57	 64.52	 62.47	 55.05	 56.54	 64.42	 54.59	198.26	 65.33		Anolis_carolinensis 3
				  0.00	184.19	 47.89	 50.02	 60.78	170.52	 62.86	204.80	184.07	 61.47	 64.41	 43.41	 71.24	 39.15	 64.90	 63.14	 49.23	 51.84	109.89	 62.84	 38.45	 64.99	 51.65	 50.43	 51.78	 62.50	111.68	 40.42	 63.21	 63.36	 59.22	 63.53	 59.16	 59.38	 38.71	 39.39	 62.95	 40.34	 47.40	 51.35	186.71	 61.12	 58.97	 48.14	 37.93	 37.59	 46.15	 54.59	 61.39	 69.10	 66.84	 54.66	 57.28	 66.48	 51.20	172.61	 64.32		Anolis_sagrei 4
					  0.00	163.33	154.46	180.88	 96.40	176.26	158.19	175.35	182.85	187.53	166.72	147.98	159.90	191.19	188.50	182.46	174.95	175.11	161.65	152.64	166.30	202.23	189.12	199.88	171.22	176.57	168.06	200.97	178.11	184.17	172.97	201.65	175.10	183.45	169.64	172.43	179.14	189.51	199.02	180.25	187.04	164.04	166.09	184.88	186.23	195.55	176.75	212.97	174.81	187.21	196.37	167.46	193.59	213.48	 86.33	172.62		Arizona_elegans 5
						  0.00	 12.25	 60.54	163.49	 60.38	208.61	148.64	 61.33	 63.95	 48.77	 75.53	 46.09	 62.85	 60.54	 49.22	 50.70	107.60	 65.38	 44.79	 61.51	 54.42	 52.30	 52.00	 62.36	106.85	 49.74	 58.74	 60.72	 62.32	 66.30	 59.06	 51.69	 48.44	 48.88	 61.47	 45.07	 51.06	 50.03	157.27	 56.96	 57.15	 26.31	 48.93	 48.42	 52.65	 58.57	 55.69	 66.11	 64.68	 63.91	 60.51	 60.65	 55.65	179.42	 61.47		Aspidocelis_tigris 6
							  0.00	 62.01	170.53	 60.02	204.99	152.68	 63.02	 65.23	 49.48	 77.48	 47.86	 66.70	 62.37	 49.25	 56.93	107.85	 66.19	 44.33	 60.73	 56.41	 53.44	 55.25	 64.21	109.50	 53.16	 59.96	 61.25	 63.97	 66.27	 61.66	 53.41	 49.58	 49.06	 62.52	 46.12	 51.93	 51.71	157.79	 58.32	 57.10	 27.20	 48.70	 47.91	 56.27	 62.69	 58.06	 68.12	 62.33	 65.54	 65.78	 63.46	 58.72	184.20	 64.08		Aspidoscelis_marmoratus 7
								  0.00	178.98	 26.19	213.87	157.13	 37.19	 25.29	 60.39	 89.11	 52.39	 27.56	 35.33	 61.31	 64.71	115.66	 76.27	 50.25	 35.00	 66.89	 62.15	 61.09	 35.60	124.50	 56.81	 36.58	 39.43	 34.94	 34.77	 64.69	 58.29	 57.06	 56.07	 36.37	 58.91	 59.24	 63.49	163.11	 24.00	 33.66	 65.03	 57.65	 53.29	 59.41	 63.94	 67.30	 36.30	 36.95	 65.76	 64.47	 27.31	 66.22	164.32	 36.80		Azemiops_feae 8
									  0.00	192.63	 55.71	210.18	184.87	198.31	195.33	189.37	172.97	198.04	186.21	165.44	192.23	170.31	162.64	160.39	190.24	199.03	193.48	206.42	184.36	174.67	169.25	173.84	175.68	179.74	187.66	170.87	179.09	178.51	179.54	188.61	207.04	174.60	187.91	179.45	178.72	182.78	159.01	173.01	186.76	201.22	160.27	184.44	196.32	196.87	181.64	171.43	182.39	221.97	 28.19	186.85		Boaedon_fuliginosus 9
										  0.00	228.95	152.50	 37.25	 23.03	 58.43	 88.55	 53.60	 29.48	 37.87	 62.93	 65.62	111.99	 79.30	 50.04	 35.98	 68.98	 64.58	 65.15	 36.33	116.08	 56.28	 35.15	 38.91	 37.58	 34.28	 69.89	 57.52	 59.44	 59.61	 35.41	 60.59	 62.17	 63.13	166.29	 22.79	 35.88	 61.45	 60.65	 59.79	 64.35	 64.10	 69.73	 37.20	 37.42	 66.14	 63.71	 31.50	 68.53	180.25	 36.68		Bothrops_jararaca 10
											  0.00	211.45	213.31	205.19	206.59	205.82	202.88	243.44	209.64	200.65	185.78	190.68	189.37	183.00	199.63	267.27	200.35	201.38	188.13	186.14	205.51	197.20	212.27	189.45	189.00	173.67	235.47	204.37	222.17	194.57	226.52	220.15	243.42	175.14	215.68	206.09	206.35	188.87	201.87	258.76	197.11	216.77	227.72	197.65	195.74	197.55	199.06	227.91	 54.43	181.56		Bungarus_multicintus 11
												  0.00	174.33	150.40	180.71	198.38	167.62	154.51	166.83	175.26	153.79	195.81	196.94	167.92	163.71	192.28	162.29	170.21	176.06	191.38	189.56	172.10	178.29	166.60	165.83	179.31	185.47	174.75	176.95	160.84	206.73	172.48	182.77	 51.16	155.41	166.36	163.56	166.68	176.03	197.24	183.43	160.04	163.01	175.24	205.55	213.74	161.24	172.52	186.00	166.17		Calotes_versicolor 12
													  0.00	 38.57	 55.89	 89.05	 52.95	 38.73	 36.68	 61.14	 62.90	115.62	 74.96	 49.47	 34.89	 65.03	 61.52	 60.45	 38.91	118.72	 54.07	 27.21	 38.86	 36.99	 35.12	 63.42	 59.24	 55.54	 53.73	 38.15	 58.14	 62.27	 64.05	170.05	 37.10	 38.10	 64.03	 52.42	 53.87	 57.96	 60.32	 68.35	 38.45	 36.57	 65.67	 58.67	 38.95	 69.32	185.93	 39.14		Charina_bottae 13
														  0.00	 59.49	 87.24	 55.84	 29.94	 34.99	 62.86	 62.91	122.53	 84.41	 52.90	 34.08	 69.34	 65.05	 64.62	 34.25	121.81	 59.01	 39.39	 37.70	 34.57	 31.34	 65.87	 60.53	 59.24	 59.14	 35.69	 62.15	 61.75	 65.51	151.44	 21.55	 35.45	 66.22	 60.07	 56.65	 63.03	 67.85	 65.11	 35.65	 36.41	 66.76	 66.53	 28.87	 66.78	187.12	 36.25		Crotalus_tigris 14
															  0.00	 70.10	 38.41	 61.45	 63.63	 46.32	 52.34	107.81	 56.77	 36.17	 60.80	 56.43	 52.98	 52.59	 64.35	109.87	 34.28	 59.94	 61.27	 58.01	 63.31	 60.33	 59.21	 42.78	 43.31	 61.55	 31.47	 49.44	 52.11	193.92	 54.86	 61.38	 51.75	 40.26	 38.57	 52.34	 49.74	 55.22	 63.70	 63.12	 57.32	 49.44	 61.52	 55.45	179.99	 63.06		Cryptoblepharus_egeriae 15
																  0.00	 51.37	 99.73	 96.64	 75.55	 75.06	 84.86	 73.01	 47.79	 92.57	 84.39	 73.42	 74.02	 91.65	 83.62	 67.28	 91.30	 94.36	 98.61	 91.66	 90.24	 77.15	 65.75	 64.38	 94.53	 55.76	 72.01	 74.79	194.23	 87.49	 90.69	 75.89	 63.07	 62.55	 80.70	 77.24	 88.57	 96.23	 91.65	 85.82	 80.59	 93.64	 78.31	178.32	 94.79		Ctenosaura_bakeri 16
																	  0.00	 57.72	 60.97	 43.00	 48.16	 97.53	 59.88	 16.99	 58.15	 51.45	 44.74	 45.47	 60.42	103.63	 34.76	 55.58	 60.71	 57.53	 58.37	 58.40	 55.31	 29.78	 31.46	 59.32	 39.90	 43.10	 46.20	155.24	 51.96	 54.98	 47.84	 32.85	 32.08	 45.48	 48.05	 62.10	 58.09	 59.51	 54.30	 50.90	 59.28	 47.38	171.09	 59.10		Cyclura_pinguis 17
																		  0.00	 33.31	 61.21	 63.58	127.33	 77.19	 56.02	 34.04	 73.98	 66.43	 64.83	 35.84	126.46	 60.47	 38.20	 37.20	 33.53	 33.48	 66.10	 59.11	 60.68	 64.28	 36.11	 61.02	 65.14	 66.08	157.48	 28.27	 33.43	 64.82	 60.60	 60.87	 59.60	 65.76	 68.38	 35.76	 35.75	 66.60	 63.11	 22.78	 70.74	198.00	 36.00		Daboia_siamensis 18
																			  0.00	 59.28	 62.32	112.58	 80.34	 55.09	 24.04	 66.29	 66.18	 65.02	 33.43	113.87	 57.27	 35.18	 31.09	 29.63	 29.30	 68.63	 59.74	 59.52	 59.49	 27.68	 64.52	 63.40	 66.32	149.19	 33.09	 26.64	 62.37	 57.30	 56.51	 59.78	 65.78	 72.97	 21.02	 30.86	 68.22	 63.05	 34.84	 66.09	223.98	 27.19		Diadophis_punctatus 19
																				  0.00	 50.92	108.68	 68.14	 39.91	 59.13	 57.27	 52.68	 50.69	 61.02	104.96	 46.45	 61.39	 62.27	 62.37	 64.46	 63.30	 57.79	 47.21	 45.98	 59.47	 43.95	 51.06	 52.47	168.65	 60.42	 59.49	 49.51	 43.93	 46.48	 43.59	 54.35	 60.16	 63.50	 59.88	 57.72	 54.67	 62.10	 56.36	203.10	 62.16		Elgaria_multicarinata 20
																					  0.00	110.27	 67.49	 45.48	 61.84	 55.91	 53.95	 52.18	 66.61	107.45	 53.49	 60.40	 62.22	 63.32	 62.43	 54.17	 57.72	 50.38	 51.89	 64.36	 46.18	 52.32	 54.23	167.89	 61.38	 57.95	 51.56	 49.87	 50.56	 51.97	 55.74	 62.15	 63.82	 63.38	 55.40	 56.87	 60.16	 56.00	176.23	 65.27		Eublepharis_macularius 21
																						  0.00	 96.68	 93.70	115.05	118.50	118.00	122.29	120.46	 35.13	104.15	117.21	111.43	116.92	118.08	113.77	104.74	106.01	113.08	112.98	 98.29	113.45	116.63	146.15	115.63	113.00	107.46	111.20	108.33	117.63	105.92	113.44	109.83	118.99	111.71	107.96	118.08	116.96	169.47	117.93		Gekko_japonicus 22
																							  0.00	 55.91	 78.96	 72.87	 71.59	 69.49	 79.58	107.04	 58.34	 74.29	 79.22	 74.77	 75.22	 82.71	 68.30	 62.28	 63.93	 76.42	 40.50	 69.99	 71.83	201.13	 75.19	 74.04	 63.54	 62.17	 60.61	 67.26	 68.39	 79.57	 81.52	 78.18	 70.31	 69.99	 77.52	 73.58	166.43	 76.46		Hemicordylus_capensis 23
																								  0.00	 52.78	 49.31	 42.81	 43.87	 56.51	100.58	 35.07	 51.61	 53.54	 54.38	 53.76	 52.30	 53.22	 28.32	 30.11	 55.45	 35.32	 41.81	 45.60	162.02	 50.79	 52.66	 44.41	 29.87	 29.42	 41.40	 45.89	 59.40	 56.36	 52.81	 47.61	 44.50	 55.37	 47.83	153.57	 55.88		Iguana_delicatissima 24
																									  0.00	 65.38	 66.72	 66.63	 34.50	125.33	 57.48	 37.10	 33.44	 32.43	 31.73	 68.53	 61.41	 58.53	 60.42	 27.01	 61.15	 64.48	 67.34	154.06	 32.51	 27.47	 65.84	 55.14	 57.46	 60.34	 64.87	 69.93	 27.55	 30.16	 67.47	 61.79	 32.43	 70.65	184.08	 27.87		Imantodes_cenchoa 25
																										  0.00	 30.55	 30.10	 71.06	122.50	 50.37	 64.18	 72.65	 69.57	 72.81	 61.03	 65.97	 50.00	 50.59	 64.92	 49.79	 37.85	 36.91	211.10	 66.10	 65.95	 59.38	 48.08	 52.12	 61.41	 57.03	 69.32	 70.07	 68.87	 65.53	 60.93	 69.45	 35.75	188.62	 66.28		Lacerta_agilis 26
																											  0.00	  7.04	 67.55	114.46	 49.44	 59.69	 65.42	 63.93	 67.07	 56.47	 61.29	 45.73	 45.50	 61.64	 46.06	 30.12	 29.00	164.98	 59.73	 63.71	 53.57	 47.44	 48.32	 54.66	 52.86	 65.02	 63.19	 60.25	 55.90	 57.01	 62.83	 32.11	172.49	 61.34		Lacerta_bilineata 27
																												  0.00	 66.14	114.64	 48.44	 60.19	 66.54	 64.06	 65.20	 55.90	 62.56	 46.65	 47.44	 63.00	 47.72	 31.65	 30.33	170.80	 60.96	 64.38	 54.11	 47.50	 48.81	 55.81	 54.18	 65.66	 64.73	 61.28	 58.13	 55.35	 64.42	 33.71	189.17	 63.14		Lacerta_viridis 28
																													  0.00	130.70	 57.09	 36.59	 34.54	 25.63	 25.54	 68.35	 59.74	 60.07	 60.56	 36.53	 62.82	 67.78	 64.18	149.06	 34.86	 32.28	 66.97	 61.57	 61.12	 63.31	 68.33	 70.91	 33.05	 30.96	 66.61	 65.96	 35.63	 71.64	200.47	 33.64		Laticauda_colubrina 29
																														  0.00	114.41	130.53	115.37	119.85	118.84	108.19	108.36	106.81	113.25	116.84	 99.32	112.01	114.51	160.89	115.19	113.48	114.17	113.40	103.37	118.23	114.15	109.55	120.82	126.72	121.87	116.20	122.92	120.96	167.40	120.30		Lepidodactylus_listeri 30
																															  0.00	 52.90	 60.65	 57.26	 58.49	 57.89	 54.38	 38.06	 38.09	 55.91	 28.16	 48.60	 49.51	208.78	 54.45	 56.88	 51.75	 36.92	 36.44	 45.62	 50.79	 59.59	 58.17	 55.58	 55.72	 50.23	 60.21	 50.73	182.32	 57.36		Lerista_edwardsae 31
																																  0.00	 39.81	 38.00	 37.01	 66.29	 58.51	 58.20	 56.99	 38.98	 58.91	 61.23	 60.75	159.92	 37.56	 37.48	 60.22	 55.53	 54.60	 57.90	 65.69	 68.28	 38.42	 35.45	 60.56	 59.54	 38.71	 65.51	153.76	 38.95		Morelia_viridis 32
																																	  0.00	 31.76	 32.57	 68.63	 61.71	 62.87	 64.40	 33.32	 62.61	 66.48	 69.20	148.43	 35.82	 32.70	 65.92	 60.00	 61.13	 59.88	 68.36	 67.25	 34.70	 34.72	 65.80	 65.39	 40.69	 69.85	171.38	 31.96		Myanophis_thanlyinensis 33
																																		  0.00	 20.65	 66.41	 58.43	 56.71	 58.31	 31.09	 60.99	 64.04	 66.42	155.40	 34.03	 29.80	 64.23	 58.21	 56.44	 62.84	 66.25	 70.23	 33.29	 29.02	 64.03	 64.06	 37.62	 67.72	176.18	 30.82		Naja_naja 34
																																			  0.00	 67.78	 56.94	 65.15	 61.37	 30.63	 62.44	 62.60	 63.21	150.85	 31.48	 28.81	 67.30	 57.95	 58.37	 64.04	 62.77	 70.84	 31.62	 29.19	 68.68	 63.55	 33.45	 66.71	181.58	 31.60		Ophiophagus_hannah 35
																																				  0.00	 63.80	 60.13	 61.00	 63.73	 58.55	 57.14	 58.40	166.25	 63.61	 64.76	 60.16	 56.82	 57.28	 65.01	 49.99	 66.45	 71.36	 64.31	 68.49	 66.16	 67.02	 63.71	175.48	 65.34		Paroedura_picta 36
																																					  0.00	 56.81	 58.23	 56.25	 49.84	 63.39	 60.65	180.36	 55.03	 53.13	 55.96	 56.43	 57.37	 60.28	 64.11	 61.98	 63.60	 58.17	 61.64	 62.50	 60.38	 62.59	184.95	 56.83		Phrynocephalus_versicolor 37
																																						  0.00	 15.27	 60.54	 40.34	 44.89	 47.44	182.33	 56.11	 57.11	 49.29	 27.06	 28.14	 46.20	 53.26	 60.27	 64.11	 60.37	 55.55	 54.48	 59.86	 48.39	181.31	 61.86		Phrynosoma_blainvillii 38
																																							  0.00	 62.09	 38.14	 47.69	 48.00	184.01	 57.89	 56.14	 50.11	 27.16	 27.63	 46.90	 53.87	 59.94	 66.51	 61.39	 57.09	 53.70	 60.79	 49.36	194.77	 61.98		Phrynosoma_platyrhinos 39
																																								  0.00	 56.09	 61.43	 62.71	158.35	 34.98	 21.74	 62.02	 59.89	 56.14	 63.18	 67.10	 65.23	 27.79	 31.16	 64.46	 62.35	 36.44	 67.15	202.43	 11.74		Pituophis_catenifer 40
																																									  0.00	 45.25	 45.35	228.87	 59.06	 61.24	 47.85	 38.62	 36.73	 47.90	 49.29	 52.91	 65.22	 58.78	 59.30	 54.25	 61.06	 47.99	206.50	 58.65		Plestiodon_gilberti 41
																																										  0.00	 11.82	194.89	 56.35	 60.62	 51.07	 48.36	 48.22	 52.05	 51.23	 64.93	 67.95	 65.51	 59.96	 60.87	 63.33	 29.74	194.81	 64.28		Podarci_raffonei 42
																																											  0.00	187.33	 59.49	 61.71	 54.63	 52.16	 49.86	 55.68	 56.23	 63.05	 68.91	 66.50	 63.59	 62.12	 67.36	 31.33	195.72	 65.80		Podarcis_muralis 43
																																												  0.00	159.29	151.19	169.84	183.56	182.87	184.28	178.54	172.23	152.48	162.38	211.25	212.09	165.62	213.55	167.63	161.50		Pogona_vitticeps 44
																																													  0.00	 33.13	 59.79	 53.40	 53.84	 59.34	 61.87	 67.07	 34.73	 37.18	 66.32	 61.26	 28.65	 63.93	186.70	 35.86		Protobothrops_mucrosquamatus 45
																																														  0.00	 61.89	 54.41	 53.59	 59.37	 64.01	 65.09	 27.42	 32.22	 62.45	 60.57	 35.14	 65.56	179.89	 20.31		Ptyas_mucosa 46
																																															  0.00	 45.75	 48.39	 51.86	 57.77	 61.08	 63.67	 63.09	 63.16	 61.56	 63.10	 54.86	181.23	 64.08		Salvator_merianae 47
																																																  0.00	 13.13	 47.07	 48.45	 61.77	 59.38	 57.87	 56.52	 52.89	 60.83	 51.38	181.76	 58.97		Sceloporus_occidentalis 48
																																																	  0.00	 47.84	 50.17	 60.51	 59.70	 59.42	 56.63	 54.58	 62.94	 51.31	188.64	 58.39		Sceloporus_tristichus 49
																																																		  0.00	 58.61	 60.47	 64.18	 62.41	 55.84	 53.58	 61.79	 55.44	188.04	 64.49		Shinisaurus_crocodilurus 50
																																																			  0.00	 67.84	 66.45	 67.88	 62.95	 63.04	 65.87	 60.30	169.57	 69.13		Sphaerodactylus_townsendi 51
																																																				  0.00	 73.27	 71.00	 67.73	 67.66	 69.17	 67.59	195.31	 66.34		Sphenodon_punctatus 52
																																																					  0.00	 30.22	 70.22	 64.38	 35.90	 66.12	196.69	 27.38		Thermophis_baileyi 53
																																																						  0.00	 66.46	 64.59	 35.49	 67.13	190.43	 31.64		Tropidonophis_doriae 54
																																																							  0.00	 27.81	 63.46	 64.64	175.11	 65.71		Varanus_komodoensis 55
																																																								  0.00	 63.91	 63.87	164.03	 64.11		Varanus_salvator 56
																																																									  0.00	 70.56	192.71	 38.84		Vipera_latastei 57
																																																										  0.00	213.74	 66.78		Zootaca_vivipara 58
																																																											  0.00	207.10		Thamnophis_elegans 59
																																																												  0.00		Pantherophis_guttatus 60
