Distance Matrix
---------------

Uncorrected for Multiple Substitutions
Using base positions 123 in the codon
Gap weighting is 0.000000

	    1	    2	    3	    4	    5	    6	    7	    8	    9	    10	    11	    12	    13	    14	    15	    16	    17	    18	    19	    20	    21	    22	    23	    24	    25	    26	    27	    28	    29	    30	    31	    32	    33	    34	    35	    36	    37	    38	    39	    40	    41	    42	    43	    44	    45	    46	    47	    48	    49	    50	    51	    52	    53	    54	    55	    56	    57	    58	    59	    60
	  0.00	 32.73	 37.54	 36.22	 25.00	 37.85	 37.92	 25.30	 29.05	 27.10	 25.75	 37.85	 21.55	 54.35	 35.29	 31.72	 33.48	 26.50	 25.15	 36.19	 38.30	 36.49	 33.64	 32.36	 25.90	 37.31	 35.29	 35.21	 26.13	 35.21	 33.71	 16.29	 25.90	 25.68	 24.85	 37.20	 37.03	 34.61	 34.16	 25.83	 59.50	 36.64	 36.86	 38.08	 23.95	 25.23	 36.42	 32.66	 32.06	 36.04	 36.26	 37.39	 24.40	 24.55	 37.46	 37.24	 27.29	 37.61	 24.90	 24.92		Python_bivittatus 1
		  0.00	 38.45	 40.22	 35.67	 40.35	 39.97	 35.82	 37.40	 36.04	 36.64	 39.82	 32.36	 59.42	 38.22	 34.31	 36.49	 36.72	 36.64	 35.60	 40.50	 41.08	 36.06	 34.76	 36.87	 38.83	 38.68	 38.22	 36.12	 39.65	 35.52	 33.56	 35.29	 35.06	 35.29	 40.85	 41.27	 38.15	 37.02	 35.89	 58.42	 38.22	 38.90	 40.59	 34.01	 36.12	 39.11	 35.21	 35.97	 39.35	 38.45	 41.61	 34.76	 35.14	 39.50	 38.30	 36.11	 39.88	 36.56	 35.52		Anilios_bituberculatus 2
			  0.00	 27.56	 37.91	 36.12	 36.12	 39.26	 39.64	 37.61	 37.84	 38.22	 37.09	 62.68	 32.96	 28.96	 30.41	 37.31	 38.36	 33.94	 36.27	 36.56	 35.53	 30.11	 37.31	 36.41	 34.23	 34.53	 37.09	 35.81	 30.48	 36.79	 38.06	 37.09	 37.61	 37.65	 36.73	 27.93	 27.93	 37.61	 57.35	 33.56	 33.63	 37.86	 36.86	 37.16	 36.09	 28.15	 28.60	 32.51	 37.69	 37.16	 37.84	 35.89	 35.66	 34.61	 37.95	 35.59	 38.24	 37.01		Anolis_carolinensis 3
				  0.00	 35.44	 34.90	 35.37	 37.08	 38.02	 38.02	 37.16	 37.09	 37.00	 56.89	 32.40	 27.10	 29.04	 36.92	 37.63	 33.33	 33.96	 34.89	 30.90	 29.59	 37.78	 34.04	 34.43	 34.50	 36.61	 35.44	 29.98	 36.22	 36.69	 37.55	 35.91	 35.62	 34.67	 27.71	 28.10	 37.08	 54.39	 32.94	 32.79	 36.71	 36.85	 37.16	 35.77	 28.88	 29.27	 34.27	 36.30	 35.60	 37.16	 37.78	 35.75	 34.27	 38.04	 32.40	 37.86	 35.60		Anolis_sagrei 4
					  0.00	 38.07	 38.15	 23.05	 26.28	 25.38	 24.62	 38.53	 26.05	 57.61	 37.09	 34.14	 34.53	 26.50	 21.10	 36.12	 40.63	 38.51	 35.37	 36.41	 22.37	 39.34	 37.09	 37.46	 25.60	 38.81	 34.53	 26.13	 24.17	 23.42	 23.05	 39.92	 37.63	 36.56	 36.34	 14.19	 59.14	 36.79	 37.01	 40.42	 23.57	 17.04	 37.39	 35.36	 35.06	 37.16	 40.77	 38.66	 20.95	 23.42	 40.69	 39.49	 26.28	 38.59	 23.83	 13.51		Arizona_elegans 5
						  0.00	  9.33	 38.00	 39.43	 38.83	 38.22	 37.48	 38.07	 59.06	 35.21	 32.28	 34.76	 38.22	 39.43	 34.46	 38.24	 36.34	 33.71	 34.39	 39.05	 37.17	 36.79	 36.12	 38.00	 35.29	 33.48	 37.40	 38.30	 39.28	 36.64	 37.28	 37.49	 34.01	 34.84	 38.15	 56.63	 36.12	 36.57	 38.25	 37.62	 37.62	 24.15	 35.67	 36.19	 34.99	 38.37	 36.04	 37.32	 38.30	 36.04	 37.17	 39.48	 35.14	 38.94	 36.72		Aspidocelis_tigris 6
							  0.00	 37.92	 39.50	 38.83	 38.45	 37.56	 37.70	 61.23	 34.84	 33.17	 34.54	 38.83	 39.43	 34.92	 37.78	 36.95	 33.79	 34.54	 39.65	 37.55	 36.64	 36.34	 38.30	 36.34	 33.33	 37.47	 38.53	 39.20	 36.87	 37.51	 36.66	 34.46	 35.06	 38.83	 59.14	 35.52	 36.04	 37.87	 37.40	 38.37	 24.07	 35.67	 35.82	 34.91	 38.98	 36.64	 38.00	 38.30	 37.17	 36.64	 39.31	 34.99	 39.86	 36.87		Aspidoscelis_marmoratus 7
								  0.00	 28.75	 19.44	 24.85	 40.18	 25.98	 59.06	 36.49	 32.61	 34.23	 22.82	 24.25	 35.52	 39.58	 37.31	 34.47	 33.63	 24.77	 38.89	 36.71	 36.71	 26.28	 37.31	 33.48	 24.92	 24.77	 25.53	 23.72	 38.64	 38.16	 36.19	 35.51	 24.10	 61.29	 36.49	 37.61	 41.48	 17.57	 23.05	 37.31	 35.59	 36.04	 35.36	 36.79	 38.59	 23.57	 24.85	 38.81	 38.14	 23.68	 37.91	 24.67	 23.50		Azemiops_feae 8
									  0.00	 27.48	 29.05	 41.84	 28.83	 59.06	 38.74	 34.95	 36.79	 28.53	 26.58	 38.53	 41.16	 40.77	 38.25	 36.64	 25.45	 40.39	 40.24	 40.92	 29.80	 39.56	 35.89	 27.55	 25.90	 26.28	 27.48	 41.52	 41.10	 37.24	 37.24	 24.40	 59.86	 40.47	 39.49	 40.27	 27.10	 27.48	 39.09	 35.66	 35.74	 38.21	 39.79	 40.62	 24.40	 26.35	 39.19	 40.39	 28.04	 40.69	 24.29	 25.83		Boaedon_fuliginosus 9
										  0.00	 26.05	 39.50	 25.98	 57.25	 36.41	 33.74	 35.36	 22.97	 23.20	 35.82	 40.63	 37.61	 35.45	 35.14	 25.08	 38.89	 37.84	 37.54	 27.48	 37.01	 35.96	 24.85	 24.47	 24.62	 25.00	 38.71	 37.41	 37.31	 37.46	 24.92	 59.86	 38.14	 39.04	 38.76	 13.74	 26.05	 37.47	 36.19	 36.34	 36.49	 38.44	 39.19	 24.02	 26.80	 38.66	 37.91	 24.10	 40.39	 25.67	 23.87		Bothrops_jararaca 10
											  0.00	 40.63	 28.38	 54.71	 37.01	 34.47	 35.66	 27.25	 25.38	 36.72	 38.90	 37.69	 37.87	 35.96	 24.40	 40.47	 38.21	 38.06	 22.30	 37.69	 36.04	 27.33	 25.08	 19.74	 19.37	 39.24	 38.16	 35.81	 35.36	 26.65	 59.14	 37.76	 37.54	 41.10	 23.95	 25.45	 39.33	 36.19	 35.66	 36.94	 38.44	 38.29	 24.47	 23.05	 39.04	 38.44	 28.97	 38.96	 27.28	 24.85		Bungarus_multicintus 11
												  0.00	 39.20	 56.16	 36.79	 36.33	 36.72	 41.01	 39.35	 38.24	 39.79	 38.22	 37.58	 36.12	 39.73	 39.20	 38.90	 38.15	 38.98	 36.42	 37.32	 38.37	 40.86	 39.58	 40.11	 37.97	 32.96	 37.85	 37.32	 38.98	 58.42	 37.25	 38.00	 35.45	 39.43	 39.28	 38.86	 36.57	 37.02	 38.98	 38.22	 39.28	 39.65	 39.95	 40.78	 39.73	 41.08	 38.60	 38.63	 39.35		Calotes_versicolor 12
													  0.00	 55.80	 35.21	 31.63	 34.46	 28.00	 27.78	 36.42	 38.98	 37.16	 33.79	 34.01	 26.88	 37.91	 36.26	 36.26	 27.33	 36.41	 34.23	 21.92	 26.80	 28.15	 25.60	 38.26	 38.16	 35.36	 35.14	 26.88	 59.14	 36.04	 37.76	 38.69	 24.55	 26.88	 36.58	 33.56	 34.46	 36.79	 36.41	 38.59	 25.00	 26.58	 38.21	 37.61	 27.71	 38.21	 27.05	 25.53		Charina_bottae 13
														  0.00	 59.06	 58.33	 55.80	 55.43	 57.25	 58.70	 57.25	 58.70	 56.16	 57.25	 55.80	 61.59	 56.52	 56.88	 57.97	 52.90	 62.68	 58.70	 57.61	 57.25	 55.80	 57.61	 57.25	 57.25	 59.06	 58.70	 40.94	 60.87	 61.96	 57.25	 53.62	 59.78	 60.48	 60.14	 60.51	 56.16	 56.88	 60.51	 58.33	 57.97	 56.88	 60.87	 64.02	 59.78	 57.43	 59.42		Crotalus_tigris 14
															  0.00	 29.53	 29.80	 37.39	 36.56	 32.66	 35.82	 35.29	 33.18	 30.33	 36.49	 34.76	 33.48	 33.03	 38.66	 33.03	 26.88	 36.11	 36.64	 37.16	 36.26	 36.44	 37.18	 32.13	 31.98	 36.34	 59.86	 32.36	 33.63	 36.88	 35.81	 37.84	 34.87	 29.73	 30.56	 32.66	 35.21	 36.41	 36.11	 35.89	 37.16	 36.19	 37.28	 33.93	 36.02	 36.49		Cryptoblepharus_egeriae 15
																  0.00	 15.78	 35.11	 34.30	 29.60	 33.82	 34.14	 29.83	 14.16	 33.09	 33.50	 31.96	 31.88	 34.22	 30.58	 27.51	 32.93	 34.39	 33.82	 32.52	 34.56	 35.45	 22.90	 22.65	 33.33	 57.92	 31.15	 32.44	 33.41	 31.88	 33.90	 32.34	 21.84	 23.87	 30.74	 33.25	 33.01	 32.44	 33.66	 33.09	 32.36	 34.84	 33.01	 35.11	 32.77		Ctenosaura_bakeri 16
																	  0.00	 36.79	 35.89	 31.00	 35.14	 34.91	 32.50	 17.79	 35.59	 35.44	 34.23	 33.18	 35.06	 32.06	 28.75	 34.08	 35.51	 35.21	 32.06	 36.36	 35.52	 25.98	 26.65	 34.16	 56.27	 32.81	 33.93	 35.07	 33.03	 35.14	 33.33	 25.45	 26.73	 33.26	 33.86	 35.74	 32.73	 34.76	 33.78	 32.51	 36.69	 34.68	 34.87	 34.16		Cyclura_pinguis 17
																		  0.00	 26.58	 36.49	 39.43	 37.69	 36.36	 36.71	 26.95	 38.74	 37.61	 37.46	 27.63	 37.91	 36.94	 28.00	 25.45	 26.73	 25.83	 40.08	 38.61	 37.24	 37.69	 25.23	 57.35	 37.31	 37.91	 41.48	 22.90	 26.20	 38.61	 36.19	 36.71	 36.86	 39.26	 37.69	 25.60	 27.70	 40.39	 39.86	 19.73	 38.66	 26.74	 24.77		Daboia_siamensis 18
																			  0.00	 36.72	 41.99	 38.81	 35.68	 35.74	 19.59	 40.84	 38.51	 38.36	 26.73	 38.36	 35.14	 25.83	 23.57	 23.12	 22.67	 39.70	 38.69	 36.56	 37.31	 21.85	 59.50	 38.06	 38.14	 40.80	 22.07	 21.92	 38.44	 35.51	 36.34	 36.86	 39.19	 39.71	 19.22	 23.95	 39.26	 38.81	 26.95	 39.94	 21.61	 20.57		Diadophis_punctatus 19
																				  0.00	 36.50	 36.57	 33.94	 29.04	 36.64	 34.99	 35.82	 35.59	 36.72	 35.52	 31.38	 36.04	 37.25	 36.87	 34.84	 37.89	 37.79	 30.93	 32.51	 35.74	 56.99	 35.97	 34.91	 36.43	 34.24	 36.49	 35.85	 32.13	 31.90	 31.00	 34.76	 36.64	 35.06	 36.12	 33.94	 32.05	 37.79	 34.09	 35.71	 35.82		Elgaria_multicarinata 20
																					  0.00	 36.27	 37.42	 35.52	 40.03	 36.79	 37.17	 36.12	 38.90	 33.11	 36.42	 39.58	 40.03	 41.08	 38.68	 37.66	 37.94	 34.69	 33.86	 40.78	 58.06	 35.97	 36.34	 39.38	 38.83	 39.80	 36.02	 35.59	 34.46	 35.52	 37.17	 38.98	 40.71	 40.18	 39.28	 38.75	 39.56	 36.27	 39.02	 40.03		Eublepharis_macularius 21
																						  0.00	 35.07	 34.31	 39.71	 37.69	 36.49	 36.34	 40.32	 27.55	 34.76	 38.51	 38.51	 38.59	 38.36	 34.62	 38.16	 34.61	 35.06	 38.29	 58.78	 35.89	 35.89	 39.52	 36.41	 38.44	 36.01	 35.29	 35.51	 36.19	 32.21	 38.66	 38.44	 37.09	 38.29	 38.06	 38.37	 37.91	 38.77	 38.14		Gekko_japonicus 22
																							  0.00	 31.37	 35.22	 35.45	 33.79	 33.18	 37.11	 34.24	 31.07	 33.11	 35.00	 35.98	 34.39	 34.80	 35.84	 32.80	 32.05	 35.30	 58.06	 33.79	 34.85	 38.04	 34.09	 36.21	 35.05	 32.73	 33.48	 35.68	 34.39	 36.43	 35.83	 35.90	 37.79	 35.30	 38.16	 34.01	 35.57	 33.94		Hemicordylus_capensis 23
																								  0.00	 35.44	 34.01	 33.33	 32.96	 37.01	 30.86	 27.70	 33.03	 35.81	 35.66	 34.53	 34.55	 36.20	 25.38	 25.30	 35.51	 54.48	 31.16	 33.26	 34.92	 32.66	 36.26	 33.17	 24.85	 24.47	 31.83	 33.11	 34.61	 34.76	 34.76	 32.96	 32.36	 36.94	 34.68	 35.48	 35.96		Iguana_delicatissima 24
																									  0.00	 39.71	 37.84	 37.69	 25.38	 37.39	 34.98	 25.75	 22.37	 23.05	 22.60	 40.15	 39.14	 36.11	 36.41	 21.62	 57.71	 37.76	 38.14	 41.18	 23.80	 21.17	 37.96	 36.04	 35.59	 36.79	 38.51	 38.59	 19.97	 23.42	 37.91	 39.41	 28.21	 40.02	 21.15	 20.57		Imantodes_cenchoa 25
																										  0.00	 23.20	 22.07	 39.86	 35.74	 34.23	 38.59	 40.09	 40.09	 40.62	 38.64	 37.48	 32.81	 32.88	 38.81	 55.91	 24.92	 25.15	 38.91	 38.36	 39.56	 38.77	 34.23	 33.18	 35.14	 37.91	 38.36	 38.44	 38.89	 37.39	 37.61	 40.72	 24.92	 39.39	 38.81		Lacerta_agilis 26
																											  0.00	  6.61	 38.36	 36.11	 32.43	 36.49	 38.36	 38.96	 39.11	 37.88	 36.58	 33.41	 32.43	 37.76	 57.35	 21.85	 22.60	 39.37	 36.49	 37.46	 36.17	 33.03	 33.18	 33.71	 36.79	 37.76	 38.06	 37.31	 37.01	 37.24	 38.46	 24.10	 38.39	 37.31		Lacerta_bilineata 27
																												  0.00	 38.51	 35.51	 32.58	 35.89	 38.21	 38.81	 37.91	 37.35	 35.90	 32.73	 32.58	 37.99	 56.99	 20.95	 21.40	 39.22	 36.94	 36.79	 36.33	 33.41	 32.73	 33.56	 36.19	 37.31	 37.91	 36.64	 37.01	 37.09	 37.95	 23.42	 37.85	 37.01		Lacerta_viridis 28
																													  0.00	 38.81	 35.74	 26.50	 27.70	 21.02	 20.50	 39.17	 38.91	 35.44	 35.96	 26.13	 58.78	 39.41	 39.79	 40.57	 25.98	 26.28	 39.58	 36.26	 36.79	 37.76	 40.17	 39.26	 25.08	 23.72	 39.71	 39.34	 28.55	 40.09	 26.90	 24.85		Laticauda_colubrina 29
																														  0.00	 32.81	 36.71	 36.49	 37.76	 37.69	 33.26	 37.41	 34.61	 35.66	 37.54	 54.12	 34.98	 35.74	 36.80	 36.19	 38.96	 34.71	 33.56	 33.93	 34.01	 32.51	 37.91	 38.59	 37.16	 37.76	 37.24	 38.79	 35.66	 37.47	 37.09		Lepidodactylus_listeri 30
																															  0.00	 33.18	 35.81	 34.83	 35.21	 35.23	 33.41	 29.20	 28.08	 34.68	 59.50	 31.01	 32.21	 35.82	 32.88	 33.48	 32.44	 27.85	 27.40	 30.18	 34.53	 32.81	 34.61	 34.01	 35.44	 34.01	 36.86	 32.88	 35.40	 33.56		Lerista_edwardsae 31
																																  0.00	 26.13	 25.00	 24.62	 37.80	 36.80	 35.06	 35.59	 24.70	 59.86	 35.89	 36.34	 38.08	 23.65	 27.33	 36.74	 34.23	 32.88	 35.81	 36.56	 38.36	 25.53	 25.45	 36.64	 37.16	 28.55	 38.66	 25.21	 24.70		Morelia_viridis 32
																																	  0.00	 24.55	 23.50	 38.71	 39.06	 36.71	 37.76	 23.42	 58.42	 37.54	 37.99	 40.80	 23.87	 23.80	 37.47	 36.34	 36.34	 35.81	 38.51	 40.24	 21.25	 23.72	 38.89	 39.41	 27.20	 40.09	 25.44	 21.85		Myanophis_thanlyinensis 33
																																		  0.00	 18.39	 38.33	 38.31	 36.49	 36.41	 23.42	 58.42	 38.51	 38.51	 40.80	 23.57	 25.53	 37.96	 35.44	 35.59	 36.34	 39.34	 40.24	 21.85	 22.97	 40.84	 38.96	 26.95	 40.02	 25.13	 22.30		Naja_naja 34
																																			  0.00	 38.86	 39.14	 34.91	 35.89	 24.10	 56.63	 36.49	 37.31	 40.65	 23.05	 24.40	 38.69	 35.14	 35.96	 36.34	 38.21	 39.49	 20.95	 21.25	 37.69	 37.76	 27.79	 40.02	 24.37	 22.22		Ophiophagus_hannah 35
																																				  0.00	 38.20	 36.21	 34.92	 39.77	 57.35	 38.79	 39.17	 40.56	 37.58	 38.56	 36.53	 34.70	 35.53	 37.65	 35.00	 40.23	 39.09	 38.41	 39.77	 40.53	 38.68	 39.32	 38.52	 39.09		Paroedura_picta 36
																																					  0.00	 35.67	 35.22	 37.93	 55.56	 36.73	 36.65	 35.00	 37.63	 38.39	 37.90	 35.90	 35.67	 35.60	 39.14	 36.88	 38.99	 37.93	 39.89	 38.54	 39.07	 35.37	 38.49	 37.78		Phrynocephalus_versicolor 37
																																						  0.00	 14.86	 36.79	 57.71	 31.76	 31.23	 36.58	 35.66	 36.19	 34.71	 22.30	 22.30	 31.53	 35.21	 36.11	 36.34	 35.74	 34.98	 34.08	 38.37	 33.26	 35.10	 34.53		Phrynosoma_blainvillii 38
																																							  0.00	 36.19	 55.56	 32.21	 32.43	 37.86	 35.89	 34.53	 34.63	 21.47	 21.55	 31.38	 35.81	 35.36	 36.56	 35.66	 36.19	 35.21	 38.12	 32.43	 36.32	 34.91		Phrynosoma_platyrhinos 39
																																								  0.00	 61.65	 36.34	 37.39	 39.29	 23.65	 17.49	 38.93	 34.61	 34.08	 36.19	 38.81	 37.69	 20.65	 23.27	 40.02	 39.11	 26.20	 39.34	 23.75	 11.56		Pituophis_catenifer 40
																																									  0.00	 54.84	 57.35	 59.50	 55.91	 58.42	 58.69	 57.35	 60.22	 52.69	 55.91	 59.50	 57.71	 58.06	 59.50	 57.35	 64.07	 59.14	 60.32	 59.86		Plestiodon_gilberti 41
																																										  0.00	 11.04	 38.24	 37.39	 36.79	 35.20	 32.28	 31.98	 32.81	 37.31	 37.76	 37.46	 36.64	 37.31	 35.89	 39.88	 22.52	 37.93	 35.89		Podarci_raffonei 42
																																											  0.00	 38.08	 37.99	 37.76	 35.93	 33.11	 32.06	 33.18	 38.36	 37.69	 37.76	 36.79	 37.24	 37.01	 41.14	 22.82	 37.47	 36.41		Podarcis_muralis 43
																																												  0.00	 38.16	 41.18	 37.33	 37.71	 37.93	 37.78	 38.61	 39.44	 40.87	 40.65	 39.74	 38.01	 41.77	 39.74	 40.57	 39.44		Pogona_vitticeps 44
																																													  0.00	 24.40	 36.09	 35.14	 34.23	 34.76	 36.04	 37.16	 22.07	 24.02	 37.91	 37.76	 23.93	 38.59	 24.90	 22.60		Protobothrops_mucrosquamatus 45
																																														  0.00	 38.52	 34.53	 34.83	 36.49	 39.64	 38.66	 20.87	 23.42	 39.64	 38.66	 26.70	 38.66	 24.14	 15.32		Ptyas_mucosa 46
																																															  0.00	 34.79	 35.28	 35.69	 38.04	 36.82	 37.63	 36.58	 37.15	 36.33	 38.00	 35.85	 38.04	 37.39		Salvator_merianae 47
																																																  0.00	 11.86	 32.51	 34.08	 34.98	 35.29	 34.98	 33.86	 34.16	 35.18	 34.38	 35.56	 34.08		Sceloporus_occidentalis 48
																																																	  0.00	 31.91	 35.66	 35.51	 35.51	 35.59	 32.66	 34.16	 36.02	 34.46	 35.17	 32.88		Sceloporus_tristichus 49
																																																		  0.00	 35.89	 36.94	 35.06	 37.16	 34.68	 34.08	 37.20	 34.76	 34.25	 35.74		Shinisaurus_crocodilurus 50
																																																			  0.00	 40.02	 37.39	 37.76	 37.84	 35.96	 38.54	 38.36	 37.16	 40.24		Sphaerodactylus_townsendi 51
																																																				  0.00	 39.19	 38.29	 39.34	 38.44	 37.87	 36.41	 39.31	 36.94		Sphenodon_punctatus 52
																																																					  0.00	 22.82	 38.66	 37.54	 26.03	 39.86	 21.53	 18.84		Thermophis_baileyi 53
																																																						  0.00	 38.89	 36.86	 27.71	 38.96	 24.37	 22.67		Tropidonophis_doriae 54
																																																							  0.00	 20.95	 40.30	 38.14	 39.16	 39.79		Varanus_komodoensis 55
																																																								  0.00	 40.22	 38.29	 38.62	 38.51		Varanus_salvator 56
																																																									  0.00	 40.39	 26.78	 25.61		Vipera_latastei 57
																																																										  0.00	 39.54	 38.96		Zootaca_vivipara 58
																																																											  0.00	 23.37		Thamnophis_elegans 59
																																																												  0.00		Pantherophis_guttatus 60
