Distance Matrix
---------------

Uncorrected for Multiple Substitutions
Using base positions 123 in the codon
Gap weighting is 0.000000

	    1	    2	    3	    4	    5	    6	    7	    8	    9	    10	    11	    12	    13	    14	    15	    16	    17	    18	    19	    20	    21	    22	    23	    24	    25	    26	    27	    28	    29	    30	    31	    32	    33	    34	    35	    36	    37	    38	    39	    40	    41	    42	    43	    44	    45	    46	    47	    48	    49	    50	    51	    52	    53	    54	    55	    56	    57	    58	    59	    60
	  0.00	 36.74	 40.59	 41.48	 27.85	 40.59	 39.91	 27.11	 28.44	 29.04	 28.59	 39.26	 22.81	 27.56	 39.70	 38.67	 39.56	 28.89	 26.52	 36.74	 37.93	 40.44	 39.11	 36.44	 26.22	 37.95	 39.73	 40.03	 29.78	 39.11	 38.37	 16.44	 28.30	 27.41	 27.26	 42.96	 40.74	 38.67	 37.19	 24.89	 39.56	 39.88	 40.03	 39.41	 25.19	 27.26	 37.33	 38.07	 37.93	 39.29	 38.81	 41.19	 26.67	 25.93	 45.45	 40.74	 56.00	 38.84	 28.44	 26.81		Python_bivittauts 1
		  0.00	 41.19	 43.85	 38.37	 41.04	 39.31	 37.63	 37.33	 36.44	 37.63	 45.04	 38.81	 38.81	 41.19	 40.15	 42.67	 38.52	 38.81	 40.74	 43.11	 44.59	 39.26	 41.04	 38.81	 38.84	 42.56	 41.67	 37.19	 44.30	 41.93	 37.93	 36.44	 39.41	 38.07	 42.22	 44.74	 40.30	 39.85	 38.22	 41.19	 41.22	 42.41	 41.04	 38.37	 38.22	 39.70	 42.52	 41.63	 41.52	 43.56	 47.41	 36.44	 38.07	 54.55	 38.96	 60.30	 42.41	 37.48	 37.19		Anilios_bituberculatus 2
			  0.00	 21.78	 42.07	 36.30	 36.17	 43.56	 42.81	 43.56	 40.44	 36.44	 42.07	 44.44	 33.33	 27.41	 29.78	 42.96	 43.26	 31.56	 33.78	 37.33	 35.56	 30.81	 40.74	 32.89	 36.61	 35.57	 43.11	 37.48	 33.78	 41.04	 41.19	 43.11	 41.63	 39.11	 37.93	 28.00	 25.48	 40.30	 30.81	 33.93	 33.78	 39.70	 42.96	 41.04	 36.89	 27.56	 27.11	 30.65	 36.15	 38.81	 42.37	 41.48	 41.67	 37.19	 63.70	 34.23	 42.37	 41.78		Anolis_carolinensis 3
				  0.00	 42.67	 36.30	 38.57	 44.44	 42.52	 44.74	 38.96	 40.00	 43.56	 44.74	 34.81	 30.67	 31.41	 43.56	 45.04	 33.48	 33.19	 38.22	 35.56	 31.85	 42.67	 34.08	 35.57	 34.82	 43.11	 38.37	 34.96	 42.22	 45.19	 42.81	 41.04	 40.30	 38.52	 28.30	 26.37	 41.48	 33.19	 32.89	 34.23	 39.56	 42.22	 41.78	 39.41	 29.04	 27.41	 31.85	 36.00	 42.67	 45.48	 42.52	 47.73	 37.63	 65.19	 34.23	 43.26	 43.26		Anolis_sagrei 4
					  0.00	 40.89	 41.41	 24.30	 23.41	 25.93	 25.93	 41.04	 31.26	 28.15	 40.59	 42.52	 42.22	 28.89	 22.37	 39.41	 38.96	 41.78	 40.44	 41.48	 21.63	 42.26	 40.62	 40.48	 27.41	 42.07	 40.89	 28.00	 25.63	 25.93	 23.70	 43.11	 42.37	 40.44	 40.15	 15.70	 40.15	 43.60	 42.86	 42.96	 23.85	 18.52	 38.67	 40.89	 42.67	 38.10	 43.41	 43.70	 22.22	 27.26	 45.45	 42.22	 54.96	 43.45	 23.70	 13.93		Arizona_elegans 5
						  0.00	 11.06	 42.07	 43.70	 44.00	 42.22	 42.22	 43.70	 46.07	 38.67	 36.89	 38.67	 42.37	 44.00	 36.15	 38.52	 39.70	 37.78	 36.00	 40.89	 36.90	 37.95	 37.80	 41.93	 41.19	 37.63	 42.67	 41.63	 42.52	 42.67	 41.33	 39.11	 36.30	 35.85	 41.04	 36.74	 34.38	 34.97	 41.04	 41.93	 40.74	 26.96	 36.00	 38.07	 34.08	 40.74	 41.78	 43.26	 41.63	 46.21	 40.15	 64.74	 35.57	 41.48	 41.93		Aspidocelis_tigris 6
							  0.00	 42.45	 43.80	 44.39	 41.85	 41.11	 44.10	 45.74	 37.37	 35.87	 37.67	 43.80	 44.69	 36.02	 38.27	 38.42	 37.67	 35.72	 40.66	 37.54	 38.44	 38.29	 42.60	 42.00	 37.52	 41.70	 41.85	 42.15	 43.05	 42.60	 38.71	 36.32	 33.78	 41.70	 35.58	 34.83	 34.68	 41.11	 42.90	 40.51	 26.61	 36.17	 36.47	 34.53	 40.51	 40.36	 41.55	 42.15	 50.00	 38.71	 63.83	 36.34	 41.41	 41.70		Aspidoscelis_marmoratus 7
								  0.00	 28.44	 19.85	 28.59	 42.22	 30.07	 21.33	 40.00	 39.11	 42.67	 22.22	 24.15	 38.81	 40.59	 42.22	 41.63	 38.67	 24.89	 40.33	 41.82	 41.37	 29.19	 40.15	 39.85	 27.41	 27.41	 26.67	 24.30	 42.52	 42.96	 40.44	 40.74	 25.04	 40.89	 43.45	 42.56	 41.19	 17.93	 27.70	 38.96	 42.67	 43.26	 38.24	 41.19	 42.81	 25.48	 27.56	 43.18	 41.33	 52.30	 42.56	 29.78	 25.33		Azemiops_feae 8
									  0.00	 29.19	 25.19	 43.85	 31.70	 28.74	 40.00	 42.96	 42.22	 30.67	 22.96	 40.15	 40.30	 44.30	 40.89	 42.96	 22.22	 42.26	 43.60	 43.30	 27.26	 42.52	 42.22	 29.04	 26.81	 25.04	 25.33	 44.74	 41.19	 41.04	 39.56	 23.70	 40.15	 44.49	 43.90	 40.74	 27.41	 24.74	 41.78	 42.81	 42.96	 39.58	 41.48	 43.41	 25.33	 24.44	 43.94	 40.89	 56.59	 41.22	 25.04	 23.41		Boaedon_fuliginosus 9
										  0.00	 28.15	 42.67	 32.00	 22.81	 40.59	 40.59	 43.26	 26.67	 26.07	 39.41	 41.19	 40.59	 40.74	 39.11	 27.70	 40.62	 42.56	 42.26	 29.19	 40.30	 41.04	 29.48	 27.70	 26.81	 24.30	 42.96	 42.37	 42.37	 41.93	 25.78	 40.59	 43.30	 44.79	 42.52	 19.26	 28.00	 42.37	 43.11	 43.56	 39.73	 42.52	 44.74	 25.48	 27.70	 47.73	 41.04	 55.11	 42.71	 28.59	 26.37		Bothrops_jararaca 10
											  0.00	 41.63	 31.70	 29.63	 39.85	 39.56	 41.48	 29.63	 24.00	 38.07	 39.41	 40.74	 41.48	 40.59	 24.74	 42.41	 44.05	 43.01	 25.19	 41.19	 41.78	 29.19	 27.70	 22.81	 23.26	 44.15	 40.74	 40.00	 39.70	 25.93	 41.63	 43.15	 42.26	 43.56	 26.67	 25.19	 41.78	 40.00	 38.81	 37.80	 43.26	 42.22	 23.56	 23.70	 47.73	 41.19	 55.56	 42.11	 28.00	 24.74		Bungarus_multicintus 11
												  0.00	 43.26	 41.48	 39.41	 34.52	 36.59	 41.93	 41.33	 37.04	 38.37	 37.04	 38.52	 34.81	 42.67	 38.69	 37.35	 36.01	 41.48	 40.74	 36.44	 41.93	 40.89	 41.33	 41.04	 43.26	 38.22	 36.89	 36.74	 39.56	 38.07	 39.43	 37.95	 36.89	 41.33	 39.70	 39.11	 38.07	 37.33	 36.46	 42.07	 41.19	 41.93	 41.04	 45.45	 35.70	 63.11	 37.80	 43.85	 40.00		Calotes_versicolor 12
													  0.00	 32.74	 40.74	 40.89	 42.96	 33.78	 32.59	 40.59	 39.41	 43.26	 41.93	 39.41	 30.37	 42.56	 44.05	 44.05	 32.44	 41.19	 41.48	 24.00	 30.67	 30.52	 30.67	 44.44	 42.67	 40.89	 40.89	 30.22	 39.70	 42.71	 44.35	 40.59	 30.67	 31.26	 41.33	 41.19	 41.04	 40.92	 41.33	 44.89	 30.52	 30.22	 41.67	 41.78	 59.85	 43.30	 33.19	 30.37		Charina_bottae 13
														  0.00	 40.59	 40.30	 41.48	 28.00	 27.11	 39.70	 44.59	 42.22	 41.04	 40.59	 29.48	 40.33	 41.67	 41.96	 30.07	 41.48	 40.30	 30.37	 28.59	 30.67	 25.63	 44.59	 46.07	 40.15	 41.04	 28.74	 41.78	 43.01	 43.90	 40.89	 18.81	 29.93	 42.81	 41.04	 40.59	 39.14	 43.11	 44.00	 26.22	 29.48	 45.45	 41.63	 55.70	 42.26	 28.59	 28.30		Crotalus_tigris 14
															  0.00	 30.52	 31.26	 41.19	 39.56	 30.52	 35.26	 33.78	 33.63	 30.37	 39.85	 33.78	 34.97	 34.38	 43.26	 33.48	 26.22	 40.59	 39.11	 37.78	 39.56	 38.37	 37.63	 30.67	 30.96	 40.00	 26.37	 34.97	 35.86	 38.96	 40.30	 40.89	 34.52	 31.70	 32.00	 33.93	 31.70	 40.30	 39.56	 38.67	 42.42	 34.96	 62.52	 35.12	 40.30	 40.59		Cryptoblepharus_egeriae 15
																  0.00	 21.33	 41.04	 41.33	 29.33	 32.89	 33.78	 34.22	 17.04	 40.00	 29.91	 33.33	 32.14	 41.04	 35.56	 28.89	 39.26	 40.74	 40.00	 38.67	 39.56	 37.33	 25.63	 25.04	 40.30	 29.04	 32.14	 32.14	 35.56	 39.11	 42.96	 38.22	 25.78	 24.59	 29.61	 34.37	 36.74	 41.04	 38.37	 43.18	 30.52	 63.11	 31.10	 41.93	 42.37		Ctenosaura_bakeri 16
																	  0.00	 42.96	 40.74	 30.81	 33.93	 34.37	 33.93	 19.26	 42.22	 32.14	 32.89	 32.14	 42.22	 36.00	 30.96	 41.48	 40.44	 40.59	 41.63	 40.15	 38.52	 27.26	 26.81	 40.44	 29.63	 33.78	 32.89	 36.59	 40.59	 41.93	 39.26	 26.81	 28.74	 30.80	 36.74	 39.70	 39.85	 37.48	 37.88	 31.41	 62.81	 33.78	 42.81	 41.48		Cyclura_pinguis 17
																		  0.00	 28.15	 41.04	 41.48	 42.96	 42.37	 40.59	 30.07	 42.11	 42.86	 42.41	 30.07	 41.63	 42.22	 31.11	 30.37	 29.48	 25.78	 43.41	 43.41	 41.33	 41.19	 28.59	 41.33	 42.11	 42.26	 44.59	 23.85	 28.30	 42.96	 44.15	 42.37	 40.18	 44.15	 43.11	 29.33	 31.11	 47.73	 41.19	 53.93	 43.75	 29.19	 29.19		Daboia_siamensis 18
																			  0.00	 38.07	 41.04	 42.96	 41.93	 41.63	 18.81	 42.11	 43.15	 42.86	 27.41	 40.59	 42.37	 26.96	 25.48	 24.15	 23.41	 44.30	 42.96	 41.78	 41.33	 22.81	 40.30	 43.01	 43.45	 42.22	 24.30	 25.19	 42.67	 42.67	 44.44	 41.37	 43.41	 43.11	 20.44	 22.52	 46.21	 41.78	 55.56	 42.86	 24.44	 21.33		Diadophis_punctatus 19
																				  0.00	 33.78	 34.67	 32.74	 29.33	 38.96	 32.29	 34.23	 33.63	 41.78	 36.89	 30.67	 38.52	 39.41	 37.19	 37.33	 39.11	 38.07	 29.63	 29.04	 39.11	 29.63	 32.89	 32.89	 38.22	 38.67	 40.15	 35.85	 29.78	 29.93	 27.68	 33.93	 38.67	 37.63	 37.04	 37.88	 31.85	 62.52	 32.74	 40.00	 40.89		Elgaria_multicarinata 20
																					  0.00	 35.26	 35.85	 33.19	 38.52	 35.12	 36.90	 36.01	 40.44	 36.44	 34.22	 39.41	 41.04	 39.41	 40.15	 38.67	 37.78	 34.37	 32.59	 37.04	 34.52	 36.01	 34.82	 38.67	 39.70	 38.81	 38.22	 33.63	 32.59	 31.70	 36.15	 39.85	 41.48	 40.30	 46.21	 37.78	 62.22	 34.67	 42.07	 39.85		Eublepharis_macularius 21
																						  0.00	 35.85	 32.89	 43.85	 36.31	 36.76	 36.90	 43.56	 28.59	 33.48	 41.48	 39.26	 41.48	 42.67	 39.41	 39.26	 34.67	 35.70	 40.15	 31.85	 36.61	 36.16	 41.19	 42.07	 41.93	 36.59	 35.26	 36.00	 34.23	 36.15	 41.78	 42.37	 42.07	 43.94	 38.22	 61.04	 36.76	 43.41	 41.63		Gekko_japonicus 22
																							  0.00	 33.33	 40.15	 36.01	 35.42	 34.97	 40.59	 37.19	 33.93	 40.30	 39.85	 41.63	 39.41	 36.00	 37.93	 32.89	 33.48	 40.00	 32.30	 35.86	 35.86	 34.67	 40.74	 39.41	 37.63	 34.37	 34.52	 31.55	 37.33	 39.41	 41.63	 40.30	 38.64	 36.15	 62.67	 36.76	 40.74	 41.33		Hemicordylus_capensis 23
																								  0.00	 42.22	 31.70	 35.12	 34.08	 41.63	 35.56	 26.52	 40.00	 38.81	 40.00	 39.85	 38.96	 37.33	 26.96	 26.96	 40.00	 27.85	 31.85	 32.29	 34.37	 37.48	 41.78	 36.59	 26.67	 27.26	 29.02	 32.74	 39.11	 39.26	 37.04	 39.39	 29.63	 61.78	 34.23	 40.59	 40.74		Iguana_delicatissima 24
																									  0.00	 40.62	 43.90	 43.15	 27.41	 40.89	 42.22	 26.07	 24.59	 24.15	 23.26	 43.85	 42.52	 40.44	 40.30	 22.67	 40.15	 43.60	 42.71	 42.96	 26.81	 24.89	 38.22	 40.59	 43.26	 39.58	 41.04	 43.41	 21.48	 22.22	 45.45	 42.07	 56.44	 41.07	 24.15	 20.15		Imantodes_cenchoa 25
																										  0.00	 18.15	 16.96	 41.96	 34.97	 31.99	 40.03	 39.73	 42.41	 41.67	 40.77	 42.56	 31.55	 29.32	 40.33	 31.10	 20.54	 20.54	 39.88	 40.92	 42.71	 37.20	 31.99	 32.44	 33.63	 36.31	 42.86	 41.67	 41.07	 44.19	 38.39	 63.24	 19.35	 41.82	 42.41		Lacerta_agilis 26
																											  0.00	  3.57	 43.75	 37.65	 33.63	 41.82	 40.62	 42.41	 42.26	 41.67	 41.67	 30.65	 31.70	 40.48	 32.74	 23.07	 23.96	 38.84	 41.37	 41.37	 37.65	 34.52	 33.04	 32.29	 38.24	 40.48	 44.35	 43.75	 46.51	 38.24	 65.33	 23.81	 44.05	 42.26		Lacerta_bilineata 27
																												  0.00	 43.75	 37.35	 33.33	 41.67	 40.03	 41.67	 42.41	 41.37	 41.67	 30.36	 30.51	 40.03	 32.59	 22.92	 23.21	 38.84	 40.48	 41.22	 36.90	 33.33	 32.74	 32.29	 37.80	 40.92	 44.20	 43.30	 44.96	 38.10	 64.88	 22.77	 43.90	 41.52		Lacerta_viridis 28
																													  0.00	 42.81	 42.37	 32.15	 30.67	 25.78	 24.74	 44.44	 43.26	 42.81	 40.74	 27.26	 41.33	 42.11	 42.86	 44.30	 26.96	 28.74	 44.59	 44.89	 44.44	 40.03	 44.74	 43.11	 26.67	 27.70	 43.94	 42.37	 58.22	 41.52	 29.78	 28.15		Laticauda_colubrina 29
																														  0.00	 33.33	 40.44	 38.96	 41.63	 42.96	 38.67	 37.93	 37.19	 36.89	 40.59	 33.33	 39.14	 38.84	 41.04	 40.59	 41.19	 38.52	 35.11	 36.89	 36.76	 35.41	 43.56	 41.63	 41.04	 40.15	 38.37	 62.96	 36.76	 44.89	 41.33		Lepidodactylus_listeri 30
																															  0.00	 40.59	 40.30	 39.26	 41.48	 38.22	 37.19	 28.59	 26.67	 38.67	 23.26	 33.78	 33.93	 38.07	 38.07	 40.00	 34.67	 29.48	 28.44	 30.51	 32.44	 38.81	 39.56	 41.33	 37.88	 32.59	 63.11	 32.89	 43.41	 42.07		Lerista_edwardsae 31
																																  0.00	 28.89	 25.63	 27.26	 43.85	 39.85	 38.67	 38.67	 27.11	 38.81	 39.73	 40.92	 40.89	 26.07	 27.70	 40.44	 39.41	 38.96	 39.88	 40.30	 42.52	 27.56	 27.26	 44.70	 40.44	 56.59	 38.84	 30.22	 27.11		Morelia_viridis 32
																																	  0.00	 26.67	 27.11	 43.41	 41.63	 40.74	 41.63	 27.56	 39.56	 41.82	 40.92	 42.07	 26.22	 27.26	 39.70	 41.48	 43.26	 40.48	 43.56	 41.48	 25.78	 27.11	 39.39	 40.74	 56.44	 42.71	 27.56	 25.04		Myanophis_thanlyinensis 33
																																		  0.00	 20.59	 46.22	 41.48	 40.59	 40.44	 24.74	 39.85	 43.01	 42.56	 42.22	 25.93	 25.48	 39.85	 40.44	 40.89	 37.35	 42.96	 42.81	 24.30	 24.30	 43.94	 39.56	 56.89	 40.48	 27.70	 25.04		Naja_naja 34
																																			  0.00	 44.00	 41.63	 38.96	 39.41	 22.96	 38.67	 42.26	 41.96	 43.26	 24.74	 26.96	 40.00	 41.63	 39.85	 38.54	 42.37	 44.15	 24.44	 24.00	 40.91	 39.56	 55.56	 40.33	 25.63	 23.11		Ophiophagus_hannah 35
																																				  0.00	 41.93	 38.96	 38.96	 43.70	 37.48	 42.11	 41.37	 42.22	 44.00	 44.15	 41.78	 38.96	 39.41	 37.65	 40.00	 45.19	 42.96	 44.15	 53.03	 43.26	 65.63	 41.67	 46.37	 44.30		Paroedura_picta 36
																																					  0.00	 35.26	 35.85	 41.48	 38.07	 39.73	 40.18	 37.04	 41.19	 41.33	 38.22	 38.22	 37.78	 35.57	 38.81	 42.22	 43.41	 40.59	 49.24	 40.59	 65.33	 38.69	 44.00	 42.67		Phrynocephalus_versicolor 37
																																						  0.00	 12.15	 38.37	 30.07	 30.80	 30.80	 36.89	 40.44	 40.00	 35.41	 21.78	 21.48	 29.91	 34.67	 39.70	 41.93	 40.15	 45.45	 34.96	 64.00	 29.76	 42.07	 40.15		Phrynosoma_blainvillii 38
																																							  0.00	 37.33	 28.89	 30.80	 28.72	 37.48	 39.85	 38.22	 35.70	 21.48	 19.11	 29.76	 33.19	 40.00	 40.89	 40.74	 45.45	 33.93	 64.89	 28.87	 42.22	 39.26		Phrynosoma_platyrhinos 39
																																								  0.00	 39.70	 43.01	 41.22	 42.67	 23.56	 18.81	 37.63	 40.15	 40.30	 38.54	 42.81	 42.07	 23.70	 26.07	 49.24	 41.33	 55.56	 40.18	 24.59	 13.93		Pituophis_catenifer 40
																																									  0.00	 34.23	 34.52	 37.93	 39.11	 40.74	 37.63	 28.74	 29.04	 30.95	 33.78	 39.70	 38.96	 38.67	 37.12	 32.15	 62.07	 33.93	 40.59	 40.30		Plestiodon_gilberti 41
																																										  0.00	 11.16	 41.37	 41.82	 42.71	 37.05	 33.18	 30.51	 32.14	 38.54	 40.33	 43.60	 41.96	 41.09	 38.54	 64.14	 20.98	 43.30	 43.01		Podarci_raffonei 42
																																											  0.00	 41.52	 42.26	 41.52	 35.42	 32.89	 32.59	 32.44	 40.03	 40.92	 44.79	 42.71	 39.53	 38.84	 65.33	 20.54	 43.75	 43.01		Podarcis_muralis 43
																																												  0.00	 40.15	 41.63	 40.89	 37.48	 36.59	 36.46	 40.30	 40.15	 41.78	 40.15	 49.24	 36.00	 64.74	 37.65	 44.89	 42.37		Pogona_vitticeps 44
																																													  0.00	 26.22	 41.63	 39.70	 40.44	 39.58	 42.22	 42.52	 24.59	 27.70	 42.42	 38.96	 52.89	 42.11	 26.22	 23.41		Protobothrops_mucrosquamatus 45
																																														  0.00	 39.70	 40.44	 41.93	 38.84	 43.70	 43.41	 25.78	 27.85	 44.70	 42.37	 56.00	 41.82	 26.96	 20.59		Ptyas_mucosa 46
																																															  0.00	 37.63	 38.37	 35.27	 38.22	 39.56	 41.93	 40.74	 46.97	 39.26	 64.30	 37.80	 41.93	 38.81		Salvator_merianae 47
																																																  0.00	 13.33	 29.91	 33.63	 40.00	 40.59	 39.56	 40.91	 35.11	 63.11	 31.99	 42.67	 41.19		Sceloporus_occidentalis 48
																																																	  0.00	 28.27	 33.93	 38.96	 41.78	 40.89	 43.18	 34.37	 64.15	 32.44	 43.26	 42.22		Sceloporus_tristichus 49
																																																		  0.00	 32.74	 38.54	 39.43	 38.54	 34.88	 32.14	 62.95	 32.74	 39.88	 39.29		Shinisaurus_crocodilurus 50
																																																			  0.00	 41.33	 42.37	 42.52	 43.18	 36.89	 64.00	 38.10	 42.52	 42.52		Sphaerodactylus_townsendi 51
																																																				  0.00	 43.70	 41.33	 50.76	 39.70	 64.00	 42.26	 44.59	 44.00		Sphenodon_punctatus 52
																																																					  0.00	 23.11	 45.45	 40.15	 54.67	 43.75	 24.59	 21.93		Thermophis_baileyi 53
																																																						  0.00	 38.64	 40.15	 58.22	 41.82	 27.11	 25.04		Tropidonophis_doriae 54
																																																							  0.00	 21.97	 49.24	 45.74	 40.91	 46.97		Varanus_komodoensis 55
																																																								  0.00	 62.22	 39.29	 41.33	 40.00		Varanus_salvator 56
																																																									  0.00	 64.43	 55.26	 54.81		Vipera_latastei 57
																																																										  0.00	 44.35	 41.96		Zootaca_vivipara 58
																																																											  0.00	 24.59		Thamnophis_elegans 59
																																																												  0.00		Pantherophis_guttatus 60
