Distance Matrix
---------------

Uncorrected for Multiple Substitutions
Using base positions 123 in the codon
Gap weighting is 0.000000

	    1	    2	    3	    4	    5	    6	    7	    8	    9	    10	    11	    12	    13	    14	    15	    16	    17	    18	    19	    20	    21	    22	    23	    24	    25	    26	    27	    28	    29	    30	    31	    32	    33	    34	    35	    36	    37	    38	    39	    40	    41	    42	    43	    44	    45	    46	    47	    48	    49	    50	    51	    52	    53	    54	    55	    56	    57	    58	    59
	  0.00	 65.60	 72.01	 69.10	 29.24	 62.80	 64.90	 28.95	 31.58	 29.82	 66.07	 68.22	 24.56	 28.36	 67.88	 68.80	 70.55	 28.95	 28.07	 68.22	 67.06	 47.49	 67.85	 71.14	 31.58	 69.39	 68.80	 66.76	 30.70	 40.06	 66.37	 69.68	 27.49	 30.12	 29.82	 67.35	 66.67	 69.10	 69.68	 28.07	 65.31	 69.39	 69.39	 59.06	 28.36	 31.87	 71.06	 69.39	 70.26	 67.93	 69.68	 64.72	 29.82	 30.70	 67.35	 33.33	 67.93	 28.07	 29.24		Python_bivittatus 1
		  0.00	 38.84	 39.13	 63.16	 64.88	 59.00	 63.45	 66.96	 63.16	 68.75	 66.38	 64.62	 62.87	 67.88	 34.78	 35.94	 64.91	 65.50	 40.58	 40.29	 67.85	 61.65	 35.65	 64.33	 38.84	 39.42	 39.13	 66.37	 69.01	 62.83	 38.55	 65.79	 65.79	 65.20	 41.45	 43.95	 38.55	 40.58	 66.37	 39.42	 40.29	 39.71	 46.49	 64.33	 65.20	 72.16	 33.91	 37.10	 37.68	 40.58	 68.70	 64.33	 65.50	 35.36	 41.67	 36.52	 65.20	 65.79		Anilios_bituberculatus 2
			  0.00	 27.54	 69.59	 69.35	 63.72	 70.76	 68.42	 69.30	 68.75	 68.41	 67.54	 68.71	 70.91	 27.54	 27.54	 68.13	 72.22	 35.07	 34.49	 71.68	 65.49	 26.96	 67.54	 32.17	 35.07	 33.91	 69.30	 70.76	 64.01	 39.71	 70.76	 68.42	 69.30	 35.94	 44.54	 26.96	 29.28	 69.01	 30.72	 32.17	 33.04	 45.03	 70.47	 69.01	 70.70	 27.25	 30.43	 33.04	 37.97	 67.25	 71.64	 68.42	 35.36	 50.00	 33.91	 68.71	 69.30		Anolis_carolinensis 3
				  0.00	 66.96	 70.24	 65.19	 69.59	 69.01	 68.13	 66.67	 67.54	 69.59	 67.84	 71.82	 28.70	 26.67	 66.37	 69.30	 34.78	 33.91	 68.73	 63.42	 28.41	 66.67	 33.33	 36.81	 34.49	 67.25	 69.01	 65.19	 43.77	 68.13	 66.08	 66.37	 38.26	 41.59	 27.54	 30.72	 67.54	 31.30	 34.78	 33.91	 48.54	 67.84	 67.25	 73.63	 29.28	 30.43	 31.30	 41.74	 70.72	 69.30	 63.45	 35.65	 50.00	 35.65	 66.08	 66.08		Anolis_sagrei 4
					  0.00	 63.10	 66.96	 28.07	 26.61	 32.46	 67.86	 71.64	 31.29	 30.70	 64.85	 64.04	 65.50	 29.82	 20.18	 65.20	 61.40	 47.79	 68.73	 64.91	 25.73	 64.91	 66.08	 64.62	 26.61	 38.30	 68.14	 67.25	 28.07	 27.78	 29.53	 63.16	 66.37	 64.62	 65.20	 20.76	 63.74	 65.79	 64.33	 60.23	 29.82	 17.54	 72.89	 65.50	 67.84	 65.79	 66.67	 66.08	 24.85	 27.49	 64.33	 50.00	 63.16	 28.65	 19.30		Arizona_elegans 5
						  0.00	 62.50	 62.50	 63.10	 58.93	 37.20	 68.15	 61.90	 60.71	 60.00	 65.18	 66.37	 62.20	 64.29	 70.83	 69.05	 59.82	 63.99	 64.88	 60.71	 68.75	 69.35	 68.45	 62.80	 66.67	 68.15	 64.58	 64.29	 60.71	 61.31	 65.77	 65.18	 68.45	 66.96	 65.77	 69.05	 68.45	 66.07	 66.37	 62.80	 62.80	 66.30	 68.15	 66.67	 70.24	 67.26	 61.61	 63.10	 61.61	 65.48	 50.00	 66.96	 64.58	 64.88		Aspidocelis_tigris 6
							  0.00	 62.54	 66.67	 65.78	 67.56	 67.26	 63.72	 63.42	 62.73	 61.65	 60.77	 63.13	 66.08	 62.24	 66.08	 57.23	 33.04	 63.13	 64.60	 62.83	 64.60	 65.78	 64.01	 67.26	 32.15	 62.24	 65.19	 63.42	 66.37	 62.83	 54.28	 61.95	 62.24	 65.19	 64.01	 67.85	 64.31	 62.83	 66.08	 65.78	 75.82	 63.13	 62.24	 65.19	 62.83	 67.85	 64.31	 66.08	 61.65	 66.67	 63.13	 64.31	 64.60		Aspidoscelis_marmoratus 7
								  0.00	 28.36	 20.47	 68.15	 71.93	 28.36	 22.81	 63.03	 61.70	 65.79	 20.47	 24.85	 62.28	 65.50	 47.20	 66.96	 63.16	 26.02	 67.84	 69.30	 66.37	 30.12	 37.43	 66.96	 68.71	 26.61	 26.32	 24.56	 66.96	 67.26	 68.42	 66.08	 26.32	 68.13	 68.13	 66.96	 57.89	 18.42	 26.90	 72.16	 69.30	 68.42	 65.79	 64.62	 64.62	 24.85	 28.36	 64.91	 41.67	 64.91	 26.32	 28.07		Azemiops_feae 8
									  0.00	 33.33	 66.96	 70.76	 29.53	 32.75	 65.45	 66.67	 68.71	 30.70	 27.78	 66.67	 66.96	 46.02	 68.14	 64.91	 26.90	 69.30	 70.18	 70.18	 32.75	 38.60	 69.32	 65.79	 30.70	 28.95	 30.99	 66.96	 69.32	 64.62	 66.67	 28.65	 66.96	 67.54	 68.13	 62.57	 29.24	 22.22	 71.43	 67.25	 66.96	 69.30	 69.01	 65.79	 27.19	 29.24	 67.54	 25.00	 64.62	 26.32	 26.61		Boaedon_fuliginosus 9
										  0.00	 65.48	 70.18	 28.65	 21.05	 64.85	 61.70	 66.67	 22.81	 29.24	 65.79	 65.79	 48.67	 66.37	 63.16	 24.27	 65.50	 65.20	 61.99	 29.24	 39.18	 70.21	 68.42	 23.39	 26.61	 28.65	 64.62	 66.08	 66.67	 66.96	 30.99	 65.20	 64.33	 64.04	 57.31	 19.30	 30.41	 71.06	 67.54	 66.08	 66.08	 61.40	 61.99	 26.61	 26.32	 64.91	 41.67	 62.57	 25.73	 31.87		Bothrops_jararaca 10
											  0.00	 66.67	 67.26	 67.56	 64.85	 66.67	 68.15	 64.88	 69.35	 68.75	 69.05	 64.58	 62.80	 69.35	 67.56	 68.45	 67.56	 68.45	 67.56	 68.45	 68.75	 63.10	 67.56	 66.37	 70.24	 69.35	 67.86	 68.15	 66.07	 70.83	 72.02	 66.96	 67.26	 67.86	 65.18	 66.67	 71.06	 70.24	 65.77	 65.77	 69.64	 64.58	 68.45	 68.15	 67.26	 33.33	 64.88	 68.75	 65.48		Bungarus_multicintus 11
												  0.00	 66.96	 71.35	 70.61	 67.54	 64.93	 69.88	 68.71	 67.83	 69.86	 72.86	 65.78	 67.25	 71.64	 71.88	 71.01	 70.14	 69.01	 71.64	 66.37	 66.67	 71.35	 69.59	 70.47	 68.12	 63.72	 65.80	 65.80	 70.76	 69.57	 69.54	 67.83	 65.50	 70.47	 71.64	 74.36	 66.67	 66.67	 69.28	 69.83	 60.63	 70.76	 73.10	 70.43	 41.67	 68.99	 70.18	 68.71		Calotes_versicolor 12
													  0.00	 29.24	 67.27	 66.96	 67.54	 27.49	 30.41	 63.45	 67.54	 48.38	 64.60	 67.84	 29.53	 67.25	 66.67	 64.91	 29.53	 42.40	 70.21	 65.79	 26.61	 27.19	 30.70	 63.16	 65.19	 63.74	 63.45	 30.41	 64.04	 64.91	 62.87	 57.31	 29.53	 30.41	 69.23	 65.20	 68.42	 64.04	 63.16	 61.70	 32.75	 30.99	 64.33	 50.00	 61.99	 27.19	 31.29		Charina_bottae 13
														  0.00	 65.76	 63.74	 67.84	 24.27	 29.82	 66.08	 64.91	 46.02	 66.37	 63.74	 27.49	 66.96	 68.13	 65.50	 31.87	 37.72	 67.26	 70.18	 26.61	 27.49	 29.24	 64.04	 68.14	 69.59	 67.84	 30.70	 62.87	 65.20	 65.20	 57.60	 21.05	 32.75	 69.23	 69.59	 69.88	 66.37	 63.16	 64.91	 27.49	 30.41	 64.04	 41.67	 64.91	 28.36	 31.58		Crotalus_tigris 14
															  0.00	 63.33	 69.70	 65.15	 63.94	 69.39	 68.79	 64.24	 69.70	 65.45	 64.55	 67.58	 67.27	 67.27	 66.06	 64.85	 71.52	 68.79	 64.55	 67.58	 64.85	 67.58	 69.70	 67.88	 67.27	 62.73	 70.30	 66.67	 66.36	 66.36	 66.36	 64.85	 71.43	 68.79	 65.45	 66.97	 68.18	 67.88	 64.85	 64.85	 67.58	 58.33	 69.39	 64.55	 65.15		Cryptoblepharus_egeriae 15
																  0.00	 17.10	 63.74	 65.79	 33.62	 33.62	 65.78	 64.60	 11.88	 66.37	 32.46	 32.46	 29.86	 65.20	 64.62	 64.31	 40.29	 63.74	 63.74	 60.82	 38.26	 44.25	 22.03	 23.48	 64.91	 32.46	 30.43	 28.70	 41.23	 62.87	 65.20	 68.86	 23.48	 22.32	 27.25	 36.52	 67.25	 64.04	 63.45	 29.28	 33.33	 31.59	 65.20	 66.37		Ctenosaura_bakeri 16
																	  0.00	 65.50	 67.84	 33.91	 32.17	 68.73	 63.42	 17.10	 66.96	 31.88	 32.17	 29.28	 64.91	 68.71	 61.65	 40.58	 69.30	 65.50	 64.33	 36.81	 42.48	 22.32	 25.80	 66.67	 30.14	 33.33	 30.72	 44.74	 66.08	 66.08	 70.33	 22.61	 24.35	 27.83	 37.10	 66.38	 66.67	 65.79	 30.72	 33.33	 33.33	 67.84	 67.54		Cyclura_pinguis 17
																		  0.00	 27.78	 64.33	 65.50	 47.20	 66.37	 64.04	 28.07	 66.08	 66.37	 64.33	 29.82	 38.30	 66.67	 68.71	 27.19	 27.49	 28.36	 64.04	 65.78	 67.54	 66.37	 26.90	 66.08	 66.37	 65.50	 58.48	 20.47	 29.24	 74.73	 68.42	 68.13	 64.04	 63.74	 64.04	 28.07	 28.95	 66.96	 25.00	 62.28	 26.32	 29.53		Daboia_siamensis 18
																			  0.00	 67.84	 66.96	 46.61	 71.09	 66.37	 24.27	 69.01	 67.84	 65.50	 26.32	 39.47	 68.73	 70.76	 26.61	 26.02	 26.32	 66.08	 68.73	 68.42	 69.01	 21.93	 66.08	 68.13	 67.84	 59.65	 27.19	 19.88	 68.86	 66.96	 69.88	 64.91	 64.91	 65.50	 20.47	 28.65	 64.91	 25.00	 65.20	 24.27	 23.68		Diadophis_punctatus 19
																				  0.00	 35.94	 69.62	 64.31	 35.94	 66.67	 40.29	 37.97	 36.81	 68.13	 68.42	 61.95	 44.64	 65.79	 63.45	 64.33	 38.84	 48.08	 33.62	 35.07	 66.37	 37.39	 37.97	 35.07	 48.54	 63.45	 66.08	 70.33	 35.65	 36.81	 33.04	 38.26	 68.12	 67.54	 67.54	 36.23	 66.67	 37.97	 66.96	 65.20		Elgaria_multicarinata 20
																					  0.00	 72.27	 64.60	 33.04	 62.28	 32.17	 33.62	 33.04	 64.91	 68.71	 64.90	 42.03	 69.30	 66.08	 65.50	 34.20	 45.72	 32.17	 32.17	 66.67	 31.01	 34.20	 33.33	 45.91	 64.91	 64.62	 69.60	 33.33	 35.07	 33.62	 40.87	 66.09	 64.91	 61.11	 32.75	 41.67	 31.88	 64.91	 64.91		Eublepharis_macularius 21
																						  0.00	 59.59	 66.08	 49.26	 68.73	 69.03	 66.67	 45.13	 39.23	 59.59	 65.49	 43.95	 44.25	 46.31	 68.14	 59.88	 66.37	 67.85	 46.02	 69.03	 69.62	 68.73	 68.44	 44.25	 46.02	 69.96	 67.26	 66.37	 71.09	 67.55	 61.65	 47.79	 49.26	 65.19	 83.33	 67.55	 49.85	 46.02		Gekko_japonicus 22
																							  0.00	 66.37	 67.26	 64.01	 63.13	 64.01	 70.50	 68.14	 31.86	 60.77	 64.60	 69.03	 69.32	 64.60	 53.98	 64.31	 66.08	 69.91	 62.24	 64.60	 63.13	 65.19	 66.08	 69.03	 76.19	 63.13	 64.31	 64.90	 62.83	 67.55	 69.32	 67.55	 62.54	 50.00	 64.01	 69.32	 67.26		Hemicordylus_capensis 23
																								  0.00	 64.33	 30.43	 31.59	 30.43	 63.16	 63.74	 65.78	 37.97	 65.50	 63.74	 61.70	 37.10	 43.95	 24.06	 27.25	 65.50	 30.14	 31.30	 29.86	 42.69	 65.20	 65.50	 68.13	 24.35	 26.67	 29.86	 37.10	 70.14	 64.62	 63.45	 28.70	 41.67	 31.59	 64.91	 65.79		Iguana_delicatissima 24
																									  0.00	 66.37	 66.96	 65.20	 29.24	 42.11	 68.14	 66.96	 26.90	 26.02	 28.65	 64.62	 67.26	 66.08	 65.79	 25.73	 64.62	 65.20	 65.50	 59.06	 28.07	 23.39	 71.43	 66.08	 69.59	 65.20	 65.79	 64.62	 22.22	 23.39	 65.79	 41.67	 63.16	 23.39	 26.61		Imantodes_cenchoa 25
																										  0.00	 16.23	 13.91	 64.33	 69.59	 65.19	 39.71	 67.54	 65.79	 67.25	 38.55	 43.07	 30.14	 33.33	 66.08	 28.70	 24.93	 24.93	 46.49	 68.13	 65.79	 71.79	 28.99	 30.72	 31.88	 35.07	 69.57	 69.01	 64.04	 31.30	 41.67	 23.77	 64.91	 67.54		Lacerta_agilis 26
																											  0.00	  7.54	 64.33	 70.76	 66.96	 40.58	 67.54	 67.25	 66.96	 36.23	 44.54	 31.30	 34.20	 66.37	 29.57	 25.51	 23.48	 46.49	 68.42	 67.25	 72.16	 31.01	 31.59	 31.30	 36.23	 69.57	 69.01	 66.37	 36.81	 50.00	 21.74	 66.37	 67.84		Lacerta_bilineata 27
																												  0.00	 63.16	 69.30	 65.19	 40.29	 65.50	 64.62	 65.50	 36.81	 43.07	 28.70	 32.17	 63.74	 28.99	 24.35	 21.74	 46.20	 65.20	 65.20	 70.33	 28.99	 29.57	 29.57	 34.78	 67.25	 66.67	 64.62	 32.46	 41.67	 21.45	 63.74	 66.08		Lacerta_viridis 28
																													  0.00	 39.18	 70.21	 69.88	 28.07	 24.56	 28.65	 66.67	 67.26	 64.62	 64.62	 25.73	 64.91	 65.79	 63.45	 57.31	 29.24	 27.19	 67.40	 66.37	 66.96	 65.79	 66.37	 67.84	 27.49	 28.07	 65.50	 58.33	 62.87	 27.19	 26.90		Laticauda_colubrina 29
																														  0.00	 67.26	 69.59	 38.01	 34.21	 37.43	 68.13	 70.50	 67.84	 68.71	 39.18	 65.79	 66.37	 67.84	 56.73	 35.38	 38.89	 72.16	 68.71	 68.42	 70.47	 67.25	 66.37	 39.18	 39.77	 68.42	 66.67	 68.13	 39.47	 38.60		Lepidodactylus_listeri 30
																															  0.00	 62.83	 67.85	 68.14	 71.09	 65.19	 55.16	 64.90	 65.19	 71.09	 63.72	 68.14	 65.19	 65.49	 68.14	 68.14	 75.82	 63.72	 63.72	 66.08	 63.42	 69.91	 67.55	 69.62	 61.95	 66.67	 64.90	 71.68	 70.21		Lerista_edwardsae 31
																																  0.00	 65.79	 68.42	 69.01	 40.87	 46.31	 40.00	 42.03	 66.67	 42.61	 40.29	 42.32	 47.37	 69.30	 67.54	 69.96	 41.45	 42.90	 46.09	 41.45	 66.09	 67.54	 70.76	 38.84	 58.33	 39.13	 66.67	 65.79		Morelia_viridis 32
																																	  0.00	 26.90	 28.65	 67.84	 67.26	 68.71	 71.05	 26.61	 66.08	 65.79	 66.08	 56.73	 24.56	 27.78	 70.70	 68.71	 69.88	 67.25	 65.79	 66.67	 25.44	 28.36	 67.54	 50.00	 64.62	 26.90	 27.49		Myanophis_thanlyinensis 33
																																		  0.00	 21.93	 65.20	 64.01	 64.62	 66.37	 24.85	 65.50	 67.54	 64.04	 54.97	 26.32	 26.90	 66.30	 65.79	 66.08	 66.37	 64.62	 64.33	 21.93	 28.36	 63.45	 58.33	 64.33	 23.68	 26.61		Naja_naja 34
																																			  0.00	 64.91	 68.14	 65.20	 66.08	 28.65	 63.16	 65.79	 65.20	 55.85	 24.56	 30.12	 69.23	 64.91	 65.50	 65.79	 64.91	 64.04	 25.73	 26.02	 65.20	 50.00	 65.79	 28.07	 28.07		Ophiophagus_hannah 35
																																				  0.00	 45.72	 35.36	 38.55	 65.20	 35.65	 37.97	 37.10	 43.57	 66.37	 65.79	 75.09	 36.81	 37.10	 42.03	 34.49	 65.80	 65.79	 66.08	 37.39	 41.67	 36.23	 64.91	 65.20		Paroedura_picta 36
																																					  0.00	 43.07	 46.02	 67.26	 42.77	 46.31	 42.18	 43.95	 66.67	 68.14	 77.29	 42.18	 43.66	 44.84	 46.02	 64.60	 67.85	 64.90	 43.07	 50.00	 44.25	 68.44	 66.08		Phrynocephalus_versicolor 37
																																						  0.00	 14.78	 66.96	 31.30	 33.62	 31.30	 44.74	 68.71	 65.20	 68.50	 17.68	 20.00	 29.57	 39.42	 67.25	 69.30	 63.74	 31.88	 41.67	 28.70	 66.08	 68.42		Phrynosoma_blainvillii 38
																																							  0.00	 67.54	 33.91	 32.75	 30.43	 45.91	 67.25	 65.50	 70.70	 24.06	 21.74	 30.43	 41.45	 66.09	 69.88	 64.33	 33.04	 33.33	 31.59	 66.96	 69.01		Phrynosoma_platyrhinos 39
																																								  0.00	 64.91	 68.42	 66.67	 58.77	 27.49	 20.18	 68.86	 68.13	 70.47	 66.67	 66.37	 64.62	 19.88	 28.65	 66.37	 41.67	 64.04	 24.27	 15.50		Pituophis_catenifer 40
																																									  0.00	 33.04	 32.17	 45.61	 65.79	 66.96	 68.50	 30.14	 32.46	 30.14	 33.62	 68.41	 67.25	 62.57	 34.49	 50.00	 31.88	 64.91	 65.20		Plestiodon_gilberti 41
																																										  0.00	 16.81	 44.44	 65.20	 66.96	 68.13	 33.04	 33.04	 30.14	 35.88	 67.24	 66.67	 62.57	 35.36	 50.00	 22.32	 67.84	 66.67		Podarci_raffonei 42
																																											  0.00	 42.11	 66.37	 65.79	 68.13	 30.72	 31.88	 28.70	 35.94	 65.22	 66.96	 62.57	 33.33	 50.00	 25.51	 65.79	 66.96		Podarcis_muralis 43
																																												  0.00	 58.77	 59.65	 67.03	 43.86	 45.03	 44.74	 43.86	 63.16	 59.06	 59.06	 45.03	 58.33	 47.08	 57.60	 59.65		Pogona_vitticeps 44
																																													  0.00	 28.07	 72.16	 68.42	 67.84	 66.08	 64.62	 63.74	 25.73	 29.53	 68.42	 33.33	 63.45	 25.15	 24.56		Protobothrops_mucrosquamatus 45
																																														  0.00	 72.16	 66.08	 66.67	 65.50	 66.67	 63.45	 21.05	 29.53	 65.50	 41.67	 63.45	 26.32	 19.30		Ptyas_mucosa 46
																																															  0.00	 69.96	 71.06	 70.33	 71.06	 71.43	 67.77	 72.16	 65.93	 50.00	 70.33	 70.33	 71.79		Salvator_merianae 47
																																																  0.00	 12.46	 30.14	 36.81	 67.54	 68.71	 63.16	 31.30	 58.33	 32.17	 64.91	 69.30		Sceloporus_occidentalis 48
																																																	  0.00	 30.43	 38.26	 65.80	 71.05	 65.79	 31.59	 58.33	 31.01	 67.84	 69.30		Sceloporus_tristichus 49
																																																		  0.00	 35.94	 66.67	 65.50	 66.96	 32.75	 50.00	 29.28	 66.37	 67.54		Shinisaurus_crocodilurus 50
																																																			  0.00	 69.54	 64.33	 63.74	 32.75	 41.67	 34.20	 66.37	 66.96		Sphaerodactylus_townsendi 51
																																																				  0.00	 65.20	 66.37	 68.99	 50.00	 69.28	 64.04	 66.08		Sphenodon_punctatus 52
																																																					  0.00	 27.49	 67.25	 41.67	 64.62	 22.22	 21.35		Thermophis_baileyi 53
																																																						  0.00	 67.54	 50.00	 60.53	 23.98	 30.99		Tropidonophis_doriae 54
																																																							  0.00	 50.00	 32.75	 69.01	 67.25		Varanus_salvator 55
																																																								  0.00	 41.67	 41.67	 58.33		Vipera_latastei 56
																																																									  0.00	 62.28	 64.91		Zootaca_vivipara 57
																																																										  0.00	 24.27		Thamnophis_elegans 58
																																																											  0.00		Pantherophis_guttatus 59
