Distance Matrix
---------------

Uncorrected for Multiple Substitutions
Using base positions 123 in the codon
Gap weighting is 0.000000

	    1	    2	    3	    4	    5	    6	    7	    8	    9	    10	    11	    12	    13	    14	    15	    16	    17	    18	    19	    20	    21	    22	    23	    24	    25	    26	    27	    28	    29	    30	    31	    32	    33	    34	    35	    36	    37	    38	    39	    40	    41	    42	    43	    44	    45	    46	    47	    48	    49	    50	    51	    52	    53	    54	    55	    56	    57	    58
	  0.00	 68.56	 69.06	 69.17	 66.35	 67.20	 66.24	 67.92	 68.87	 68.54	 68.34	 68.12	 64.01	 68.54	 67.19	 67.28	 67.19	 68.96	 66.77	 66.36	 68.02	 66.46	 65.73	 29.49	 69.77	 69.36	 69.25	 68.12	 68.03	 67.92	 66.46	 29.60	 69.39	 29.70	 69.20	 67.71	 67.08	 65.94	 67.92	 67.60	 70.50	 69.98	 68.05	 68.12	 67.82	 69.56	 68.01	 68.98	 67.40	 67.81	 69.67	 30.53	 65.09	 68.11	 66.67	 69.60	 69.15	 67.09		Python_bivittatus 1
		  0.00	 33.75	 31.65	 66.98	 69.45	 69.51	 32.07	 68.56	 30.60	 68.66	 67.93	 70.28	 30.60	 70.77	 62.38	 30.49	 31.76	 69.51	 34.49	 40.90	 71.41	 29.97	 68.66	 39.12	 39.64	 38.49	 31.76	 69.82	 30.07	 35.54	 68.87	 66.98	 68.87	 71.20	 69.40	 38.91	 39.43	 68.03	 37.22	 38.38	 40.06	 39.64	 30.18	 69.40	 69.88	 39.01	 70.45	 62.57	 34.81	 38.17	 68.66	 72.34	 73.00	 62.57	 68.98	 40.17	 67.09		Anilios_bituberculatus 2
			  0.00	 20.94	 69.10	 68.70	 68.67	 33.75	 66.98	 34.58	 66.67	 67.29	 67.83	 33.96	 69.81	 62.75	 28.33	 34.38	 69.20	 29.27	 37.60	 70.36	 28.65	 69.58	 37.40	 37.60	 38.23	 32.81	 71.38	 28.23	 37.92	 69.79	 68.03	 71.04	 69.20	 66.04	 33.02	 30.83	 67.51	 35.52	 34.48	 35.83	 40.94	 33.65	 67.30	 67.95	 33.33	 69.61	 61.77	 30.73	 38.13	 70.73	 71.61	 70.44	 65.10	 68.55	 37.81	 68.55		Anolis_carolinensis 3
				  0.00	 69.21	 67.85	 67.30	 34.06	 67.92	 33.33	 67.09	 68.96	 71.02	 34.17	 71.07	 63.36	 27.81	 33.23	 68.46	 29.48	 37.19	 69.73	 26.46	 69.69	 37.81	 37.40	 37.50	 32.40	 70.02	 26.56	 38.96	 69.69	 67.71	 69.69	 68.57	 67.08	 34.48	 33.02	 67.92	 36.04	 35.31	 36.87	 40.31	 32.50	 68.97	 69.24	 34.69	 68.98	 60.73	 31.35	 36.98	 71.77	 71.29	 71.22	 65.73	 69.08	 37.40	 67.82		Anolis_sagrei 4
					  0.00	 69.24	 68.99	 67.20	 69.31	 67.72	 69.95	 70.79	 68.37	 66.77	 68.04	 68.26	 68.99	 67.62	 69.74	 68.57	 69.95	 69.84	 68.57	 68.15	 69.10	 67.94	 69.74	 68.78	 66.77	 67.62	 67.83	 67.20	 69.21	 69.31	 66.46	 69.52	 68.78	 68.36	 68.15	 69.74	 67.30	 67.51	 68.04	 66.77	 68.99	 68.60	 68.15	 67.72	 68.89	 68.25	 69.84	 68.15	 66.67	 70.33	 67.94	 70.69	 69.42	 68.25		Arizona_elegans 5
						  0.00	 65.27	 67.42	 68.27	 67.74	 69.77	 68.06	 68.60	 67.52	 67.85	 66.54	 67.10	 68.17	 67.20	 66.24	 67.31	 65.17	 66.67	 65.38	 67.52	 67.74	 68.17	 65.92	 68.17	 67.31	 66.02	 66.24	 68.49	 65.92	 68.60	 68.17	 66.67	 66.67	 68.60	 67.95	 67.52	 68.27	 65.49	 66.77	 68.17	 18.65	 65.81	 67.63	 70.31	 66.88	 66.02	 66.67	 69.13	 69.56	 69.02	 70.10	 66.88	 68.17		Aspidocelis_tigris 6
							  0.00	 68.04	 67.51	 67.83	 68.04	 66.67	 67.30	 68.88	 69.94	 69.00	 66.67	 67.83	 38.19	 64.98	 69.62	 27.64	 66.56	 68.67	 66.03	 67.19	 67.72	 66.03	 69.20	 66.67	 67.41	 69.51	 67.83	 67.41	 39.35	 67.19	 65.93	 66.24	 67.41	 68.57	 66.24	 67.51	 67.83	 67.51	 67.41	 66.77	 66.56	 38.40	 71.62	 66.14	 66.77	 68.67	 68.78	 38.22	 70.46	 68.57	 67.62	 65.93		Aspidoscelis_marmoratus 7
								  0.00	 65.09	 17.92	 67.40	 66.67	 68.58	 20.10	 66.98	 64.22	 32.08	 21.56	 69.09	 34.58	 43.02	 68.04	 31.98	 68.65	 40.00	 40.00	 41.04	 24.06	 70.44	 31.35	 31.67	 68.12	 65.72	 68.75	 69.62	 65.52	 39.38	 39.48	 67.61	 39.58	 39.17	 39.58	 43.23	 17.29	 68.34	 66.67	 38.02	 68.56	 62.60	 34.90	 40.62	 69.79	 68.45	 70.89	 63.33	 68.55	 39.58	 66.67		Azemiops_feae 8
									  0.00	 65.93	 22.96	 35.22	 66.99	 66.56	 62.26	 68.26	 66.98	 66.98	 69.73	 65.62	 67.19	 66.03	 67.92	 67.61	 68.97	 68.76	 68.97	 66.67	 69.60	 65.30	 67.19	 68.76	 22.33	 69.50	 67.51	 34.80	 67.82	 68.03	 24.42	 67.71	 67.92	 68.97	 68.97	 65.51	 22.22	 68.06	 66.88	 67.09	 70.02	 67.51	 68.34	 69.39	 69.09	 68.89	 68.87	 27.04	 69.18	 22.85		Boaedon_fuliginosus 9
										  0.00	 66.88	 67.40	 68.68	 16.15	 67.51	 61.15	 31.88	 22.50	 67.93	 33.96	 43.75	 68.25	 30.10	 69.06	 40.94	 40.42	 41.25	 24.06	 68.97	 31.77	 30.94	 68.75	 66.56	 70.52	 68.88	 66.88	 39.90	 40.94	 68.13	 38.33	 39.58	 40.31	 41.35	 16.04	 68.45	 67.20	 40.10	 69.61	 62.71	 32.92	 39.06	 69.69	 69.30	 71.67	 61.15	 66.35	 41.04	 67.19		Bothrops_jararaca 10
											  0.00	 33.33	 66.88	 68.76	 63.42	 69.85	 68.03	 67.61	 68.88	 66.56	 68.24	 66.56	 68.87	 68.55	 67.92	 68.76	 68.34	 68.24	 70.34	 68.45	 66.67	 69.29	 19.60	 70.34	 69.30	 34.17	 66.46	 66.98	 20.13	 69.60	 67.71	 67.51	 68.76	 67.51	 18.97	 69.02	 68.34	 69.09	 68.45	 69.08	 68.55	 70.44	 70.45	 70.00	 69.60	 26.94	 68.55	 19.39		Bungarus_multicintus 11
												  0.00	 67.20	 68.23	 61.43	 69.24	 67.08	 67.92	 69.62	 66.04	 68.44	 66.56	 66.67	 69.78	 67.81	 68.22	 68.74	 68.33	 69.92	 68.12	 67.19	 70.72	 34.28	 70.92	 68.57	 30.63	 67.81	 67.91	 34.07	 68.02	 68.95	 69.68	 69.47	 67.71	 31.13	 69.24	 66.67	 69.61	 68.75	 69.37	 68.33	 70.82	 70.14	 69.11	 67.91	 38.89	 68.85	 32.49		Calotes_versicolor 12
													  0.00	 67.62	 67.09	 69.73	 68.79	 70.17	 69.11	 67.20	 67.73	 69.00	 68.58	 64.65	 68.58	 69.21	 69.11	 67.73	 68.47	 69.21	 65.39	 65.07	 67.94	 65.29	 69.96	 69.11	 67.83	 68.47	 66.67	 69.53	 69.21	 69.43	 66.88	 66.99	 66.77	 69.88	 68.26	 68.90	 71.13	 66.99	 68.37	 64.23	 65.71	 70.44	 67.73	 69.96	 67.62	 65.71		Charina_bottae 13
														  0.00	 68.45	 60.54	 30.62	 22.71	 69.73	 34.90	 42.50	 69.83	 29.90	 68.96	 38.33	 39.17	 39.06	 24.27	 68.55	 30.10	 29.79	 69.58	 66.14	 70.00	 70.15	 67.29	 37.92	 38.85	 68.55	 39.69	 38.85	 39.79	 39.06	 16.98	 69.50	 67.95	 38.13	 68.77	 62.50	 34.38	 38.54	 70.73	 68.24	 70.78	 61.67	 69.50	 39.17	 68.13		Crotalus_tigris 14
															  0.00	 69.12	 70.44	 68.97	 69.62	 70.23	 71.28	 68.67	 69.81	 66.67	 70.34	 71.38	 71.80	 68.34	 69.18	 70.23	 69.71	 67.92	 62.05	 68.97	 70.04	 62.68	 70.75	 70.55	 61.32	 70.34	 72.12	 72.64	 70.02	 68.13	 61.43	 69.88	 70.86	 69.72	 69.29	 67.61	 71.38	 67.92	 36.70	 70.33	 66.77	 63.63	 73.27	 61.64		Cryptoblepharus_egeriae 15
																  0.00	 60.17	 62.75	 67.28	 62.62	 61.76	 67.65	 59.31	 67.77	 61.76	 63.97	 63.36	 62.62	 68.01	 61.15	 59.68	 68.38	 67.52	 67.77	 68.38	 68.63	 64.22	 64.22	 67.52	 64.46	 63.60	 64.46	 64.09	 62.50	 66.79	 65.07	 63.36	 68.63	 69.73	 63.24	 61.15	 68.01	 69.00	 68.26	 66.79	 69.36	 64.58	 68.26		Ctenosaura_bakeri 16
																	  0.00	 33.44	 67.41	 27.93	 37.29	 68.25	 15.89	 67.50	 39.04	 38.01	 38.53	 31.35	 68.97	 26.56	 37.80	 69.89	 66.25	 69.68	 68.57	 66.98	 31.78	 32.40	 66.46	 33.64	 35.51	 36.76	 38.94	 31.77	 68.34	 67.42	 33.85	 68.24	 59.48	 30.22	 37.18	 70.40	 68.03	 69.33	 62.41	 69.18	 38.32	 66.77		Cyclura_pinguis 17
																		  0.00	 68.88	 35.31	 41.46	 68.46	 31.46	 69.58	 42.60	 41.25	 40.94	 23.23	 68.34	 30.94	 31.56	 68.54	 66.14	 70.21	 69.41	 66.98	 40.52	 40.73	 68.24	 40.62	 39.90	 41.88	 42.71	 21.46	 68.55	 67.42	 40.83	 70.14	 63.02	 34.48	 40.94	 70.83	 70.14	 70.44	 62.71	 68.66	 41.35	 67.19		Diadophis_punctatus 18
																			  0.00	 68.99	 69.83	 35.97	 67.72	 68.57	 68.67	 68.88	 68.35	 66.03	 67.72	 70.46	 66.67	 68.57	 69.20	 69.94	 37.87	 69.30	 67.51	 67.93	 68.88	 69.83	 67.19	 67.51	 68.88	 69.62	 68.46	 66.24	 68.88	 25.11	 70.36	 68.88	 67.09	 68.46	 61.29	 29.44	 69.83	 71.52	 68.25	 68.67		Elgaria_multicarinata 19
																				  0.00	 36.46	 69.09	 28.14	 67.08	 36.97	 37.07	 37.07	 35.10	 68.24	 29.37	 39.15	 70.20	 66.25	 69.57	 67.72	 66.04	 37.28	 35.62	 66.04	 37.49	 35.10	 36.76	 42.58	 34.48	 67.40	 65.81	 37.07	 68.56	 61.25	 28.66	 38.21	 69.78	 69.30	 69.22	 63.03	 66.88	 36.34	 66.35		Eublepharis_macularius 20
																					  0.00	 69.09	 36.77	 68.33	 39.48	 38.54	 38.23	 43.23	 59.64	 37.19	 40.31	 68.54	 67.92	 68.65	 68.88	 68.44	 35.73	 34.58	 69.50	 36.56	 37.71	 39.48	 39.06	 43.23	 68.87	 67.42	 38.02	 67.40	 70.73	 38.75	 38.96	 68.44	 69.51	 67.44	 71.77	 69.60	 39.58	 67.71		Gekko_japonicus 21
																						  0.00	 68.67	 67.09	 68.25	 68.67	 68.25	 69.30	 71.41	 68.67	 67.41	 69.62	 65.93	 67.72	 40.72	 67.09	 67.09	 66.46	 67.30	 69.51	 67.83	 68.57	 67.93	 68.35	 66.77	 66.02	 67.19	 34.60	 71.94	 68.46	 66.88	 67.72	 68.88	 35.11	 70.15	 67.62	 68.57	 66.03		Hemicordylus_capensis 22
																							  0.00	 67.60	 36.55	 36.34	 36.55	 30.73	 68.76	 24.58	 36.76	 68.95	 67.82	 68.22	 68.14	 67.81	 32.19	 31.78	 68.55	 32.50	 35.41	 36.24	 38.84	 30.42	 68.76	 66.99	 32.81	 68.24	 58.65	 29.28	 36.14	 69.37	 68.66	 69.22	 61.47	 69.08	 37.38	 68.76		Iguana_delicatissima 23
																								  0.00	 60.96	 61.16	 61.37	 69.17	 66.35	 67.92	 59.29	 20.77	 69.29	 21.39	 70.89	 67.08	 58.77	 59.09	 68.45	 60.23	 62.41	 62.20	 61.68	 68.44	 68.13	 67.20	 60.33	 68.98	 69.69	 68.22	 60.12	 19.52	 66.56	 69.89	 69.06	 70.13	 62.51	 68.34		Imantodes_cenchoa 24
																									  0.00	 13.98	 12.94	 41.25	 70.23	 35.83	 31.36	 62.41	 68.13	 62.20	 68.46	 66.36	 26.60	 26.60	 68.97	 28.04	 18.84	 18.43	 34.27	 39.38	 69.18	 67.42	 28.47	 67.30	 70.00	 39.88	 29.40	 61.27	 69.82	 69.33	 72.59	 70.02	 19.98	 68.34		Lacerta_agilis 25
																										  0.00	  6.63	 41.35	 69.81	 35.42	 30.94	 62.10	 68.45	 63.14	 69.09	 68.02	 26.81	 25.98	 69.18	 28.35	 20.29	 19.88	 34.68	 39.48	 69.50	 67.95	 28.05	 67.61	 70.62	 36.45	 29.50	 62.10	 70.66	 68.78	 73.83	 71.17	 19.46	 68.76		Lacerta_bilineata 26
																											  0.00	 41.67	 69.29	 35.00	 31.67	 62.10	 67.82	 63.45	 68.35	 68.22	 26.81	 26.19	 68.34	 28.87	 20.08	 19.98	 34.78	 39.17	 69.29	 68.06	 29.30	 68.24	 70.62	 38.21	 30.12	 61.79	 70.77	 69.67	 72.90	 71.17	 20.39	 68.87		Lacerta_viridis 27
																												  0.00	 70.02	 32.92	 33.12	 67.81	 67.71	 70.62	 68.35	 66.15	 39.17	 39.38	 68.87	 40.10	 39.06	 40.21	 41.46	 23.85	 68.76	 66.77	 39.58	 68.14	 63.23	 35.73	 40.31	 70.00	 69.72	 71.00	 63.23	 70.02	 41.67	 68.76		Laticauda_colubrina 28
																													  0.00	 68.03	 66.67	 67.40	 68.87	 67.51	 68.99	 70.96	 69.71	 68.76	 70.02	 68.97	 70.13	 70.55	 68.76	 69.50	 68.76	 68.06	 69.71	 67.51	 38.78	 67.51	 68.97	 67.09	 69.09	 69.00	 38.05	 71.49	 70.44	 68.45		Lepidodactylus_listeri 29
																														  0.00	 36.04	 68.44	 65.30	 69.17	 67.30	 67.60	 32.81	 33.44	 66.98	 32.71	 34.69	 35.21	 38.44	 29.58	 67.92	 67.52	 33.96	 69.61	 60.10	 28.65	 36.98	 69.17	 68.45	 70.11	 62.81	 68.87	 37.08	 66.14		Lerista_edwardsae 30
																															  0.00	 59.92	 66.77	 59.92	 69.41	 65.11	 29.60	 30.11	 68.24	 30.43	 31.67	 30.74	 33.54	 30.62	 68.76	 66.02	 31.05	 67.19	 70.00	 39.46	 31.26	 59.19	 67.30	 70.00	 69.06	 68.66	 31.36	 67.09		Morelia_viridis 31
																																  0.00	 70.02	 21.60	 70.57	 68.85	 60.75	 61.37	 69.50	 61.68	 63.45	 62.72	 61.37	 69.06	 69.08	 68.92	 60.54	 69.82	 71.56	 68.64	 61.27	 21.08	 67.61	 70.44	 69.37	 71.38	 64.17	 68.76		Myanophis_thanlyinensis 32
																																	  0.00	 70.23	 68.57	 34.17	 66.25	 66.04	 21.80	 67.51	 67.40	 68.55	 70.23	 65.93	 20.86	 67.95	 67.40	 68.56	 68.55	 67.71	 65.93	 70.55	 68.87	 69.56	 67.82	 27.57	 70.34	 18.97		Naja_naja 33
																																		  0.00	 71.10	 68.74	 60.23	 60.96	 69.81	 61.06	 64.17	 63.45	 62.82	 69.79	 70.13	 69.13	 60.33	 68.45	 71.46	 69.26	 61.58	 22.43	 66.67	 70.00	 69.16	 69.71	 64.59	 69.39		Ophiophagus_hannah 34
																																			  0.00	 69.51	 67.30	 68.88	 69.83	 72.26	 68.25	 67.09	 69.51	 69.83	 68.04	 68.92	 68.25	 37.76	 71.52	 68.04	 68.25	 70.78	 66.14	 40.44	 70.89	 71.73	 68.88	 68.25		Paroedura_picta 35
																																				  0.00	 66.04	 65.63	 34.07	 69.16	 66.04	 68.12	 67.91	 66.67	 33.86	 67.74	 66.98	 69.72	 68.96	 69.06	 66.25	 68.12	 69.72	 69.67	 68.74	 38.78	 67.60	 33.96		Phrynocephalus_versicolor 36
																																					  0.00	 11.80	 67.82	 25.34	 25.98	 26.19	 32.92	 38.85	 67.40	 65.92	 18.32	 66.25	 69.58	 36.45	 27.95	 60.64	 67.30	 68.22	 72.38	 68.76	 27.95	 67.19		Phrynosoma_blainvillii 37
																																						  0.00	 66.77	 25.65	 26.29	 25.98	 33.23	 38.33	 67.71	 65.81	 20.29	 66.46	 70.00	 37.38	 27.54	 60.75	 67.93	 70.44	 71.44	 68.45	 27.54	 66.46		Phrynosoma_platyrhinos 38
																																							  0.00	 68.87	 68.55	 69.29	 68.55	 68.55	 15.51	 68.06	 67.92	 69.51	 69.18	 67.61	 69.08	 69.60	 69.09	 70.00	 68.45	 25.68	 69.18	 11.74		Pituophis_catenifer 39
																																								  0.00	 26.90	 28.87	 34.68	 39.17	 69.60	 70.10	 24.92	 69.93	 68.85	 37.38	 28.97	 61.99	 69.93	 68.56	 70.72	 69.18	 29.80	 68.24		Plestiodon_gilberti 40
																																									  0.00	 10.66	 32.82	 40.31	 68.76	 67.42	 24.84	 68.45	 69.90	 38.32	 28.67	 63.66	 71.19	 69.56	 71.86	 69.92	 19.98	 68.97		Podarci_raffonei 41
																																										  0.00	 32.82	 41.35	 70.13	 67.52	 26.71	 68.03	 70.00	 39.46	 27.85	 62.82	 71.29	 70.44	 72.59	 70.86	 19.88	 69.81		Podarcis_muralis 42
																																											  0.00	 40.94	 70.75	 67.95	 32.92	 68.03	 69.27	 40.71	 35.61	 62.31	 68.45	 70.44	 70.20	 70.55	 35.09	 68.55		Pogona_vitticeps 43
																																												  0.00	 68.87	 67.10	 39.06	 68.87	 61.67	 33.23	 40.83	 70.00	 67.61	 71.78	 61.98	 69.29	 39.27	 68.13		Protobothrops_mucrosquamatus 44
																																													  0.00	 68.38	 69.18	 68.98	 67.71	 70.02	 69.50	 69.18	 69.82	 69.56	 67.92	 26.21	 69.81	 15.09		Ptyas_mucosa 45
																																														  0.00	 66.45	 67.42	 70.95	 67.74	 67.20	 70.10	 67.31	 69.00	 68.92	 70.31	 68.06	 67.95		Salvator_merianae 46
																																															  0.00	 69.40	 69.38	 37.28	 27.12	 62.41	 67.19	 69.33	 72.07	 70.65	 28.47	 68.24		Sceloporus_occidentalis 47
																																																  0.00	 69.61	 69.30	 67.19	 68.45	 60.04	 30.56	 69.93	 71.61	 68.77	 69.19		Sceloporus_tristichus 48
																																																	  0.00	 61.56	 70.62	 71.15	 69.40	 70.33	 30.21	 70.02	 69.69	 69.50		Shinisaurus_crocodilurus 49
																																																		  0.00	 38.94	 68.95	 68.35	 68.56	 61.79	 68.66	 38.84	 68.45		Sphaerodactylus_townsendi 50
																																																			  0.00	 63.03	 69.82	 68.78	 69.47	 69.81	 31.06	 67.82		Sphenodon_punctatus 51
																																																				  0.00	 67.82	 70.00	 68.85	 70.34	 64.69	 68.55		Thermophis_baileyi 52
																																																					  0.00	 64.00	 68.98	 70.24	 72.45	 68.14		Tropidonophis_doriae 53
																																																						  0.00	 71.22	 72.78	 69.22	 69.67		Varanus_komodoensis 54
																																																							  0.00	 71.28	 72.27	 68.34		Varanus_salvator 55
																																																								  0.00	 72.22	 25.58		Vipera_latastei 56
																																																									  0.00	 68.76		Zootaca_vivipara 57
																																																										  0.00		Pantherophis_guttatus 58
