Distance Matrix
---------------

Using the Tamura correction method
Using base positions 3 in the codon
Gap weighting is 0.000000

	    1	    2	    3	    4	    5	    6	    7	    8	    9	    10	    11	    12	    13	    14	    15	    16	    17	    18	    19	    20	    21	    22	    23	    24	    25	    26	    27	    28	    29	    30	    31	    32	    33	    34	    35	    36	    37	    38	    39	    40	    41	    42	    43	    44	    45	    46	    47	    48	    49	    50	    51	    52	    53	    54	    55
	  0.00	 69.01	 99.30	 69.50	 96.35	 86.93	 90.47	 95.03	107.10	 75.52	106.17	103.23	 67.90	105.19	116.80	114.21	127.62	 77.16	 94.95	 55.57	 84.89	 90.11	 88.13	113.61	109.58	 82.07	 72.45	 45.11	 97.81	 97.38	 73.23	 90.84	 90.12	114.78	105.56	 75.68	 92.32	115.89	100.77	 88.66	139.70	 85.48	 81.38	126.85	 96.43	 48.97	 74.23	108.19	100.23	100.51	102.91	 85.57	 99.68	103.09	101.08		Arizona_elegans 1
		  0.00	112.07	 67.30	108.08	 82.44	 98.30	 70.35	126.97	 66.50	109.33	130.51	 67.66	117.88	131.36	101.34	155.69	 81.99	 81.06	 76.14	106.21	106.92	 78.07	105.57	179.29	 77.75	 67.76	 88.36	119.07	122.39	 77.89	130.28	 68.40	123.00	123.30	 74.00	107.08	115.89	 94.71	 87.67	132.13	 87.19	 96.65	135.72	115.64	 80.50	 74.00	117.88	132.15	115.27	112.74	 90.04	101.50	111.59	126.23		Thermophis_baileyi 2
			  0.00	113.45	102.48	 94.62	107.73	 99.37	 97.69	113.75	110.59	 99.23	100.15	103.43	116.22	112.96	100.98	110.94	 94.75	117.60	 84.13	 85.13	 99.05	115.57	106.83	100.56	107.55	 92.45	100.06	 92.19	114.46	 98.53	122.27	115.57	 98.22	101.77	 99.95	120.76	104.31	111.73	119.74	132.85	 99.37	121.73	112.85	105.69	 99.29	103.94	 92.10	102.64	111.56	103.63	102.09	111.36	 97.32		Elgaria_multicarinata 3
				  0.00	 88.93	 79.94	 81.03	 73.94	119.03	 70.98	104.04	115.71	 65.34	 95.59	102.33	 89.20	155.79	 69.71	 85.32	 77.50	 99.85	100.58	 84.21	105.49	143.46	 78.47	 83.93	 69.84	105.43	120.31	 64.94	107.42	 83.02	111.54	124.44	 75.14	 89.78	111.92	 89.26	 81.84	126.98	 87.01	 90.37	109.31	110.69	 67.62	 65.96	111.58	119.02	 97.41	132.72	 84.48	 95.52	 95.48	131.56		Thamnophis_elegans 4
					  0.00	105.91	103.15	 99.30	109.16	 99.30	 91.85	111.71	107.31	117.36	107.36	107.10	 95.20	 92.01	 88.96	107.22	 96.50	104.97	114.59	103.58	116.60	 99.01	105.07	 93.41	 30.91	129.81	107.42	100.39	 99.39	125.25	 97.22	 99.91	105.61	116.69	101.11	132.13	111.24	116.97	 93.84	 96.71	 90.59	 91.18	 96.05	 79.97	133.38	102.10	128.34	124.04	121.60	118.15	112.02		Aspidocelis_tigris 5
						  0.00	 76.25	 84.09	129.68	 66.68	110.86	112.60	 79.74	112.17	115.38	 96.37	115.71	 80.00	 91.33	 81.86	 98.13	111.44	 65.22	116.13	122.88	 76.75	 91.22	 72.85	103.72	101.54	 77.36	102.72	 87.05	110.82	110.40	 60.93	 95.91	115.65	 99.55	100.88	161.30	 74.34	 95.01	104.25	 99.11	 79.06	 86.68	110.46	103.08	109.80	140.09	 85.47	 92.22	105.86	108.62		Azemiops_feae 6
							  0.00	 97.91	144.28	 83.89	119.99	139.06	 82.44	132.27	122.11	106.65	149.04	 97.74	101.82	 84.79	104.83	105.51	 74.41	112.80	137.06	 85.73	 85.38	 84.79	116.39	145.63	 83.87	107.71	 93.20	114.17	147.42	 75.02	121.45	144.76	128.64	 84.37	155.97	106.65	114.68	114.95	105.46	 79.16	 79.70	116.02	127.96	108.38	118.81	 87.16	106.16	120.49	146.29		Daboia_siamensis 7
								  0.00	124.42	 82.58	120.85	116.31	 85.86	109.67	 99.68	 90.63	132.03	 79.09	 93.92	 99.89	111.25	 93.50	 82.96	127.09	150.43	 75.13	 92.83	 89.77	108.09	117.57	 74.37	124.86	 94.85	129.10	116.17	 82.50	 97.94	118.17	106.56	 94.48	114.49	 97.13	108.22	113.48	108.10	 90.47	 89.42	112.31	121.19	113.67	140.78	 94.72	104.97	113.63	128.16		Charina_bottae 8
									  0.00	115.26	109.09	135.08	110.96	164.70	 96.27	118.54	117.86	123.13	112.30	130.17	106.34	109.14	144.32	124.48	132.68	134.76	124.65	110.20	124.89	129.24	110.04	117.04	116.86	139.49	110.65	136.44	106.59	141.51	118.84	125.82	143.68	159.84	 98.51	130.62	114.77	129.96	139.11	109.28	140.89	 98.37	105.98	118.89	134.43	100.11	115.99		Shinisaurus_crocodilurus 9
										  0.00	101.22	117.05	 72.01	101.30	109.63	 86.12	105.49	 70.39	 80.07	 82.00	103.08	 98.02	 71.27	102.27	155.85	 81.78	 90.58	 81.92	109.15	108.76	 77.55	106.92	 63.95	104.15	 99.09	 61.36	 91.98	115.70	 98.48	 76.07	159.37	 84.67	 82.33	103.01	115.12	 73.44	 61.71	105.19	120.91	 95.93	137.02	 75.88	 97.36	 96.02	126.05		Ophiophagus_hannah 10
											  0.00	107.76	110.28	106.52	102.39	101.34	 72.16	116.21	 94.23	104.80	 99.76	120.92	109.52	126.97	120.59	115.15	100.21	120.33	 89.31	 98.94	106.28	 86.20	106.07	 94.21	100.82	111.76	112.80	123.39	107.82	110.59	111.81	121.79	 85.10	 91.05	 76.60	100.85	111.85	103.90	 97.58	104.50	103.91	112.21	 81.86	118.28	 99.94		Anolis_sagrei 11
												  0.00	121.23	107.00	111.84	100.55	104.31	119.42	 99.41	112.78	103.10	113.04	118.03	134.22	 72.46	136.39	126.15	108.07	111.22	 14.96	 96.14	 85.40	122.59	108.56	 58.69	111.46	102.28	125.42	129.69	121.90	135.89	121.59	110.32	 91.91	106.58	113.07	 95.46	116.85	119.98	119.53	112.56	103.31	107.98	143.98	 66.33		Lacerta_bilineata 12
													  0.00	111.02	120.63	117.84	130.87	 79.40	 94.28	 71.41	 93.27	104.59	 87.14	102.69	123.45	 82.30	 78.13	 67.38	111.90	120.26	 71.32	111.90	 85.35	120.49	119.93	 79.04	100.64	111.23	115.71	 76.37	155.73	 99.20	 93.14	110.89	106.22	 70.64	 81.59	111.25	107.05	101.76	114.25	 80.11	108.29	 98.00	111.60		Imantodes_cenchoa 13
														  0.00	138.61	100.76	117.15	110.59	 88.22	104.21	100.75	116.86	108.28	123.53	107.34	 97.33	100.37	 99.84	103.77	102.31	 96.46	116.94	113.55	125.84	112.47	112.01	 81.38	127.26	105.84	158.00	132.86	115.00	 94.63	111.10	116.36	 97.29	105.16	 99.20	109.03	104.78	110.26	113.75	114.64	109.32	120.77		Phrynocephalus_versicolor 14
															  0.00	 93.75	128.86	129.20	 97.26	129.46	 99.92	112.30	100.15	131.58	135.98	120.75	131.74	135.34	127.46	106.58	116.11	114.61	116.59	 94.93	112.08	112.40	 96.87	134.11	 92.98	157.20	128.99	115.54	 98.23	110.70	107.19	143.41	122.09	136.98	137.99	101.59	112.52	130.67	 87.26	117.69	109.21		Cryptoblepharus_egeriae 15
																  0.00	110.46	 97.08	 55.94	 99.23	102.90	 95.18	 95.71	101.32	109.38	107.23	 97.06	113.39	106.79	 94.36	 94.00	 97.82	 97.24	 95.98	 95.07	 88.41	101.07	123.63	 88.88	 98.25	121.54	103.31	101.14	 97.39	 91.65	101.88	 98.49	105.30	100.13	 92.26	111.82	 99.98	 89.39	110.97	 93.19		Iguana_delicatissima 16
																	  0.00	138.45	109.51	155.65	106.67	136.30	134.74	135.46	 99.13	147.42	123.99	117.90	 86.27	 92.32	118.23	 95.45	141.97	103.25	 92.61	130.86	126.60	112.72	125.05	134.89	113.19	134.60	120.01	 93.31	 92.07	121.50	121.41	 95.02	120.40	109.73	119.98	116.32	 96.94	131.38	 89.26		Anolis_carolinensis 17
																		  0.00	 93.64	 87.46	112.53	103.25	 93.02	127.58	132.93	 90.42	 83.05	 82.16	107.06	111.48	 77.93	104.41	 81.68	120.65	103.58	 72.48	 96.54	129.65	102.41	 96.09	140.32	 97.49	 89.95	110.38	128.95	 82.21	 67.45	109.81	115.82	101.62	108.24	 86.50	 97.72	107.83	132.50		Myanophis_thanlyinensis 18
																			  0.00	 96.28	 91.28	 88.26	 98.10	 96.59	106.55	 98.62	103.35	 97.48	 92.04	 94.63	 88.53	 90.59	 92.91	 84.80	101.65	 89.05	 88.11	127.72	 90.71	113.19	119.00	110.51	 75.88	 86.86	 77.36	 97.44	 92.39	 99.62	102.91	 79.15	100.54	 94.26	 76.06	 84.37	 91.28		Cyclura_pinguis 19
																				  0.00	 93.74	 93.34	 90.00	128.79	122.53	 91.04	 78.96	 59.08	116.98	103.79	 77.05	108.63	 93.67	113.88	130.14	 84.73	103.05	129.56	111.06	 89.80	160.82	 95.20	101.66	102.08	123.16	 51.83	 88.94	110.47	102.17	115.59	124.89	 79.27	105.45	132.59	104.16		Ptyas_mucosa 20
																					  0.00	 98.93	 93.85	124.04	108.64	103.39	102.37	 93.31	 90.20	103.56	 93.74	 94.28	 98.84	101.59	101.11	110.86	110.36	107.02	111.20	107.68	137.28	120.32	 90.88	 91.48	 89.46	 98.08	102.71	118.37	 89.31	 99.87	 90.53	108.07	115.28	117.85	 95.26		Lerista_edwardsae 21
																						  0.00	 89.41	144.04	 96.64	101.25	106.03	 98.00	103.31	112.41	 90.93	102.21	107.40	112.55	102.30	 90.50	100.99	 94.23	102.77	 97.54	132.57	113.57	 91.77	 95.07	102.38	110.85	 99.84	100.49	106.90	100.34	107.69	106.38	 99.04	110.69	 99.13		Lepidodactylus_listeri 22
																							  0.00	117.31	129.65	 90.23	 82.11	 94.31	111.91	115.13	 73.94	122.54	 73.99	107.35	119.85	 53.83	 99.21	123.00	 99.49	101.01	161.76	 68.12	 95.58	115.01	102.11	 90.54	 88.46	111.35	131.81	108.27	115.24	 90.30	 94.70	102.28	110.82		Bothrops_jararaca 23
																								  0.00	165.91	115.44	108.43	120.14	116.38	125.53	130.32	123.60	115.48	113.81	130.36	111.73	110.82	136.25	114.08	134.96	151.69	113.89	112.27	138.57	123.85	111.52	118.62	117.26	112.38	104.60	116.78	133.69	131.92	 79.82	125.27		Varanus_komodoensis 24
																									  0.00	114.90	122.40	124.31	 97.86	 81.02	119.89	 85.27	133.19	107.11	 73.13	135.34	116.65	127.43	134.71	125.34	131.30	125.97	126.13	 66.96	111.86	120.58	170.45	123.80	 89.21	110.54	100.41	114.34	110.52	152.78	 37.28		Podarcis_muralis 25
																										  0.00	102.04	 86.84	111.98	121.98	 81.94	133.31	 79.88	120.68	109.97	 84.22	101.96	133.56	102.05	102.10	142.47	 97.92	104.84	114.17	119.42	 79.42	 81.92	124.41	109.83	107.01	122.33	 78.10	113.42	113.47	123.02		Morelia_viridis 26
																											  0.00	 78.74	105.93	119.34	 85.41	103.49	 85.49	112.53	130.94	 77.80	104.41	127.76	 96.24	 78.42	154.14	 90.73	 94.13	116.35	102.98	 76.34	 72.23	 95.89	107.92	119.25	123.27	106.18	109.30	118.44	111.46		Diadophis_punctatus 27
																												  0.00	 99.02	119.92	 67.06	 89.65	 93.90	114.40	111.20	 82.01	 96.64	123.62	113.20	 81.60	132.05	100.54	 92.13	119.13	101.32	 40.25	 79.60	 99.10	 98.66	133.69	113.59	 80.69	111.88	100.24	123.42		Pantherophis_guttatus 28
																													  0.00	116.35	 94.47	 92.97	 96.77	117.52	 96.64	122.98	121.60	120.51	110.38	159.52	126.18	128.63	 97.47	 94.89	104.48	104.39	 94.20	 86.36	143.20	101.21	106.59	119.56	113.04	133.40	 96.12		Aspidoscelis_marmoratus 29
																														  0.00	 97.38	 81.44	120.94	 98.06	 60.29	 96.67	104.25	109.78	112.72	135.51	140.16	108.79	101.80	 85.76	100.78	104.10	102.53	115.53	113.05	114.03	104.57	105.78	 99.84	132.48	 62.41		Lacerta_viridis 30
																															  0.00	 98.70	 83.68	114.63	110.83	 89.29	100.80	120.04	111.20	 86.80	136.83	 92.77	 99.07	111.56	114.59	 75.40	 74.27	 95.35	 95.14	131.08	120.15	 91.83	112.69	113.17	111.40		Boaedon_fuliginosus 31
																																  0.00	114.03	 87.40	 90.17	 94.92	114.79	127.94	116.38	114.25	120.55	108.12	100.32	 84.34	 52.47	 94.41	 98.50	102.41	103.92	114.04	103.74	 94.52	 90.60	120.81	 85.12		Phrynosoma_platyrhinos 32
																																	  0.00	116.15	110.95	 83.31	106.54	118.76	 96.67	 77.76	179.95	 89.14	 90.65	114.37	113.81	 94.30	 68.60	119.95	126.00	 95.16	104.46	 73.07	105.06	103.37	117.60		Naja_naja 33
																																		  0.00	104.43	 97.69	 96.34	120.33	107.27	128.02	115.88	117.51	102.23	 98.06	 94.38	131.45	 96.75	115.39	138.35	110.03	106.58	120.52	 40.41	111.61	 82.95		Sceloporus_tristichus 34
																																			  0.00	102.17	114.89	106.92	123.29	143.03	130.23	145.78	113.03	 85.28	100.92	120.02	102.01	 97.51	110.58	109.71	119.96	115.30	113.96	128.14	 83.17		Lacerta_agilis 35
																																				  0.00	 91.63	112.83	 94.49	 84.20	128.27	 67.73	 80.50	116.11	 96.45	 78.10	 77.51	 96.54	117.51	104.18	111.45	 89.52	 94.80	 77.27	122.62		Protobothrops_mucrosquamatus 36
																																					  0.00	139.04	 98.28	105.42	131.27	 93.91	 84.30	114.88	 99.73	105.84	 88.81	102.49	117.20	 95.81	119.35	103.49	 83.35	 92.49	107.00		Pogona_vitticeps 37
																																						  0.00	113.42	143.09	112.50	119.37	119.10	109.64	123.09	125.29	118.23	127.08	117.17	 94.38	103.87	130.60	112.94	121.44	111.87		Gekko_japonicus 38
																																							  0.00	130.84	116.02	119.45	 89.63	127.16	124.86	112.26	 93.01	102.90	121.58	117.85	111.13	117.25	 99.30	 93.88	126.94		Sphaerodactylus_townsendi 39
																																								  0.00	136.23	109.16	107.60	108.21	116.74	 80.92	 90.36	133.70	127.76	122.30	179.51	 63.73	103.92	119.83	129.15		Bungarus_multicintus 40
																																									  0.00	187.99	143.67	142.11	109.88	128.44	146.63	121.25	137.30	129.41	144.33	136.10	119.96	146.25	118.90		Paroedura_picta 41
																																										  0.00	107.98	141.93	117.61	 99.99	 83.33	138.38	123.73	105.23	124.13	 95.36	112.63	112.60	126.38		Crotalus_tigris 42
																																											  0.00	106.33	 91.74	 94.22	 98.48	 94.67	 96.80	 70.82	127.22	112.68	 84.22	 89.27	107.22		Sphenodon_punctatus 43
																																												  0.00	 87.06	119.72	110.63	117.13	 96.30	 94.41	117.65	108.41	 95.26	130.00	 57.96		Zootoca_vivipara 44
																																													  0.00	106.86	106.27	 83.48	102.34	 99.18	115.37	 96.30	 82.63	110.27	 86.62		Phrynosoma_blainvillii 45
																																														  0.00	 82.39	138.74	101.33	125.71	129.23	 81.49	109.24	113.32	129.36		Pituophis_catenifer 46
																																															  0.00	102.38	119.97	106.36	112.27	 84.21	 96.38	 95.76	114.08		Tropidonophis_doriae 47
																																																  0.00	117.44	105.67	130.25	103.86	113.14	123.45	105.73		Salvator_merianae 48
																																																	  0.00	103.49	109.57	106.87	114.74	129.35	 89.06		Eublepharis_macularius 49
																																																		  0.00	 94.47	103.00	 94.46	 99.65	114.80		Hemicordylus_capensis 50
																																																			  0.00	107.90	107.52	121.89	111.75		Plestiodon_gilberti 51
																																																				  0.00	 94.64	134.33	109.93		Laticauda_colubrina 52
																																																					  0.00	101.31	 97.44		Sceloporus_occidentalis 53
																																																						  0.00	121.46		Varanus_salvator 54
																																																							  0.00		Podarci_raffonei 55
