Distance Matrix
---------------

Using the Tamura correction method
Using base positions 3 in the codon
Gap weighting is 0.000000

	    1	    2	    3	    4	    5	    6	    7	    8	    9	    10	    11	    12	    13	    14	    15	    16	    17	    18	    19	    20	    21	    22	    23	    24	    25	    26	    27	    28	    29	    30	    31	    32	    33	    34	    35	    36	    37	    38	    39	    40	    41	    42	    43	    44	    45	    46	    47	    48
	  0.00	106.06	109.61	 88.39	 76.33	175.11	 59.84	129.72	133.51	 66.71	177.46	102.33	101.02	127.74	 64.45	126.17	141.84	 85.91	114.83	156.45	102.55	-nan	-nan	 74.28	128.93	154.66	133.83	 85.37	165.85	165.60	 63.06	126.06	 93.18	117.79	118.11	 69.89	140.83	 98.01	134.33	 66.70	127.86	202.58	125.48	149.88	 66.78	125.42	196.75	131.27		Thermophis_baileyi 1
		  0.00	115.46	 99.96	112.04	155.95	 95.81	187.78	122.52	139.14	nan	109.76	 80.34	 96.23	127.71	109.47	-nan	116.25	115.80	108.34	132.71	 99.40	130.51	 95.95	193.27	102.88	124.81	 99.24	 94.43	156.04	111.02	118.12	133.83	180.70	123.95	 93.84	188.17	111.78	137.00	 78.94	148.36	140.29	107.96	125.23	119.10	130.80	 76.83	120.95		Elgaria_multicarinata 2
			  0.00	116.65	111.50	147.86	105.57	143.09	111.44	 91.67	112.63	107.17	 70.69	103.57	125.70	 71.75	133.86	138.92	 86.29	103.79	160.40	105.23	173.68	138.45	 28.42	121.22	128.09	112.74	 98.26	131.70	102.23	127.71	 93.73	 93.12	104.38	101.97	125.85	111.10	159.62	113.13	 70.17	 91.61	 96.49	118.87	130.84	101.11	161.99	148.80		Aspidocelis_tigris 3
				  0.00	-nan	216.66	 62.22	115.78	 97.33	 75.49	140.08	 85.23	 69.24	 89.60	 86.29	 75.59	121.35	 85.01	 83.34	111.56	 60.70	156.61	120.94	 74.49	127.96	 83.01	 96.39	106.22	 77.98	110.57	 50.88	122.93	147.52	121.56	129.25	 73.60	153.90	 88.21	 90.88	 79.58	131.59	113.01	 89.06	105.67	112.86	 98.04	122.84	119.51		Azemiops_feae 4
					  0.00	-nan	 67.38	201.72	155.09	 79.26	138.75	-nan	 64.58	-nan	103.46	 88.17	-nan	120.82	113.09	155.82	219.92	112.72	-nan	111.35	123.23	142.26	-nan	113.47	253.60	-nan	115.44	164.96	101.90	183.42	126.72	 71.17	114.47	144.14	104.92	118.81	209.61	143.64	107.79	184.98	 82.08	191.85	114.04	179.45		Daboia_siamensis 5
						  0.00	195.01	134.73	106.86	156.05	133.17	156.96	105.93	101.62	142.51	112.66	100.67	120.58	159.44	149.08	175.60	119.88	120.06	119.97	143.78	113.37	-nan	138.08	130.10	107.11	158.36	198.01	196.34	149.80	231.28	205.98	143.67	116.25	164.73	126.79	160.08	-nan	121.01	141.56	111.94	157.89	105.00	 79.24		Shinisaurus_crocodilurus 6
							  0.00	103.42	135.12	 63.74	110.25	102.70	 72.40	152.58	 78.53	 94.69	151.87	 76.03	 84.27	119.57	 70.96	176.81	124.17	 62.67	120.30	129.47	102.91	 79.23	 92.43	138.51	 54.84	142.23	 80.84	 91.30	125.02	 54.43	100.64	101.40	 90.89	 63.13	109.12	nan	107.06	111.14	 57.67	103.43	nan	119.36		Ophiophagus_hannah 7
								  0.00	106.97	 99.65	 91.43	103.73	109.27	 73.46	115.34	131.97	131.07	146.70	122.15	127.34	148.83	106.35	 90.38	105.48	133.17	141.06	 82.71	123.26	100.88	-nan	122.95	163.62	112.17	113.01	115.34	136.30	220.38	 90.10	 72.20	109.05	120.41	246.37	 96.30	128.75	110.28	132.23	121.83	 93.70		Anolis_sagrei 8
									  0.00	 86.40	 91.14	106.38	 69.46	111.31	186.10	 87.54	127.04	125.76	 95.84	134.53	-nan	140.53	 50.96	127.20	133.16	 11.38	128.90	128.67	102.88	 48.34	132.74	114.18	157.53	108.37	114.97	144.76	101.82	 40.95	145.81	102.50	105.77	138.17	112.38	109.97	152.63	 88.58	112.20	 50.96		Lacerta_bilineata 9
										  0.00	130.91	116.26	 91.49	104.96	 75.47	 91.27	120.91	 82.51	 88.75	149.36	 69.10	135.72	109.38	 63.95	126.10	 90.59	107.28	 73.51	 88.03	117.62	 80.45	105.45	118.39	 92.66	136.19	 70.31	165.40	 85.96	101.93	 65.58	 90.09	121.21	117.27	110.60	 56.14	 95.53	136.59	 88.83		Imantodes_cenchoa 10
											  0.00	131.55	 67.47	110.90	nan	170.60	129.36	159.17	115.55	109.12	161.93	134.29	110.12	124.29	104.16	101.64	124.64	136.95	 96.20	-nan	175.42	116.62	121.84	114.08	131.84	147.82	131.72	118.81	174.39	115.66	123.81	122.01	 91.58	124.54	133.30	113.13	133.03	 92.87		Phrynocephalus_versicolor 11
												  0.00	 79.19	107.18	131.57	105.12	120.64	135.25	 70.91	 89.49	104.53	160.24	136.87	105.01	 98.27	125.75	119.96	116.47	 74.30	119.59	121.91	126.83	117.38	 95.82	 90.50	103.87	133.29	102.42	 99.39	 98.78	115.06	117.87	108.64	 89.79	138.99	 77.13	113.61	138.19		Cryptoblepharus_egeriae 12
													  0.00	 92.46	133.63	 45.70	 56.37	 75.59	 60.34	116.25	 99.82	 71.88	 94.45	 80.72	 80.57	 73.58	 78.10	 87.40	 66.75	 88.60	 77.59	 97.19	103.85	 74.16	 71.80	 65.86	 66.70	 78.41	 99.93	 72.08	 97.78	 87.41	 84.23	 95.05	120.17	 66.71	 74.45	 74.64		Iguana_delicatissima 13
														  0.00	118.17	 88.24	128.73	105.60	138.83	142.35	146.68	183.13	145.74	103.36	118.08	133.32	135.99	 80.47	107.91	130.79	 99.59	128.03	121.33	128.48	133.50	102.07	137.42	 93.77	 96.69	111.95	119.16	127.38	109.91	104.19	 95.71	118.84	194.59	139.26		Anolis_carolinensis 14
															  0.00	 97.72	155.77	 74.56	109.82	128.80	104.64	176.72	136.18	 84.09	126.70	164.99	123.30	112.81	111.64	217.15	 90.90	124.53	127.37	128.21	136.28	 82.69	177.93	151.78	 92.57	 79.49	113.72	116.91	129.07	137.54	 78.76	119.12	106.40	 99.15		Myanophis_thanlyinensis 15
																  0.00	 66.99	100.90	 93.26	146.35	114.28	111.65	 99.60	103.26	102.66	 90.22	128.29	 94.32	 89.54	116.69	 86.26	126.07	113.63	 96.02	112.74	 73.79	102.26	 97.83	 78.29	112.10	118.12	101.73	 80.45	114.41	158.74	 85.79	125.16	 86.78		Cyclura_pinguis 16
																	  0.00	140.23	181.93	126.37	134.22	159.10	121.65	157.05	120.67	129.76	 94.60	233.72	106.11	127.47	130.77	148.15	164.24	108.52	141.34	116.65	169.59	169.34	 86.21	136.03	137.99	117.73	118.83	111.67	178.97	 88.54	 86.96	136.16		Ctenosaura_bakeri 17
																		  0.00	103.43	158.39	 89.19	153.11	 98.73	 46.08	122.74	 93.84	 98.09	112.15	105.82	152.61	 79.85	153.71	120.08	110.90	162.33	 88.61	152.14	114.04	 94.51	 42.97	129.43	163.23	141.41	112.41	102.31	101.49	131.44	 74.71		Ptyas_mucosa 18
																			  0.00	 89.13	112.53	104.45	 94.96	 95.56	 64.02	105.48	132.74	126.29	 76.62	103.00	 93.53	125.13	133.24	 71.63	 99.83	100.49	120.25	 87.10	102.40	 98.54	113.02	 86.90	 98.37	 80.12	107.22	 69.55	136.17	 87.74		Lerista_edwardsae 19
																				  0.00	165.07	103.52	132.98	131.35	 89.10	131.63	136.17	244.53	 82.40	162.06	137.54	100.52	 76.61	 90.71	112.04	157.88	171.99	141.79	 99.62	129.17	136.17	113.35	133.58	127.97	155.19	143.71	 92.36	139.27		Lepidodactylus_listeri 20
																					  0.00	143.10	270.73	 77.02	172.52	197.90	126.52	 68.95	122.21	-nan	 53.55	139.04	208.29	128.60	149.42	 48.50	181.35	189.55	135.69	 74.51	109.83	184.43	120.27	140.78	104.11	146.77	151.71	119.81		Bothrops_jararaca 21
																						  0.00	143.69	126.58	115.03	155.72	121.88	182.85	 88.43	162.72	160.11	131.88	161.34	108.66	105.30	149.93	174.83	137.13	121.88	126.97	182.26	151.41	133.26	115.65	161.63	114.96	 52.25	110.04		Varanus_komodoensis 22
																							  0.00	 90.75	138.63	 50.29	133.60	-nan	108.39	 89.03	123.61	126.85	164.65	172.98	117.15	169.92	108.24	 82.87	105.99	103.61	105.91	133.44	141.74	116.25	120.53	 88.52	139.66	 36.54		Podarcis_muralis 23
																								  0.00	113.31	105.81	112.09	 81.84	 85.57	147.66	 68.33	130.82	 94.58	118.31	126.46	 85.77	110.48	150.66	103.34	 20.18	115.14	189.58	107.61	102.18	 69.57	 91.72	120.28	 88.54		Pantherophis_guttatus 24
																									  0.00	122.45	177.69	173.16	104.58	150.27	121.68	138.66	 93.77	102.70	110.07	119.30	121.73	180.15	135.49	109.10	 97.64	 89.09	100.34	111.15	129.74	102.48	131.76	128.30		Aspidoscelis_marmoratus 25
																										  0.00	141.35	155.40	 91.20	 52.75	132.92	112.01	151.00	131.96	142.75	165.87	112.43	 50.67	142.52	 87.01	107.81	132.70	 98.70	113.72	145.58	 94.46	101.85	 50.19		Lacerta_viridis 26
																											  0.00	122.40	 77.12	143.50	109.67	114.00	149.24	107.11	 96.73	110.14	154.54	117.18	 57.04	114.30	 89.20	 97.56	 84.00	118.05	138.57	 72.97	117.20	140.87		Phrynosoma_platyrhinos 27
																												  0.00	178.11	261.13	 55.84	137.79	106.50	108.68	158.20	 67.22	152.99	 96.95	106.32	 71.54	129.58	133.80	164.69	139.05	 93.42	129.87	205.10	142.35		Naja_naja 28
																													  0.00	132.49	134.87	120.03	100.33	 76.75	146.30	140.47	183.57	111.95	 75.45	 90.75	 98.39	112.89	 85.43	 89.94	127.05	 28.45	 77.39	110.46		Sceloporus_tristichus 29
																														  0.00	140.38	153.73	136.73	147.52	137.74	159.57	131.73	 78.71	-nan	123.35	222.16	193.07	149.20	159.86	155.13	137.84	182.03	108.32		Lacerta_agilis 30
																															  0.00	145.02	141.18	114.29	119.98	 36.30	108.01	106.71	110.01	 69.64	139.49	190.31	104.22	 97.38	 84.68	125.70	177.64	102.42		Protobothrops_mucrosquamatus 31
																																  0.00	101.59	109.20	 90.61	137.34	176.78	 93.23	105.53	120.77	102.98	132.34	120.41	-nan	119.86	112.56	183.88	107.37		Pogona_vitticeps 32
																																	  0.00	 72.61	147.11	129.67	 98.75	115.67	110.53	 91.01	120.50	145.96	134.47	135.04	142.48	106.32	122.08	126.22		Gekko_japonicus 33
																																		  0.00	125.41	113.35	140.98	112.86	112.63	109.74	106.67	118.44	104.27	107.87	129.56	 82.80	117.78	108.18		Sphaerodactylus_townsendi 34
																																			  0.00	110.23	169.32	 99.57	149.17	124.61	118.35	155.66	115.15	139.90	125.11	122.53	147.68	 86.14		Paroedura_picta 35
																																				  0.00	119.07	126.17	118.03	 84.82	130.20	146.77	143.39	 96.50	 74.68	150.09	148.25	122.14		Crotalus_tigris 36
																																					  0.00	129.14	121.32	116.25	104.32	157.32	116.56	174.79	128.45	131.75	134.53	116.75		Sphenodon_punctatus 37
																																						  0.00	 99.45	102.02	118.64	130.27	104.24	138.79	111.56	121.51	160.45	 68.53		Zootoca_vivipara 38
																																							  0.00	118.96	109.29	126.11	100.64	120.77	170.23	 91.30	 83.88	114.10		Phrynosoma_blainvillii 39
																																								  0.00	 96.20	164.69	104.33	123.68	 97.54	 92.68	 98.58	 85.71		Pituophis_catenifer 40
																																									  0.00	135.23	 83.19	156.50	142.01	 81.62	102.86	123.42		Salvator_merianae 41
																																										  0.00	119.91	124.66	140.49	115.79	153.50	156.87		Eublepharis_macularius 42
																																											  0.00	123.03	161.92	 99.12	109.77	109.26		Hemicordylus_capensis 43
																																												  0.00	135.83	 83.06	112.63	114.83		Plestiodon_gilberti 44
																																													  0.00	145.00	nan	116.78		Laticauda_colubrina 45
																																														  0.00	 82.43	 94.21		Sceloporus_occidentalis 46
																																															  0.00	127.41		Varanus_salvator 47
																																																  0.00		Podarci_raffonei 48
