Distance Matrix
---------------

Using the Tamura correction method
Using base positions 3 in the codon
Gap weighting is 0.000000

	    1	    2	    3	    4	    5	    6	    7	    8	    9	    10	    11	    12	    13	    14	    15	    16	    17	    18	    19	    20	    21	    22	    23	    24	    25	    26	    27	    28	    29	    30	    31	    32	    33	    34	    35	    36	    37	    38	    39	    40	    41	    42	    43	    44	    45	    46	    47	    48	    49	    50	    51	    52	    53	    54	    55	    56
	  0.00	 63.20	 97.41	 69.65	103.84	 84.77	102.12	102.80	125.11	 69.34	107.63	129.30	 69.69	 98.58	 81.30	 95.09	 95.09	 78.51	108.35	 94.01	 41.03	 80.75	 96.14	 79.26	120.88	117.94	 78.89	 69.95	 45.63	121.56	124.45	123.63	 88.37	 77.90	 95.28	140.58	 97.97	 98.37	129.23	111.55	 64.82	106.39	 80.78	108.38	127.87	100.32	 45.51	 65.99	119.88	109.02	 91.39	115.46	 85.38	 98.06	117.60	112.68		Arizona_elegans 1
		  0.00	 96.00	 63.35	112.90	 79.81	 86.10	 71.68	 84.42	 63.65	 97.26	118.01	 54.32	101.13	 87.76	 87.92	107.29	 74.30	107.30	 85.70	 62.32	 94.88	 92.58	 64.88	132.92	123.43	 68.36	 49.28	 58.53	103.66	120.62	 87.22	109.24	 57.15	 96.32	 98.42	 69.28	101.15	126.70	110.14	100.95	106.76	 56.69	107.65	138.82	105.28	 83.34	 63.14	101.81	121.74	 84.07	115.53	 85.70	 98.16	108.18	117.97		Thermophis_baileyi 2
			  0.00	101.49	 72.46	 92.45	110.49	105.36	 60.31	 94.43	 69.79	 78.10	 85.60	106.23	 75.98	 68.04	 82.58	114.01	 64.95	 73.69	106.70	 70.60	 83.36	106.72	117.38	 92.31	 99.63	109.73	104.53	 81.42	 93.26	114.01	 75.69	 83.09	 63.15	 91.37	 96.05	 81.47	 82.54	 78.53	122.53	 90.53	103.00	 63.68	 90.38	 73.91	 93.92	 79.78	 85.56	 83.98	 72.34	 75.18	112.08	 92.14	 95.06	 94.31		Elgaria_multicarinata 3
				  0.00	119.71	100.61	 83.45	 67.13	111.50	 65.63	 89.15	105.24	 55.35	 94.53	111.53	 93.89	104.16	 79.31	115.22	104.05	 73.92	 92.23	 88.03	 70.52	116.90	125.87	 69.53	 62.34	 66.55	106.41	101.68	110.98	 96.26	 82.29	 93.32	 96.66	 84.07	 84.16	114.69	110.10	103.39	121.36	 70.60	101.09	216.22	 87.51	 70.83	 69.51	129.00	112.92	 94.16	108.35	 83.76	101.07	103.36	107.33		Thamnophis_elegans 4
					  0.00	113.70	 87.54	111.45	 78.51	 82.11	 95.05	116.46	 95.76	 86.99	 94.08	 92.41	 89.52	 97.24	 94.67	 84.19	102.42	 95.11	119.73	 96.17	100.01	158.05	115.26	102.74	107.19	 30.60	112.57	118.04	 84.15	107.46	 86.62	111.79	105.04	 81.68	 88.17	130.10	120.11	107.46	104.57	 96.16	 87.68	 92.16	111.30	 81.77	 74.97	 91.09	106.09	103.96	115.32	 96.46	104.43	121.93		Aspidocelis_tigris 5
						  0.00	 76.98	 89.34	104.26	 72.53	106.84	107.96	 78.56	132.84	 98.78	101.04	130.26	 69.69	 96.03	 94.68	 71.50	110.88	 81.03	 55.69	105.08	111.38	 71.08	101.47	 79.00	107.46	101.82	 72.32	108.25	 76.27	104.36	111.07	 67.41	 97.93	101.15	 97.77	 81.19	110.95	 70.17	 96.78	124.78	 92.03	 79.10	 85.01	 92.81	105.39	103.30	109.26	 86.64	 90.72	103.70	128.69		Azemiops_feae 6
							  0.00	 98.24	104.02	 76.98	101.87	149.55	 74.22	101.75	 99.74	101.59	104.03	 80.05	 87.39	121.58	 88.84	 89.58	135.82	 61.73	129.41	 81.12	 85.07	 63.48	 85.44	 95.98	138.35	 81.02	 98.59	 91.88	107.50	117.55	 80.43	 94.79	123.25	115.89	 87.49	140.68	 84.09	 86.62	132.29	101.37	 89.89	 78.78	109.85	123.35	105.73	116.21	 96.13	129.76	 98.47	 85.33		Daboia_siamensis 7
								  0.00	122.77	 73.17	120.43	123.30	 56.93	107.58	106.75	 96.12	111.10	 84.37	 99.44	 98.56	 79.30	104.70	105.69	 86.14	143.81	124.19	 61.14	 60.44	 64.69	 98.99	137.19	 85.98	109.78	 67.19	103.70	 93.53	 83.77	110.18	 95.02	102.16	106.99	 92.91	 82.15	 89.00	123.30	 96.81	 81.52	 69.85	 96.03	105.46	100.53	134.70	 96.30	112.75	118.43	116.33		Charina_bottae 8
									  0.00	 84.45	 84.68	 75.55	 78.43	105.82	 73.44	 82.32	 67.55	 97.45	 75.61	 69.26	105.60	 76.70	 80.08	 99.18	112.36	 72.34	 89.92	 99.89	 89.67	 85.30	 82.25	113.86	 85.25	 91.43	 81.88	 77.15	 86.02	 77.32	 95.88	 94.09	117.36	 78.91	 94.89	 84.03	 79.39	 79.70	109.20	 90.44	 91.27	 93.26	 84.16	 82.21	 95.94	 98.98	 96.60	 75.10		Shinisaurus_crocodilurus 9
										  0.00	 88.81	 99.60	 58.99	 88.44	 76.61	 87.76	 93.96	 74.91	 76.48	 86.25	 67.32	 83.40	 96.26	 59.15	120.72	100.69	 72.78	 62.27	 59.00	100.01	117.09	 73.52	107.98	 51.37	 76.65	 93.88	 65.93	 71.78	104.84	103.13	 61.44	100.15	 69.72	 93.81	118.37	 88.95	 48.54	 47.45	 85.63	 86.10	 87.34	 89.07	 66.22	 73.66	108.94	101.22		Ophiophagus_hannah 10
											  0.00	 90.97	 91.11	103.13	 63.42	 86.65	 72.70	 78.79	 75.83	 76.16	115.92	 61.49	 86.17	101.45	 94.16	 81.47	 99.56	 80.07	106.52	101.03	 86.12	109.43	 79.33	 95.48	 72.80	 74.62	114.68	 91.11	 82.71	110.84	128.22	 86.08	 88.65	 79.09	 72.99	 80.24	 91.30	 94.98	 78.52	 78.72	 72.06	 77.90	112.35	 68.82	 99.11	 83.44		Anolis_sagrei 11
												  0.00	119.94	104.06	 72.00	 80.64	 84.81	106.82	 93.59	 91.18	111.40	 92.36	 90.43	119.70	138.75	 79.63	108.63	130.19	129.28	105.58	 13.49	147.34	104.48	 97.45	 82.23	 43.60	112.64	 91.48	101.30	 88.01	104.57	 94.87	 99.11	 87.83	 74.26	 81.40	110.27	115.33	 89.02	 93.64	 81.22	 77.12	 89.15	 99.99	108.35	 79.68		Lacerta_bilineata 12
													  0.00	 76.31	111.22	 79.75	 80.28	 81.03	 82.05	 71.14	 52.09	 88.23	 96.61	 69.13	100.07	101.20	 71.10	 51.07	 45.68	 91.86	121.77	 73.51	 98.74	 55.17	 88.65	 89.57	 75.05	 87.78	100.06	 97.54	 80.36	 84.14	 69.68	 89.74	104.46	 82.14	 50.04	 55.08	 87.71	 77.74	 89.71	105.19	 69.11	 81.97	 97.11	106.45		Imantodes_cenchoa 13
														  0.00	 95.69	 94.40	 86.88	 95.79	113.89	 86.69	 95.68	 88.44	112.02	103.72	149.85	124.24	124.31	 96.80	 97.02	 84.93	105.56	129.12	 93.76	 97.35	 92.46	 79.48	125.82	 80.49	115.63	102.56	129.75	112.23	113.55	 84.88	101.18	 85.90	101.61	 87.71	 89.48	 88.03	 93.90	126.55	104.63	101.58	115.80	150.22		Phrynocephalus_versicolor 14
															  0.00	 66.64	 81.38	 86.05	 68.74	 57.40	 95.67	 65.64	 86.01	 94.72	112.62	 98.23	100.61	 92.89	 81.47	 89.78	 83.15	127.30	 87.82	 94.75	 73.39	 74.81	 89.48	 85.92	 93.73	 89.99	 96.24	 75.56	105.84	 74.02	 78.92	 89.13	 91.53	 93.09	 87.15	 97.54	 72.21	 67.22	105.92	 73.20	 95.80	 85.36		Cryptoblepharus_egeriae 15
																  0.00	 75.49	 98.94	 57.04	 42.56	 91.32	 70.23	 85.24	 76.82	 96.53	 99.21	 96.32	101.74	 83.28	 98.42	 94.15	113.05	 78.61	 76.99	 68.41	 92.98	 84.73	 80.05	 83.76	 77.23	122.69	106.65	 89.48	 80.40	 78.75	 70.37	 95.32	 77.69	 84.25	 92.61	 83.62	 77.02	 98.45	 91.09	 84.82	 87.49		Iguana_delicatissima 16
																	  0.00	104.96	 76.15	 74.83	 97.07	 73.41	 85.43	 92.84	102.59	 70.75	 98.59	103.33	 84.15	 98.44	 83.20	131.58	 87.60	119.59	 80.23	 76.16	 97.01	 99.24	 98.85	 93.09	116.39	 93.33	 90.91	 87.92	 86.96	 68.70	100.07	 82.17	 88.63	 79.41	 84.21	 80.45	115.84	 93.81	 76.32	 80.78		Anolis_carolinensis 17
																		  0.00	102.83	106.72	 87.43	 84.35	 90.36	 71.36	116.92	 96.66	 74.53	 65.72	 76.93	 98.26	106.68	 88.82	124.56	 68.96	104.24	 96.83	 73.20	 92.84	123.56	110.53	 86.92	119.04	 79.92	 86.47	104.60	105.36	 79.57	 75.00	 85.36	104.56	117.32	 93.21	 89.72	 93.26	110.55	 88.48		Myanophis_thanlyinensis 18
																			  0.00	 59.05	103.77	 66.65	 92.02	 74.45	 85.67	 87.93	 80.69	 84.77	109.46	 99.04	103.26	105.97	 80.09	 87.04	 61.46	 94.18	 76.09	 80.34	102.52	 84.83	122.40	 88.72	 82.25	 73.20	 82.75	 84.00	 94.38	 89.48	 80.43	 83.85	 93.12	 81.34	108.36	 69.87	 77.82	 97.91		Cyclura_pinguis 19
																				  0.00	 80.40	 66.45	 78.80	 73.18	104.77	101.46	 80.04	 88.57	 77.52	 95.69	 93.99	 99.80	 96.57	 97.73	 72.78	101.22	 81.58	 79.19	 87.77	 91.43	 98.53	 83.22	 97.17	 80.44	 92.85	 71.94	 94.82	 89.50	 91.14	 91.67	 81.12	 72.51	102.95	 66.57	 90.55	 88.75		Ctenosaura_bakeri 20
																					  0.00	 86.64	 97.23	 74.27	112.12	115.94	 91.37	 70.56	 38.27	107.33	119.84	 81.60	 92.97	 59.80	 96.28	114.73	 84.58	104.88	107.89	132.76	 66.67	108.77	 84.79	115.91	132.73	 99.56	 48.71	 77.34	100.91	106.23	 98.85	120.91	 78.28	102.42	103.69	124.65		Ptyas_mucosa 21
																						  0.00	 64.08	 96.43	 92.25	 72.26	 85.94	 82.94	 94.33	 89.69	 93.62	108.02	 86.98	 88.41	 68.76	 93.17	 93.18	 88.76	 91.56	 96.99	111.10	108.13	107.97	 82.37	 81.39	 67.91	 88.32	 73.80	 75.37	 67.70	 76.24	 72.76	102.79	 74.20	 77.88	 85.49		Lerista_edwardsae 22
																							  0.00	 95.24	 97.25	 80.05	 84.20	104.09	111.71	107.04	100.05	126.26	 94.09	 92.27	 75.68	 89.92	 84.09	 89.63	 78.70	100.67	125.26	 89.70	 97.81	 84.21	 91.78	 91.13	 91.48	 84.20	 90.37	 82.07	 92.79	 86.27	 89.17	 88.07	 89.58	 88.75		Lepidodactylus_listeri 23
																								  0.00	114.74	124.32	 71.72	 60.89	 80.81	 98.89	121.49	 76.62	108.60	 73.08	 91.57	128.78	 46.65	 80.89	104.65	 87.18	 73.24	120.10	 49.99	 88.89	125.92	 91.04	 70.26	 68.79	 92.52	114.54	106.45	 84.99	 89.90	 87.86	 87.29	145.57		Bothrops_jararaca 24
																									  0.00	106.39	108.23	110.91	112.08	144.41	101.94	123.57	111.02	124.54	115.93	100.10	122.23	118.00	134.68	131.84	129.03	139.09	107.51	 94.24	 83.22	 98.10	137.60	110.08	134.15	 93.45	 86.12	117.25	107.40	105.41	 68.60	134.93		Varanus_komodoensis 25
																										  0.00	 92.73	122.26	116.77	113.98	 69.94	116.61	102.53	113.18	 88.19	 76.61	107.04	122.17	117.70	114.13	108.34	104.37	120.94	 83.55	 65.54	 84.29	107.76	124.02	101.44	 83.64	 89.64	 89.33	123.46	 82.07	 89.13	 32.53		Podarcis_muralis 26
																											  0.00	 77.13	 71.56	 99.70	121.11	 73.75	 98.88	 79.64	 91.15	 90.46	 64.35	 81.29	115.02	 90.89	 90.64	101.01	 68.87	 74.66	126.10	 88.26	 68.44	 67.51	102.60	 93.56	 92.02	 89.59	 78.48	 91.54	 92.65	 94.38		Morelia_viridis 27
																												  0.00	 62.27	109.37	126.63	 69.94	101.35	 63.57	100.39	 91.81	 67.41	110.25	107.94	116.17	 78.79	110.65	 78.77	 96.02	122.92	 99.47	 56.77	 59.30	117.29	 96.18	 80.12	101.96	 69.39	 93.13	102.50	110.66		Diadophis_punctatus 28
																													  0.00	109.73	157.16	 74.59	105.23	 63.30	101.17	106.76	 81.63	116.12	119.19	121.30	 71.92	109.21	 79.33	100.44	132.72	102.87	 38.48	 61.01	107.74	 98.41	113.39	134.40	 62.24	111.96	105.83	100.49		Pantherophis_guttatus 29
																														  0.00	119.85	120.01	 94.82	105.49	 80.75	109.40	110.17	 84.34	 95.07	131.27	121.49	 97.78	100.46	 96.27	104.05	 97.28	113.90	 92.68	 77.40	 90.50	110.45	109.77	155.01	 95.71	 94.88	109.40		Aspidoscelis_marmoratus 30
																															  0.00	146.02	115.91	101.82	 89.37	 42.82	114.83	109.86	102.83	 89.82	102.91	112.29	110.98	 99.90	 66.36	 94.55	126.14	126.90	 92.40	 99.87	 73.97	 85.28	109.72	 93.84	101.80	 69.61		Lacerta_viridis 31
																																  0.00	132.19	 77.32	112.60	134.71	 79.88	122.20	104.31	104.16	 93.93	 91.50	104.53	 98.41	125.93	115.85	 65.02	 79.73	112.43	113.36	105.83	101.20	 96.32	 93.57	103.81	108.39		Boaedon_fuliginosus 32
																																	  0.00	115.35	 58.00	103.37	130.38	 97.12	 97.16	 99.17	119.13	106.03	129.42	105.21	 77.76	 47.04	 91.35	 85.76	106.68	 92.68	 87.03	153.37	104.29	 72.59	111.07	 88.18		Phrynosoma_platyrhinos 33
																																		  0.00	 93.45	108.71	 56.97	112.54	125.05	 83.91	 70.08	112.20	 67.75	 88.80	128.12	109.12	 61.34	 50.37	 78.38	 93.88	 94.26	 97.55	 73.39	 95.52	103.06	130.02		Naja_naja 34
																																			  0.00	 87.05	101.44	 82.34	 89.35	 93.93	109.52	 95.48	 95.12	 85.56	100.85	 65.16	 94.57	 85.97	 90.48	 84.03	 86.22	 78.63	 95.62	 45.11	 89.14	107.55		Sceloporus_tristichus 35
																																				  0.00	126.79	106.44	 91.05	116.89	131.24	103.75	 87.09	 81.69	 68.02	 74.60	 94.85	111.29	104.69	 76.39	 72.30	 86.76	 84.87	 99.59	 92.30	 64.48		Lacerta_agilis 36
																																					  0.00	 95.89	104.09	100.60	 78.89	106.45	 58.45	 84.27	122.07	123.02	 84.79	 67.44	 94.99	119.33	100.82	 86.46	 83.26	 97.66	104.15	115.94		Protobothrops_mucrosquamatus 37
																																						  0.00	126.43	 94.30	105.70	108.59	 96.81	 80.77	124.06	100.62	109.99	 86.87	 98.60	103.54	 94.07	 87.66	106.57	 92.95	 88.84	108.24		Pogona_vitticeps 38
																																							  0.00	102.96	134.85	131.00	107.62	 79.86	 92.20	107.98	115.06	108.80	113.43	 87.65	 88.18	 94.24	107.83	 93.57	112.61	114.99		Gekko_japonicus 39
																																								  0.00	131.31	101.45	122.97	 85.64	117.18	 98.51	116.56	 79.71	 81.08	116.39	 88.81	 81.08	130.93	102.60	 87.84	106.40		Sphaerodactylus_townsendi 40
																																									  0.00	160.05	100.47	 99.26	146.19	120.01	 56.36	 75.50	138.49	 99.44	119.28	113.13	 57.00	 98.70	106.94	107.53		Bungarus_multicintus 41
																																										  0.00	121.57	101.44	103.44	 97.29	110.35	 98.63	 96.17	100.87	 78.74	 82.48	115.38	 95.82	116.89	 93.36		Paroedura_picta 42
																																											  0.00	 96.17	123.56	106.44	 75.13	 78.99	104.25	107.25	 93.96	100.21	 79.45	 97.20	108.60	134.90		Crotalus_tigris 43
																																												  0.00	 98.59	 78.90	106.95	 82.55	 80.77	 93.46	 75.30	 88.95	 97.83	 91.31	101.77	 92.72		Sphenodon_punctatus 44
																																													  0.00	 82.11	130.74	111.59	 98.74	 88.21	101.19	 85.64	115.61	 79.31	111.61	 60.25		Zootoca_vivipara 45
																																														  0.00	 98.00	 81.06	 92.51	 77.98	 78.12	 77.85	 95.63	 60.47	 96.25	102.45		Phrynosoma_blainvillii 46
																																															  0.00	 53.12	103.08	 77.96	 99.97	 99.28	 54.89	 87.50	113.98	115.45		Pituophis_catenifer 47
																																																  0.00	 78.77	 93.56	 89.11	 93.14	 64.55	 88.39	 92.65	107.84		Tropidonophis_doriae 48
																																																	  0.00	 88.65	 81.94	 97.51	116.17	 95.38	109.22	 84.77		Salvator_merianae 49
																																																		  0.00	 82.47	105.06	 82.65	 84.90	 78.49	108.87		Eublepharis_macularius 50
																																																			  0.00	 94.18	110.38	 75.04	 86.90	 90.47		Hemicordylus_capensis 51
																																																				  0.00	103.18	 78.95	101.97	104.32		Plestiodon_gilberti 52
																																																					  0.00	 92.43	118.48	117.10		Laticauda_colubrina 53
																																																						  0.00	 95.85	 90.19		Sceloporus_occidentalis 54
																																																							  0.00	101.50		Varanus_salvator 55
																																																								  0.00		Podarci_raffonei 56
