Distance Matrix
---------------

Using the Tamura correction method
Using base positions 3 in the codon
Gap weighting is 0.000000

	    1	    2	    3	    4	    5	    6	    7	    8	    9	    10	    11	    12	    13	    14	    15	    16	    17	    18	    19	    20	    21	    22	    23	    24	    25	    26	    27	    28	    29	    30	    31	    32	    33	    34	    35	    36	    37	    38	    39	    40	    41	    42	    43	    44	    45	    46	    47	    48	    49	    50	    51	    52	    53	    54	    55	    56
	  0.00	 81.51	 94.06	 70.36	128.37	 83.98	 70.66	 73.82	105.31	 76.22	102.20	109.41	 56.75	124.83	109.59	 96.53	116.21	 70.10	 91.83	101.97	 57.38	 92.11	 98.92	 86.74	109.50	120.18	 94.63	 63.85	 51.88	108.06	109.87	 76.18	110.26	 94.08	 91.39	115.82	 91.41	111.33	158.58	117.07	 90.28	118.58	 79.86	139.58	119.34	 94.39	 63.14	 59.81	 93.72	 90.78	 96.71	 93.86	117.27	 95.44	 97.20	124.87		Arizona_elegans 1
		  0.00	 93.84	 75.20	 89.87	 70.13	 78.97	 64.37	122.40	 57.63	101.28	119.04	 55.34	 91.32	 77.51	 86.59	 95.35	 66.06	 96.65	 86.85	 63.10	 85.81	108.58	 72.25	105.96	107.19	 64.74	 63.87	 71.95	110.00	111.36	 57.31	 96.25	 82.88	 78.23	116.35	 69.41	110.29	100.55	102.21	 81.04	 97.51	 68.06	120.56	114.41	 89.29	 70.93	 63.69	 92.77	114.09	102.68	108.41	 72.21	 78.23	 89.86	100.56		Thermophis_baileyi 2
			  0.00	119.79	 89.61	 99.11	125.70	112.71	 81.81	 95.88	 76.92	 95.27	 87.54	104.19	 94.73	 73.22	 98.91	 96.89	 75.14	 87.09	 76.83	 86.98	106.21	117.53	158.39	 87.59	125.31	 90.67	 99.14	 80.89	101.60	114.11	 83.38	126.10	 84.86	 87.00	107.54	 86.00	112.21	 92.35	 94.72	110.12	 93.98	 91.19	 80.57	 80.45	 91.05	 93.57	 86.86	 89.36	 95.76	 92.75	 88.93	 88.31	 92.65	 85.50		Elgaria_multicarinata 3
				  0.00	144.67	 71.96	 77.46	 69.29	111.38	 55.22	102.61	101.67	 52.87	 95.28	 91.68	 84.27	 98.16	 62.78	 92.70	 86.60	 69.55	 78.32	138.16	 76.69	 91.24	108.23	 82.30	 69.56	 68.50	163.76	104.71	 59.77	 85.97	 67.01	 76.11	107.06	 82.81	 81.25	123.08	 95.90	 77.39	 94.04	 69.70	102.98	132.35	 77.84	 68.16	 66.61	 84.94	115.52	119.15	110.62	 76.17	 91.17	 95.79	121.97		Thamnophis_elegans 4
					  0.00	 90.13	117.34	107.28	 99.38	101.90	 93.18	 84.37	 87.87	114.70	109.29	 97.57	107.12	120.22	 84.76	 85.73	106.11	 82.57	102.64	111.59	127.20	 92.99	 93.37	116.85	189.55	 36.28	 89.67	 96.07	 97.29	116.38	 90.95	 88.29	120.51	108.93	119.44	121.24	109.80	119.14	 91.14	 98.39	112.08	 93.03	118.10	 94.17	 82.44	112.45	110.50	104.35	138.82	103.35	 85.47	 92.14		Aspidocelis_tigris 5
						  0.00	 65.79	 73.98	101.62	 72.56	 85.28	 98.71	 68.46	104.04	 90.10	 89.12	 89.13	 70.64	 84.79	100.78	 58.55	 77.19	101.36	 52.11	103.98	104.71	 72.85	 69.88	 67.49	 87.65	 84.80	 71.77	 85.65	 75.28	 89.86	 95.79	 51.73	106.13	 96.57	 97.99	 79.35	116.70	 53.47	103.70	 84.92	 87.57	 62.25	 60.63	 72.60	113.36	107.74	 91.27	 79.30	 89.87	 96.96	 85.83		Azemiops_feae 6
							  0.00	 77.63	102.42	 65.03	 99.47	102.88	 73.35	121.54	132.89	 91.69	127.46	 72.22	 95.64	107.45	 58.38	 96.57	118.69	 65.66	 97.54	110.04	 75.42	 68.38	 76.20	120.45	114.63	 84.76	110.76	100.95	 91.83	113.11	 63.30	 93.26	105.22	117.74	 76.30	134.99	 59.20	149.18	 99.45	 88.78	 77.77	 67.06	 94.22	105.25	104.16	101.49	 88.88	106.88	 98.78	122.24		Daboia_siamensis 7
								  0.00	 95.97	 61.48	 97.30	 94.03	 62.89	 97.26	 94.04	 77.44	117.47	 71.67	 90.93	 81.14	 73.94	 87.47	111.01	 77.54	111.19	 91.42	 65.67	 60.70	 83.19	138.00	 97.57	 70.99	 97.99	 88.93	 99.02	101.95	 76.91	 85.95	110.69	 85.19	 97.39	100.34	 69.54	117.98	119.72	 84.61	 82.71	 65.68	 92.73	116.11	100.70	 90.63	 86.08	 88.06	 82.60	 93.50		Charina_bottae 8
									  0.00	 99.75	 99.64	 86.32	100.77	101.96	 92.67	 73.38	 76.78	 86.81	 93.13	 93.22	 96.95	 89.09	 87.25	101.17	111.71	 93.74	104.29	112.60	122.19	122.40	 91.74	116.61	 83.11	101.57	 86.23	 82.85	 95.86	113.07	139.25	 91.40	 91.26	112.84	 87.99	123.33	 92.06	 81.84	 92.64	 90.76	 95.57	129.12	 72.92	100.93	109.21	 84.25	 88.38	 95.95		Shinisaurus_crocodilurus 9
										  0.00	 83.39	 92.40	 50.27	 88.08	 86.94	 74.45	104.29	 73.10	 81.13	 93.01	 58.53	 81.30	113.72	 65.66	102.92	 91.22	 64.14	 50.86	 64.83	114.46	 95.07	 61.81	 90.89	 52.33	 77.92	 78.78	 64.79	100.05	136.08	 88.80	 64.28	102.67	 66.81	 96.49	108.48	 82.45	 61.26	 59.36	 74.89	111.96	 86.26	106.43	 56.48	 76.78	 86.11	 90.02		Ophiophagus_hannah 10
											  0.00	 83.29	 73.94	107.37	115.29	 90.47	 80.11	 83.70	 86.24	102.30	 83.68	 72.46	100.78	 92.29	111.49	 76.78	111.91	 91.28	109.76	 86.65	 79.85	101.42	 63.55	 98.40	 76.29	 86.37	102.46	131.83	130.03	111.72	108.98	103.45	101.33	 83.34	 84.24	 63.80	 96.75	 96.56	 72.39	 82.77	 83.16	 81.01	100.11	 76.62	101.73	 81.04		Anolis_sagrei 11
												  0.00	 94.94	108.40	112.07	 91.46	 97.34	 82.06	 88.12	 84.41	 93.51	 84.80	104.14	116.79	104.39	 68.96	 95.01	 91.97	105.87	 98.00	 18.54	 97.59	 96.81	 95.82	 98.68	 32.22	104.20	 94.69	158.57	105.83	 89.93	122.47	 94.29	110.40	 73.40	 75.85	 88.27	 82.82	108.81	 92.61	 83.92	 86.93	 97.64	 91.16	 92.72	 82.77		Lacerta_bilineata 12
													  0.00	 91.71	 82.83	 79.89	 97.20	 61.41	 85.45	 95.36	 57.38	 72.77	152.27	 69.84	111.30	 89.40	 75.12	 46.40	 64.99	 91.48	 95.56	 55.20	 91.88	 64.36	 70.64	 96.25	 69.62	 84.17	133.68	 94.12	 63.82	127.93	 64.73	 98.57	103.95	 83.13	 68.98	 58.27	 71.48	106.67	 87.63	102.87	 58.71	 68.89	 94.45	 82.99		Imantodes_cenchoa 13
														  0.00	 97.05	 86.78	 94.88	117.54	 91.04	 84.04	103.83	 84.06	111.31	100.21	111.41	 97.13	102.51	108.35	 96.56	141.60	106.68	 86.11	 90.04	 87.71	 89.94	 98.56	119.98	 81.14	111.58	123.33	116.72	106.10	 99.06	133.00	101.83	103.66	108.29	 89.80	119.25	115.27	 81.72	 99.75	 99.56	 79.66	100.49	107.20		Phrynocephalus_versicolor 14
															  0.00	 78.63	 88.38	 82.71	 81.06	 98.50	101.30	 79.90	 96.54	 95.44	102.09	106.32	 94.00	 95.96	109.80	101.93	105.22	 90.37	 88.78	 87.82	 73.51	106.87	 95.16	118.53	108.04	 97.88	 89.03	 99.32	 96.87	108.87	128.59	 84.72	 89.11	 86.00	 92.07	131.61	107.56	 91.71	 97.77	 72.89	 92.85	 93.12		Cryptoblepharus_egeriae 15
																  0.00	 78.83	 73.24	 52.15	 48.37	 73.27	 70.89	 85.50	 84.16	 93.88	 88.72	 81.86	 74.39	 92.61	102.68	 99.23	 81.89	 76.44	100.19	 78.09	108.83	 74.29	 97.47	 97.51	 85.38	 90.40	 97.98	 78.02	112.04	106.68	 77.46	 83.54	 91.08	 83.58	105.48	 82.75	 80.92	 91.37	 73.38	 67.39	 88.22		Iguana_delicatissima 16
																	  0.00	106.67	 92.52	 80.78	 96.39	 86.23	 91.01	113.19	 93.01	 85.18	 97.99	 93.52	118.97	 96.95	 92.34	107.29	 61.98	112.77	 71.67	 86.00	 85.64	 88.69	109.43	113.18	132.02	104.32	 84.18	 94.60	 91.93	 79.01	 98.30	 98.03	 71.31	 95.11	 84.33	 87.78	 95.65	 84.35	101.76	 93.39		Anolis_carolinensis 17
																		  0.00	 80.60	 81.46	 58.02	 74.94	 94.63	 69.04	 91.71	 93.82	 71.53	 62.07	 65.76	114.07	 75.32	 72.42	 90.70	 86.79	 84.07	 99.27	 72.44	 83.59	 89.48	 99.41	 72.10	104.89	 74.28	122.87	 91.71	 68.04	 58.45	 67.79	 95.05	 99.47	100.77	 89.21	 79.52	 76.05	 82.78	 87.22		Myanophis_thanlyinensis 18
																			  0.00	 52.25	 85.22	 67.26	104.84	 86.90	102.54	 90.08	 92.43	 78.92	 95.04	 92.84	 93.00	 99.29	 81.76	107.12	 80.32	101.35	 86.16	 93.77	107.92	 89.38	 84.44	108.30	 90.02	101.94	 99.68	 81.38	 99.20	 95.32	 85.71	 89.21	 91.55	 68.65	 93.93	 73.48	 74.38	 78.13		Cyclura_pinguis 19
																				  0.00	 74.19	 77.74	 83.68	103.17	117.48	 88.76	 94.95	 77.79	100.55	104.23	 87.44	109.75	 85.32	119.40	 91.51	 83.61	 93.97	 88.41	107.33	 97.81	 92.97	 87.19	 78.06	 92.11	126.55	 73.18	 97.06	102.45	 73.46	 98.99	 90.13	 92.45	 97.12	 89.91	 82.96	 83.48		Ctenosaura_bakeri 20
																					  0.00	 78.23	 90.64	 70.17	130.03	 77.04	 71.43	 50.68	 47.49	 99.86	 96.91	 67.56	 79.58	100.46	 80.59	 86.94	 71.04	 86.17	110.83	102.67	 71.17	115.13	 59.77	109.57	 86.69	 68.58	 51.56	 62.57	 70.00	 89.99	 88.90	 84.97	 71.50	 78.67	 90.77	 87.63		Ptyas_mucosa 21
																						  0.00	117.44	 77.90	 96.67	 79.00	 76.08	 92.99	 87.90	 96.28	 88.65	 90.53	 76.68	 95.96	 70.09	 93.20	 82.86	 82.68	 86.42	 80.23	 89.53	 83.76	 79.31	110.55	 91.97	 74.26	 91.40	 73.09	 69.85	102.14	 89.88	 71.17	 95.61	 71.50	 80.46	 83.94		Lerista_edwardsae 22
																							  0.00	118.70	 93.72	 99.16	107.25	 95.55	105.31	 91.04	 96.73	 99.84	 95.55	118.84	105.32	110.29	119.38	 97.23	 80.51	104.96	133.24	107.39	112.90	 94.50	 98.80	 93.51	103.77	 94.21	 90.98	 86.98	100.68	107.23	130.58	 95.10	 89.08	117.38		Lepidodactylus_listeri 23
																								  0.00	105.55	103.86	 79.83	 75.62	 86.45	117.45	110.73	 66.92	 97.97	 77.88	 78.88	134.01	 48.05	100.62	125.74	 96.97	 80.51	104.37	 58.56	102.68	141.18	 81.76	 76.52	 63.51	 94.36	137.93	103.77	 88.40	 85.43	 83.54	 92.10	 95.26		Bothrops_jararaca 24
																									  0.00	144.59	103.76	101.60	124.79	153.27	113.71	101.64	 96.74	 91.88	101.72	110.49	151.30	114.78	106.10	105.68	106.68	106.88	146.45	129.25	166.25	110.98	126.74	105.59	115.94	188.20	106.12	116.31	116.70	114.51	 73.43	134.37		Varanus_komodoensis 25
																										  0.00	112.56	 87.51	118.59	 98.77	 66.24	112.85	 75.94	 97.20	 92.93	 83.69	117.29	105.35	117.19	103.41	 91.10	 98.62	103.52	 95.24	 80.09	 69.55	118.75	 98.12	 90.68	 93.19	 74.67	 73.72	110.28	 74.99	 94.33	 28.38		Podarcis_muralis 26
																											  0.00	 88.87	 81.80	102.12	 98.09	 74.14	 88.44	 83.09	 90.01	 94.98	 83.05	104.72	106.94	117.90	110.25	101.76	 74.51	100.22	139.11	102.75	 78.12	 79.04	 98.02	121.59	106.80	102.30	 82.39	 95.96	 90.09	102.17		Morelia_viridis 27
																												  0.00	 63.03	 98.70	 81.70	 66.71	 94.16	 79.46	102.03	 94.60	 62.61	 99.09	131.30	 96.94	 72.22	 98.42	 66.81	124.33	 99.35	 86.17	 67.13	 65.12	 74.41	100.26	 93.87	103.46	 67.01	 84.11	 77.02	 97.27		Diadophis_punctatus 28
																													  0.00	176.80	 98.35	 60.43	 90.44	 99.86	 90.18	108.31	 84.26	100.44	120.42	105.06	 73.32	108.16	 83.46	124.12	120.64	 88.00	 37.74	 59.41	 93.37	112.32	104.19	 97.27	 68.75	 94.57	105.39	108.20		Pantherophis_guttatus 29
																														  0.00	 85.49	113.24	 90.75	127.08	 90.88	 87.10	114.56	100.57	132.89	111.19	132.69	111.00	111.57	 86.51	105.69	 95.33	110.32	105.14	 75.49	 91.14	113.39	107.25	127.74	 87.88	101.26	103.28		Aspidoscelis_marmoratus 30
																															  0.00	 98.09	 90.62	 85.07	111.89	 45.88	102.90	 94.05	122.83	104.45	 88.01	118.93	101.10	 93.18	 64.92	 70.28	 93.71	 85.95	105.76	 72.53	 86.61	 88.48	101.61	 92.34	101.50	 64.62		Lacerta_viridis 31
																																  0.00	 75.24	 76.78	 81.79	 96.36	 68.42	106.91	130.81	103.96	 82.83	110.95	 74.77	 91.39	100.46	 79.23	 67.18	 62.04	 91.49	100.68	103.48	 84.50	 86.81	 76.33	 96.85	103.39		Boaedon_fuliginosus 32
																																	  0.00	 87.74	 61.23	 88.41	 99.10	 91.61	123.67	100.91	102.88	107.47	 98.49	 75.27	 73.32	 37.72	 81.77	105.43	 90.78	 87.04	 84.91	 89.11	 87.32	 68.45	 87.92	 75.49		Phrynosoma_platyrhinos 33
																																		  0.00	 88.07	 88.05	 80.96	108.58	159.41	 95.38	 73.44	101.52	 81.11	101.31	119.43	 88.54	 80.43	 70.18	 96.92	111.22	102.63	115.18	 68.39	 88.82	 95.46	114.89		Naja_naja 34
																																			  0.00	105.14	 89.85	 93.67	106.53	102.10	 91.20	 79.21	 88.81	100.56	 95.24	 59.29	 82.19	 75.94	 90.29	101.38	 95.67	 79.38	 79.14	 32.06	 91.72	 79.92		Sceloporus_tristichus 35
																																				  0.00	123.34	102.33	141.18	115.70	 86.93	123.75	 96.72	108.15	 65.59	 76.16	 83.12	 91.21	 93.33	100.63	 93.10	 86.93	 92.20	 95.98	106.09	 84.68		Lacerta_agilis 36
																																					  0.00	104.60	104.66	 83.14	 83.50	113.26	 52.46	116.87	 95.73	 95.61	 75.16	 59.78	 88.06	108.26	106.13	 86.29	 87.15	 89.56	 88.46	110.42		Protobothrops_mucrosquamatus 37
																																						  0.00	109.55	108.16	111.24	110.13	 91.33	113.91	 99.31	 96.36	 90.31	 84.69	 97.36	104.66	108.09	103.54	111.07	 95.46	 87.91	 99.87		Pogona_vitticeps 38
																																							  0.00	131.57	107.95	118.28	120.65	151.56	114.38	 93.77	135.43	109.44	102.10	 94.66	139.34	 77.70	121.02	 97.25	105.13	121.14		Gekko_japonicus 39
																																								  0.00	117.52	 95.91	 91.57	100.66	121.55	110.40	101.39	 87.48	102.79	127.93	 97.68	 83.55	107.39	 89.18	 85.51	 97.34		Sphaerodactylus_townsendi 40
																																									  0.00	123.78	 70.23	135.20	104.50	 86.63	 71.00	 61.54	 94.35	119.39	100.48	110.95	 87.60	 84.50	 91.10	104.43		Bungarus_multicintus 41
																																										  0.00	104.86	119.64	137.21	 92.71	107.50	100.96	119.05	105.55	 93.77	 92.97	118.93	 99.30	102.50	 92.40		Paroedura_picta 42
																																											  0.00	 92.51	 93.37	 83.37	 57.28	 61.60	 80.19	107.73	 87.57	 82.10	 67.06	 90.81	 87.80	 94.75		Crotalus_tigris 43
																																												  0.00	117.06	 82.62	119.07	 99.41	 93.99	129.00	 96.54	 99.05	109.07	 98.27	102.13	102.81		Sphenodon_punctatus 44
																																													  0.00	 63.33	 94.63	109.60	 99.04	 70.93	 85.38	 87.89	126.03	 92.97	119.74	 79.52		Zootoca_vivipara 45
																																														  0.00	 81.19	 88.51	 84.71	 77.61	 72.88	 74.20	 77.65	 66.29	 99.56	 74.70		Phrynosoma_blainvillii 46
																																															  0.00	 57.65	 86.94	121.43	103.49	 99.41	 71.53	 84.64	 99.93	112.85		Pituophis_catenifer 47
																																																  0.00	 83.05	 95.58	 84.24	 80.39	 79.12	 87.77	 92.57	 96.43		Tropidonophis_doriae 48
																																																	  0.00	103.37	101.96	110.85	 91.95	 97.83	 86.88	 93.56		Salvator_merianae 49
																																																		  0.00	101.49	 92.04	110.79	 90.24	115.92	 90.77		Eublepharis_macularius 50
																																																			  0.00	 90.69	104.83	 86.05	 97.13	 85.61		Hemicordylus_capensis 51
																																																				  0.00	122.64	 78.88	 94.45	 86.05		Plestiodon_gilberti 52
																																																					  0.00	 84.29	119.36	103.17		Laticauda_colubrina 53
																																																						  0.00	 89.00	 76.63		Sceloporus_occidentalis 54
																																																							  0.00	 97.46		Varanus_salvator 55
																																																								  0.00		Podarci_raffonei 56
