Distance Matrix
---------------

Using the Tamura correction method
Using base positions 3 in the codon
Gap weighting is 0.000000

	    1	    2	    3	    4	    5	    6	    7	    8	    9	    10	    11	    12	    13	    14	    15	    16	    17	    18	    19	    20	    21	    22	    23	    24	    25	    26	    27	    28	    29	    30	    31	    32	    33	    34	    35	    36	    37	    38	    39	    40	    41	    42	    43	    44	    45	    46	    47	    48	    49	    50	    51	    52	    53	    54	    55	    56
	  0.00	 68.18	111.91	 78.17	126.27	 79.40	 94.37	101.03	129.44	 76.32	116.92	103.35	 70.33	116.16	107.29	 99.14	135.36	 73.92	101.57	 91.48	 66.59	 99.81	124.63	 80.87	117.16	 99.97	 85.82	 77.08	 44.23	125.08	120.41	 88.31	 98.93	 97.82	103.37	113.14	 79.16	129.70	117.51	126.40	 77.42	116.05	 85.91	135.71	105.94	100.84	 47.19	 78.84	108.18	121.62	109.10	 98.17	 92.33	101.71	115.66	 99.89		Arizona_elegans 1
		  0.00	109.81	 57.24	119.71	 64.38	 83.32	 90.32	120.53	 62.59	127.10	 98.13	 59.60	123.97	 96.99	 96.81	123.86	 80.44	 95.86	 91.92	 68.34	 93.99	107.58	 76.04	113.77	109.70	 83.42	 56.47	 60.39	110.22	100.50	 83.20	103.34	 73.32	 90.96	111.81	 84.54	115.82	109.11	107.60	 89.52	107.78	 79.41	115.58	113.14	100.19	 66.14	 77.66	114.71	105.69	105.85	102.53	 80.07	 97.42	101.90	109.64		Thermophis_baileyi 2
			  0.00	103.46	101.65	103.13	107.01	100.80	 91.31	102.17	104.17	 90.78	101.43	108.28	 86.72	 80.57	109.52	100.84	 80.25	 80.47	109.72	 86.50	103.84	114.38	101.42	102.76	107.02	111.27	 95.02	101.67	 96.39	131.89	 80.98	122.95	 94.74	104.23	106.01	129.09	100.52	 91.64	133.83	123.71	106.80	115.91	106.64	 80.05	124.86	105.52	 89.61	 89.37	 97.29	101.97	124.80	 97.19	 97.44	104.04		Elgaria_multicarinata 3
				  0.00	133.80	 63.30	 78.44	 82.05	113.16	 61.83	130.93	 96.43	 62.85	105.15	106.80	 89.02	113.02	 79.16	 99.53	 94.73	 74.65	 92.69	112.86	 87.78	107.32	100.58	 85.97	 69.05	 61.00	115.26	 99.35	 71.50	105.41	 69.19	104.11	 97.66	 87.25	103.14	104.40	 99.15	 76.48	108.98	 81.54	113.75	117.20	 93.42	 67.47	 63.59	110.43	111.15	107.10	107.37	 90.61	113.78	 94.52	 96.63		Thamnophis_elegans 4
					  0.00	119.06	121.72	130.66	124.53	118.74	112.25	127.43	110.31	106.13	113.20	 93.43	120.78	107.98	 99.79	 90.82	134.67	110.55	106.97	142.04	109.21	110.86	104.89	129.02	108.73	 32.45	128.95	124.92	 98.32	112.18	114.28	120.24	122.08	107.27	111.16	122.29	135.02	131.29	129.74	123.30	126.60	 93.97	129.69	127.38	 84.45	100.72	104.12	123.56	149.90	105.94	105.07	115.34		Aspidocelis_tigris 5
						  0.00	 64.62	 82.85	117.95	 76.55	122.88	104.83	 69.17	106.70	109.06	 87.89	106.61	 74.77	 97.58	 98.84	 73.40	109.66	117.90	 69.27	104.76	 95.07	 76.44	 71.29	 69.33	110.26	114.51	 83.60	102.28	 79.66	 93.83	105.07	 58.11	103.60	103.21	101.46	 82.13	115.47	 67.79	106.16	 99.62	104.15	 74.79	 76.93	 98.22	134.11	110.35	102.45	 87.02	100.79	 94.15	103.96		Azemiops_feae 6
							  0.00	 93.89	120.92	 79.63	121.90	107.76	 77.18	126.92	112.28	102.55	113.70	 88.76	112.31	108.19	 83.78	107.74	113.86	 77.00	123.62	104.84	 86.90	 88.91	 79.02	109.98	113.92	 87.36	109.41	 88.24	 94.58	112.59	 69.69	125.54	109.67	113.07	 95.14	121.26	 73.84	111.63	104.49	105.03	 77.62	 87.63	 98.22	126.22	120.07	115.59	104.41	 99.18	110.58	121.37		Daboia_siamensis 7
								  0.00	118.43	 84.38	 99.43	100.42	 74.16	108.85	 94.71	 94.99	103.42	 91.83	 93.19	 88.62	 92.94	 97.99	105.41	 92.95	110.19	114.57	 69.73	 93.09	 89.72	111.14	100.58	 96.05	 96.57	 92.67	 85.47	112.26	 88.72	101.67	107.96	 99.12	 85.67	120.85	 90.19	115.93	104.70	 99.92	 91.91	 80.51	111.39	108.22	 97.40	108.53	111.47	100.78	101.57	115.98		Charina_bottae 8
									  0.00	114.21	105.18	101.54	125.13	145.24	 98.38	 92.18	 96.22	116.99	 95.62	 99.50	115.04	106.30	122.35	136.33	121.35	108.41	118.78	125.76	115.98	133.25	101.29	127.58	 96.62	127.42	102.21	 93.73	102.43	116.25	119.54	113.63	125.62	116.68	120.23	110.08	131.52	 93.64	119.09	116.10	110.67	115.17	 90.36	 97.37	136.53	104.37	100.61	118.30		Shinisaurus_crocodilurus 9
										  0.00	111.24	100.56	 65.23	108.73	 98.77	 81.05	104.97	 62.02	 83.85	 79.54	 73.11	 90.84	112.23	 78.45	108.79	 94.65	 75.49	 75.09	 63.80	103.10	105.87	 85.91	 96.19	 57.82	 99.30	 94.25	 77.39	104.24	107.11	101.92	 68.44	120.51	 74.84	117.88	112.53	105.68	 69.07	 69.96	 97.96	104.44	 99.39	114.28	 72.81	 93.30	 96.90	 91.40		Ophiophagus_hannah 10
											  0.00	121.72	115.39	116.24	110.23	100.29	 74.61	115.27	 99.62	 94.25	115.19	100.90	119.37	130.19	114.89	 92.16	115.95	127.38	108.13	106.83	124.70	131.03	 81.33	141.08	 88.02	101.78	121.93	135.77	125.53	121.35	128.94	119.82	132.38	133.06	113.01	 75.87	105.50	131.77	111.18	101.16	102.75	110.42	129.04	 95.83	110.70	117.44		Anolis_sagrei 11
												  0.00	 91.21	121.52	 96.06	 93.23	116.87	 93.59	 96.96	 91.03	100.21	 91.12	107.19	 96.62	104.09	 70.34	106.98	114.92	 88.84	108.30	 17.82	127.16	 92.66	100.08	 94.49	 53.51	106.23	113.70	 96.49	105.72	 91.38	108.64	111.62	107.26	 70.95	 93.92	108.87	111.97	 95.03	120.83	 98.82	 97.61	112.14	 92.92	 95.04	 82.61		Lacerta_bilineata 12
													  0.00	116.30	 93.17	 92.86	116.56	 70.31	 99.63	 94.32	 69.25	 89.17	109.59	 82.82	100.13	111.65	 74.73	 62.14	 63.27	104.94	101.38	 85.92	 87.94	 73.18	105.40	109.79	 81.08	101.10	 98.52	 92.68	 69.28	102.53	 88.02	109.53	101.65	 83.96	 66.12	 69.41	 96.84	115.94	101.53	 96.57	 83.89	 97.36	 93.62	109.86		Imantodes_cenchoa 13
														  0.00	119.89	104.18	137.66	113.04	112.51	106.94	127.49	114.54	116.35	113.03	126.27	115.97	114.49	134.79	114.67	115.05	125.59	140.79	105.46	117.83	111.62	114.63	114.71	119.11	123.16	128.07	132.78	114.48	114.09	134.52	122.26	107.87	118.78	121.92	102.80	112.02	115.13	136.68	121.48	112.17	120.75	114.34		Phrynocephalus_versicolor 14
															  0.00	 77.71	116.71	 94.84	 82.96	 79.75	116.22	 81.80	 97.73	112.07	115.55	103.45	 89.05	105.83	104.86	104.46	110.95	102.65	 91.12	112.64	 92.45	100.20	108.89	111.32	100.92	 95.88	121.53	105.48	105.00	108.55	115.30	 95.24	109.91	113.62	 92.42	108.83	 79.91	 93.17	122.73	 86.50	 98.20	100.69		Cryptoblepharus_egeriae 15
																  0.00	105.30	 90.45	 41.44	 41.83	101.23	 80.15	 91.23	 99.53	 94.12	 95.57	 79.29	101.98	 93.53	 87.67	104.42	108.51	 80.42	 92.14	 77.72	 91.70	 97.21	 97.26	100.34	 84.04	110.64	103.10	 89.70	 98.64	110.76	 76.56	101.07	 93.95	 91.45	100.47	 85.76	 91.58	115.94	 78.67	 85.07	 97.59		Iguana_delicatissima 16
																	  0.00	120.37	 94.71	 99.40	108.61	111.86	113.33	141.15	113.42	106.99	108.73	128.23	109.78	127.11	130.40	113.16	 82.98	117.25	112.49	123.81	104.00	130.66	105.93	110.84	114.74	111.09	116.11	117.14	113.65	 81.60	105.60	112.10	130.43	118.42	103.04	107.56	124.48	127.17	111.96	128.87		Anolis_carolinensis 17
																		  0.00	 98.97	 98.15	 75.63	103.62	118.97	 83.78	112.43	101.56	 76.61	 80.06	 64.84	 99.39	111.89	 94.14	 98.87	 75.90	 97.59	 99.76	 76.31	112.94	108.50	108.24	 75.30	115.23	 85.48	121.77	112.91	 99.84	 77.87	 85.31	111.86	109.94	103.38	110.09	 88.72	 98.87	100.54	101.51		Myanophis_thanlyinensis 18
																			  0.00	 50.73	102.28	 81.76	100.02	 94.55	107.36	 97.41	 83.56	104.20	 93.41	 90.13	107.31	128.27	 78.81	 96.93	 77.67	 95.22	 94.33	107.65	 96.18	 90.03	114.58	107.23	 99.62	102.77	113.50	 76.99	103.12	 88.42	 92.29	 93.26	 92.27	 95.92	118.59	 77.08	 90.96	102.27		Cyclura_pinguis 19
																				  0.00	100.76	 76.18	 96.17	100.07	 99.12	 88.43	 89.37	102.96	101.43	 83.98	 98.60	113.45	 81.45	 94.03	 81.84	 90.96	104.33	100.51	103.17	 98.83	 99.45	111.01	 91.33	110.85	100.18	 78.56	105.07	 88.61	 94.59	106.22	 87.72	100.42	116.75	 73.46	 87.99	 95.62		Ctenosaura_bakeri 20
																					  0.00	105.75	112.35	 90.58	131.73	105.02	 89.36	 75.58	 54.14	120.89	100.60	 87.98	 89.88	 82.20	 95.26	106.85	 81.12	109.97	115.57	111.01	 76.30	110.96	 80.15	135.65	117.02	 95.17	 55.48	 76.36	112.38	122.98	108.84	119.99	 85.08	100.46	109.39	107.76		Ptyas_mucosa 21
																						  0.00	100.94	120.96	104.25	 94.22	102.31	 96.13	 89.71	112.21	102.45	109.33	 94.98	110.13	 85.09	 95.55	108.79	124.42	113.45	104.93	114.43	104.87	103.25	110.94	110.30	 93.66	103.56	 92.38	 92.29	 86.11	 87.38	 82.55	115.97	 90.30	 98.30	 95.56		Lerista_edwardsae 22
																							  0.00	120.71	114.24	121.11	110.87	120.71	114.25	111.63	118.50	121.38	104.15	117.70	105.78	113.44	117.79	122.52	 85.15	 96.67	124.80	111.77	120.46	 97.89	127.18	111.95	125.84	120.46	108.64	112.09	 88.31	 96.64	145.44	 96.54	111.62	124.04		Lepidodactylus_listeri 23
																								  0.00	112.15	 98.65	 87.94	 85.26	 79.03	122.84	111.76	 92.92	120.90	 83.98	105.33	106.76	 51.29	115.75	 99.08	 97.78	106.17	121.36	 62.61	107.71	105.56	107.90	 90.36	 86.37	112.82	121.92	102.44	109.82	 98.51	102.80	119.70	110.71		Bothrops_jararaca 24
																									  0.00	110.74	 97.62	127.95	131.13	105.54	120.10	117.65	100.47	114.62	117.82	103.86	120.76	114.54	110.86	135.70	122.81	125.63	114.87	118.16	101.93	107.75	130.49	116.86	 98.79	133.73	105.98	103.21	142.15	107.71	 64.98	101.41		Varanus_komodoensis 25
																										  0.00	103.32	108.33	 98.46	113.61	 66.72	116.47	 91.86	 99.39	101.74	 65.10	100.46	132.90	117.94	126.73	108.58	119.69	115.92	110.42	 58.69	 90.73	108.25	106.72	104.41	103.13	103.72	103.53	124.68	 97.78	101.56	 33.43		Podarcis_muralis 26
																											  0.00	 85.63	 70.02	 99.34	122.40	 94.72	 93.35	 81.09	 96.48	 93.74	 85.09	102.94	102.42	101.66	101.59	115.54	 89.10	125.99	110.00	 94.45	 80.34	 88.84	103.30	115.26	101.47	100.81	 96.70	 91.65	 98.29	101.92		Morelia_viridis 27
																												  0.00	 63.21	126.29	121.85	 83.29	109.81	 84.97	 89.14	111.73	 84.21	109.78	110.62	 96.25	 91.71	125.07	 86.77	132.38	122.47	101.58	 74.77	 79.66	118.45	120.07	110.57	 93.59	 80.49	103.69	111.42	110.82		Diadophis_punctatus 28
																													  0.00	104.38	 99.69	 76.94	 98.20	 76.07	 96.61	100.58	 76.85	112.17	 96.04	100.63	 89.93	115.55	 77.57	116.40	117.57	 90.30	 39.84	 73.11	107.90	101.28	105.12	103.94	 91.17	 97.25	101.97	103.37		Pantherophis_guttatus 29
																														  0.00	116.18	123.31	 83.00	 97.57	104.35	116.51	110.99	102.59	108.71	115.66	124.41	123.49	113.95	126.57	116.58	 91.21	129.21	122.54	 77.15	 95.99	103.13	113.90	127.61	 96.96	101.71	118.17		Aspidoscelis_marmoratus 30
																															  0.00	119.80	101.77	106.13	 99.24	 61.77	122.47	125.34	106.19	115.49	 97.83	119.51	123.21	115.33	 74.01	 99.50	120.35	111.62	101.08	119.61	107.08	 96.92	120.90	 95.43	100.44	 71.89		Lacerta_viridis 31
																																  0.00	113.02	 97.01	110.73	120.53	 99.19	112.43	104.02	117.33	 96.21	130.03	 88.45	121.15	117.69	113.21	 71.39	 76.55	100.80	120.80	109.92	118.98	 83.59	121.56	 94.71	117.96		Boaedon_fuliginosus 32
																																	  0.00	104.06	 75.74	 93.47	106.71	103.01	100.67	101.15	107.95	109.19	114.00	109.10	 93.36	 35.56	101.23	 98.77	 89.07	100.55	 97.40	 88.23	113.98	 70.39	 89.75	 98.58		Phrynosoma_platyrhinos 33
																																		  0.00	101.47	103.21	 81.69	110.81	117.83	117.29	 78.59	104.99	 88.57	124.75	114.76	111.77	 95.29	 81.73	114.73	118.56	 98.12	115.90	 74.87	101.82	 99.98	108.62		Naja_naja 34
																																			  0.00	 96.40	111.34	124.82	107.20	 96.96	126.03	113.72	102.34	107.60	116.66	 74.17	103.62	 97.18	105.94	 96.11	104.41	 99.93	103.33	 38.02	 91.58	100.05		Sceloporus_tristichus 35
																																				  0.00	104.67	114.08	104.01	111.32	106.73	124.84	111.90	113.39	 71.27	103.65	118.69	103.55	101.82	118.12	101.99	104.53	102.37	100.22	 95.53	 72.11		Lacerta_agilis 36
																																					  0.00	119.19	107.57	102.02	 93.66	124.83	 61.38	112.73	114.66	112.84	 83.16	 77.81	116.39	113.36	101.76	 98.61	 96.50	104.65	 99.51	110.38		Protobothrops_mucrosquamatus 37
																																						  0.00	130.09	113.22	118.18	123.50	107.10	119.14	129.88	120.64	122.73	102.92	119.75	132.09	110.31	128.75	139.04	109.53	110.35	128.85		Pogona_vitticeps 38
																																							  0.00	102.65	135.95	123.59	122.42	124.65	121.91	100.47	118.72	106.55	109.93	126.61	 98.45	100.37	138.01	106.50	113.13	124.68		Gekko_japonicus 39
																																								  0.00	118.59	125.59	100.51	122.57	128.35	114.81	121.75	106.28	115.26	 98.64	 92.53	 94.48	131.72	102.61	 99.58	122.82		Sphaerodactylus_townsendi 40
																																									  0.00	126.32	 99.64	132.47	122.29	116.48	 79.41	 81.44	120.88	116.84	113.64	121.69	 70.94	110.30	128.59	108.18		Bungarus_multicintus 41
																																										  0.00	122.98	133.02	120.78	115.91	112.57	121.71	124.90	143.30	103.83	121.54	123.13	114.79	126.63	124.39		Paroedura_picta 42
																																											  0.00	116.95	123.93	110.01	 87.76	 92.98	115.70	128.72	110.19	111.41	106.72	100.37	 96.02	116.54		Crotalus_tigris 43
																																												  0.00	124.08	112.08	128.52	111.83	106.71	104.88	109.00	117.89	151.59	 97.19	107.52	111.61		Sphenodon_punctatus 44
																																													  0.00	109.55	110.31	125.34	114.63	113.87	100.73	129.07	141.65	102.67	100.57	 55.59		Zootoca_vivipara 45
																																														  0.00	 91.17	106.58	 99.71	 94.02	108.93	 97.74	117.87	 76.77	 89.63	106.56		Phrynosoma_blainvillii 46
																																															  0.00	 76.51	104.49	106.79	114.37	106.89	100.97	106.37	115.26	107.76		Pituophis_catenifer 47
																																																  0.00	118.87	116.41	 96.96	111.60	 86.99	108.84	107.61	105.69		Tropidonophis_doriae 48
																																																	  0.00	 99.72	 99.99	105.95	140.74	102.74	 92.57	107.02		Salvator_merianae 49
																																																		  0.00	 95.91	105.15	135.50	 99.43	120.53	116.92		Eublepharis_macularius 50
																																																			  0.00	 88.74	119.65	 98.98	107.12	100.48		Hemicordylus_capensis 51
																																																				  0.00	133.64	 99.10	105.66	107.93		Plestiodon_gilberti 52
																																																					  0.00	131.50	127.25	125.77		Laticauda_colubrina 53
																																																						  0.00	 96.36	104.29		Sceloporus_occidentalis 54
																																																							  0.00	 93.35		Varanus_salvator 55
																																																								  0.00		Podarci_raffonei 56
