Distance Matrix
---------------

Using the Tamura correction method
Using base positions 3 in the codon
Gap weighting is 0.000000

	    1	    2	    3	    4	    5	    6	    7	    8	    9	    10	    11	    12	    13	    14	    15	    16	    17	    18	    19	    20	    21	    22	    23	    24	    25	    26	    27	    28	    29	    30	    31	    32	    33	    34	    35	    36	    37	    38	    39	    40	    41	    42	    43	    44	    45	    46	    47	    48	    49	    50	    51	    52	    53	    54	    55	    56
	  0.00	 63.41	109.23	 68.19	117.01	 76.50	 90.58	100.70	109.54	 80.46	131.29	104.59	 68.82	117.82	118.10	114.35	144.43	 82.95	141.33	134.00	 55.81	117.03	151.95	 76.70	139.54	136.94	 82.31	 65.94	 41.42	115.60	103.31	 71.33	112.44	 85.49	149.55	138.38	 57.16	114.36	141.61	128.07	 77.89	122.58	 92.62	124.64	171.46	117.46	 46.81	 97.08	102.04	 98.23	116.48	110.16	 85.77	125.67	137.91	144.46		Arizona_elegans 1
		  0.00	 94.28	 70.54	144.01	 84.25	 96.95	 84.51	112.58	 75.55	189.33	125.13	 57.43	112.46	104.05	102.22	148.45	 78.82	106.52	108.42	 88.36	107.92	139.72	 68.91	128.59	149.05	 75.08	 60.12	 56.20	129.45	123.21	 71.94	124.35	 72.52	126.85	116.15	 63.57	108.78	154.24	117.09	 76.74	119.73	 73.05	120.41	141.86	117.97	 64.72	 65.05	116.80	119.34	124.99	 96.48	 77.99	108.89	104.14	128.27		Thermophis_baileyi 2
			  0.00	121.48	117.25	114.50	120.91	126.69	 85.88	103.51	127.82	112.71	113.50	110.66	 95.27	 95.48	108.95	104.88	 98.05	 99.30	113.68	117.11	132.59	105.99	 93.27	 98.23	 96.79	 94.88	126.80	115.59	107.16	103.03	 94.48	100.46	 92.73	109.27	108.93	130.26	121.58	102.62	103.92	123.88	 97.66	109.57	103.78	 93.28	110.27	103.04	110.08	120.56	 85.82	100.60	133.01	 98.63	107.51	101.22		Elgaria_multicarinata 3
				  0.00	127.64	109.54	 87.30	124.14	128.15	 80.47	151.42	133.95	 74.37	108.96	113.57	115.09	157.56	 87.30	130.14	127.15	 93.58	165.28	194.42	 86.35	120.83	138.26	 89.45	 70.39	 77.06	123.06	132.93	 72.40	136.50	 79.57	147.75	118.02	 70.40	130.68	169.42	113.92	112.68	189.16	 80.58	126.32	160.00	122.74	 72.85	 81.77	144.51	131.45	118.66	127.94	102.57	156.60	125.79	130.35		Thamnophis_elegans 4
					  0.00	134.26	188.68	141.56	 85.28	148.84	115.17	144.98	106.82	119.01	148.56	102.31	116.98	133.35	133.91	119.87	124.57	130.90	162.29	148.90	107.75	106.43	147.16	166.28	144.37	 36.53	141.02	149.01	115.35	155.70	128.47	122.59	138.91	123.47	155.05	137.24	132.76	110.47	154.78	131.93	124.50	102.98	120.72	133.89	 92.80	122.00	118.72	136.56	120.92	110.85	144.08	112.47		Aspidocelis_tigris 5
						  0.00	 57.81	 80.92	117.63	 74.87	160.89	128.50	 70.42	132.66	108.80	 91.23	184.05	 86.03	123.69	 99.97	101.84	111.67	121.62	 59.78	 99.88	125.95	 72.68	 72.25	 80.10	157.30	121.53	 91.70	123.69	 81.30	197.22	115.51	 53.31	108.46	inf	107.67	 95.90	121.61	 70.61	115.05	138.14	121.92	 73.02	 79.04	102.17	125.17	119.34	132.48	 94.64	162.50	134.85	145.04		Azemiops_feae 6
							  0.00	107.50	126.49	 65.32	160.53	134.04	 98.08	129.69	127.70	 98.71	206.41	 95.30	134.97	123.90	 97.61	131.61	155.43	 86.92	 92.80	129.18	 89.93	 82.43	 90.07	231.08	127.06	 97.56	150.53	 98.60	163.42	117.23	 73.61	141.44	178.17	136.30	 93.96	155.21	 94.79	135.79	168.74	133.99	 85.32	 98.28	147.66	141.49	109.47	134.52	113.78	185.76	115.47	142.56		Daboia_siamensis 7
								  0.00	133.40	 99.87	144.21	143.17	 98.79	120.09	110.92	 93.35	132.11	 93.81	138.51	104.17	 98.72	121.89	122.43	 92.68	162.32	160.76	 72.41	118.44	 81.31	140.41	140.49	 91.80	114.05	103.93	111.17	134.62	 90.68	 92.04	173.44	110.74	 95.07	130.89	106.46	146.23	138.97	114.88	 84.28	 91.38	115.40	113.11	130.83	 98.36	112.06	111.09	150.84	131.01		Charina_bottae 8
									  0.00	142.83	 95.13	104.21	110.04	 90.88	126.24	 95.92	 92.81	135.35	104.93	 99.94	128.31	 93.48	111.19	121.08	 98.00	114.52	123.66	141.63	122.91	 81.58	104.80	114.60	 95.93	117.53	 76.01	124.34	122.52	116.46	110.67	100.04	 88.39	 93.63	121.82	 93.57	121.31	 94.32	110.88	133.13	104.82	 98.44	 78.15	105.17	111.97	 96.32	100.76	106.48		Shinisaurus_crocodilurus 9
										  0.00	138.34	126.33	 64.49	122.68	114.89	113.48	179.01	 88.93	126.20	102.91	107.53	140.29	171.30	 63.05	107.39	131.34	 86.46	 67.78	 77.26	151.35	130.26	 86.18	133.38	 59.75	119.84	126.92	 77.92	139.24	163.63	127.17	 81.26	145.46	 78.28	131.62	124.34	111.17	 66.60	 71.90	125.87	126.44	 82.74	114.52	 68.24	143.67	132.00	132.25		Ophiophagus_hannah 10
											  0.00	124.52	141.48	100.81	141.46	106.59	 68.06	212.09	107.05	112.55	152.73	137.30	143.50	158.83	104.46	110.37	131.80	164.77	132.85	137.38	112.89	121.91	 77.87	189.06	 76.38	114.84	131.00	124.13	166.25	103.01	110.70	298.00	154.67	143.05	114.95	 84.85	126.13	169.62	126.95	 90.90	121.93	134.54	148.84	 93.99	133.17	 96.08		Anolis_sagrei 11
												  0.00	171.90	132.60	111.52	131.87	178.92	138.88	102.88	126.42	121.16	105.22	114.47	116.95	161.58	109.53	128.27	129.65	127.27	142.53	  9.19	137.14	102.65	135.36	106.60	 65.86	113.37	111.59	165.32	121.33	141.43	132.91	112.64	115.56	 88.33	 98.80	104.09	158.41	121.05	130.10	 98.04	110.67	147.45	147.59	122.23	 76.58		Lacerta_bilineata 12
													  0.00	121.72	111.27	128.34	134.92	 70.82	129.52	102.80	 85.43	147.73	141.22	 78.33	120.44	129.54	 70.51	 52.04	 54.68	105.88	151.21	 61.12	121.63	 60.18	182.96	118.65	 83.06	112.55	234.31	 95.46	 75.93	121.89	101.16	132.64	126.10	134.91	 64.72	 64.10	 89.31	 96.04	 98.83	116.41	 74.32	124.03	128.01	150.69		Imantodes_cenchoa 13
														  0.00	103.00	105.49	100.90	115.02	118.21	118.46	134.20	108.53	117.62	114.79	 96.93	113.79	100.90	123.12	115.66	112.80	131.09	 98.94	 97.93	125.76	115.67	165.76	 99.87	110.25	124.54	 89.27	 98.39	132.14	139.76	123.37	121.17	 91.28	101.55	111.33	105.96	105.38	 88.83	117.39	147.45	105.37	128.26	114.00		Phrynocephalus_versicolor 14
															  0.00	101.23	131.09	 99.59	103.74	109.83	121.94	 89.53	106.34	117.54	113.09	119.23	123.69	107.40	108.93	120.65	105.89	116.62	104.65	113.97	 99.32	106.86	117.09	133.79	119.92	 82.72	110.71	104.02	100.60	123.40	126.79	 95.34	114.18	106.78	 81.56	118.44	 92.21	 99.26	146.82	111.50	118.40	123.43		Cryptoblepharus_egeriae 15
																  0.00	121.04	 96.06	 61.43	 56.25	117.47	 75.96	126.63	 93.92	 78.86	 93.87	106.06	129.17	100.48	110.73	121.47	122.03	 97.47	121.03	 98.50	104.21	 78.70	 89.47	 95.64	101.01	113.75	118.31	101.21	122.15	117.07	 91.58	102.57	 90.07	111.28	 87.61	 88.57	 95.03	116.46	101.63	 81.91	 91.87		Iguana_delicatissima 16
																	  0.00	135.08	105.62	 97.61	148.96	161.79	138.03	151.45	 88.38	106.94	134.38	144.74	138.97	122.12	149.54	135.71	 78.44	295.37	 88.28	125.57	204.57	145.93	147.98	117.07	134.25	135.60	174.68	132.09	113.86	 86.01	121.59	169.83	116.67	 93.20	135.74	121.34	196.47	 87.50	163.86	123.13		Anolis_carolinensis 17
																		  0.00	108.55	111.25	 98.53	114.21	120.46	 77.36	 83.08	127.63	 86.93	 70.73	 66.52	129.19	132.68	 72.81	118.60	 72.98	161.47	126.03	 68.97	116.49	136.18	130.89	 81.37	149.41	 85.22	113.94	201.65	120.61	 86.91	 75.59	114.79	111.13	117.15	113.25	106.19	138.10	111.65	137.99		Myanophis_thanlyinensis 18
																			  0.00	 81.94	126.49	111.29	120.32	134.67	 63.32	116.99	110.11	110.03	110.28	117.66	 99.32	110.52	 89.43	137.73	 92.44	 97.07	102.45	106.76	106.20	111.67	126.28	136.51	105.96	138.45	119.14	 88.02	115.53	 90.87	170.60	 86.35	 97.47	104.49	137.35	 85.54	 89.04	138.80		Cyclura_pinguis 19
																				  0.00	146.63	 99.91	124.63	100.80	-nan	104.27	 97.37	114.16	115.42	109.23	114.26	123.98	 87.09	121.29	 83.54	 90.19	 97.46	102.91	107.17	117.06	102.86	129.53	102.97	 99.69	 88.30	 80.82	107.72	 96.66	125.47	 99.39	100.69	111.97	113.95	 97.93	 92.21	111.60		Ctenosaura_bakeri 20
																					  0.00	 97.58	142.97	 98.03	101.43	138.65	 79.62	104.43	 64.73	115.48	117.56	 79.74	 92.78	 87.87	141.86	154.88	 76.67	114.51	136.32	126.26	 73.88	133.91	 91.48	130.53	140.48	112.51	 48.95	103.63	107.99	 92.95	102.29	115.45	139.35	118.60	133.07	184.75		Ptyas_mucosa 21
																						  0.00	111.04	115.75	 98.68	111.73	111.76	149.60	121.46	130.06	103.67	136.93	 81.95	121.32	 90.20	105.00	 91.84	107.24	129.69	 97.09	147.16	108.82	113.97	119.59	116.86	100.77	100.41	140.21	 96.84	106.88	100.30	 88.01	128.55	101.78	 91.88	118.37		Lerista_edwardsae 22
																							  0.00	113.14	120.25	121.93	121.70	130.49	131.99	174.61	110.36	134.88	145.28	142.45	116.83	 94.79	120.68	129.27	 96.92	122.58	123.51	115.27	117.93	159.03	116.65	152.97	122.41	126.20	115.10	118.51	121.77	108.61	138.00	105.63	134.15	131.24		Lepidodactylus_listeri 23
																								  0.00	124.82	154.31	 80.56	 77.50	 75.05	159.01	117.92	 82.91	145.11	 66.32	155.52	106.25	 53.01	113.53	131.29	117.61	 91.82	122.51	 76.76	130.32	116.89	130.58	 68.90	 77.94	131.88	109.07	 92.14	113.56	 86.57	138.22	115.59	133.22		Bothrops_jararaca 24
																									  0.00	 92.35	 91.53	120.83	189.28	-nan	137.37	148.11	105.37	128.44	187.67	107.39	 90.70	134.18	158.28	130.16	inf	inf	118.96	-nan	104.03	105.37	163.11	 70.10	inf	108.50	 79.20	120.27	101.45	111.98	 47.03	108.44		Varanus_komodoensis 25
																										  0.00	109.33	138.67	134.20	104.63	109.41	139.72	 83.09	141.82	129.87	 70.16	120.19	148.09	117.76	133.98	110.62	145.22	150.01	106.58	 68.02	 97.11	112.26	139.97	111.44	 84.88	109.89	128.92	134.41	130.38	128.47	 31.55		Podarcis_muralis 26
																											  0.00	 76.63	 67.20	124.88	127.72	 77.37	 97.06	 72.08	107.83	108.11	 62.75	101.20	129.69	111.72	 96.36	124.07	 90.58	109.91	102.03	 99.53	 71.35	 72.24	105.24	 93.27	102.46	 92.74	110.55	 99.46	126.60	 98.86		Morelia_viridis 27
																												  0.00	 55.45	178.31	122.73	 61.87	138.04	 69.93	179.62	122.19	 65.78	117.75	177.87	119.01	 72.73	129.49	 84.55	132.88	159.93	139.87	 68.27	 63.82	134.29	125.19	113.91	112.85	 81.96	128.09	120.60	145.31		Diadophis_punctatus 28
																													  0.00	130.35	115.72	 63.89	107.83	 74.82	135.17	141.70	 56.76	105.68	130.43	103.89	 68.55	136.95	 85.38	118.76	146.00	114.84	 42.42	 69.44	103.06	 96.43	123.24	106.19	 89.04	128.47	114.30	126.12		Pantherophis_guttatus 29
																														  0.00	137.79	153.47	 91.27	140.57	101.79	120.42	151.12	119.63	134.21	131.52	127.32	129.20	148.09	115.91	119.48	106.00	121.27	138.92	 92.96	119.11	111.00	123.91	135.88	107.99	128.03	105.46		Aspidoscelis_marmoratus 30
																															  0.00	129.98	 93.09	122.41	109.39	 56.85	105.83	111.87	161.86	115.04	123.23	127.92	118.05	122.36	 77.86	 99.86	 99.25	145.44	109.20	117.38	 94.87	112.40	148.85	130.52	122.10	 79.06		Lacerta_viridis 31
																																  0.00	 99.79	 67.53	126.32	120.47	 75.07	110.07	190.49	 96.29	 68.42	152.03	 87.22	112.09	118.41	113.24	 77.27	 68.90	122.70	105.59	108.83	122.33	 83.12	114.50	113.51	167.61		Boaedon_fuliginosus 32
																																	  0.00	143.65	 57.55	 88.35	125.57	107.12	137.70	 97.68	127.10	127.16	122.80	116.67	 82.64	 27.57	 94.09	148.10	 92.46	 90.10	 95.30	108.26	124.64	 68.94	100.26	110.01		Phrynosoma_platyrhinos 33
																																		  0.00	143.30	151.28	 71.85	146.16	155.69	138.71	 75.30	193.27	 99.87	128.56	131.99	143.44	 76.88	 75.69	106.44	104.71	130.13	135.62	 83.39	144.53	120.31	156.18		Naja_naja 34
																																			  0.00	110.95	130.96	 96.83	132.35	107.51	115.66	122.27	112.44	118.63	113.29	 59.72	117.14	135.62	120.69	 86.07	103.23	 99.93	171.46	 37.55	111.89	100.89		Sceloporus_tristichus 35
																																				  0.00	126.08	132.49	145.64	111.41	127.13	134.82	108.49	181.72	 59.17	100.30	109.97	129.18	123.69	101.53	111.27	 95.42	132.26	118.78	122.24	 66.03		Lacerta_agilis 36
																																					  0.00	 94.71	149.06	108.25	 86.72	149.72	 51.00	113.42	141.29	115.66	 58.00	 82.02	119.26	106.27	102.92	116.48	 78.96	110.30	109.44	121.66		Protobothrops_mucrosquamatus 37
																																						  0.00	145.65	114.53	136.50	120.23	 94.39	102.62	113.20	 94.17	112.00	109.86	126.98	136.81	 76.19	113.86	131.34	101.61	 87.39	148.62		Pogona_vitticeps 38
																																							  0.00	133.02	138.83	137.49	160.34	126.33	157.22	124.97	120.63	145.55	131.49	109.58	110.84	107.11	167.17	137.49	130.52	117.13		Gekko_japonicus 39
																																								  0.00	139.70	106.90	140.52	130.97	130.82	107.56	114.11	116.00	103.88	119.87	112.15	108.10	143.62	107.60	115.95	118.81		Sphaerodactylus_townsendi 40
																																									  0.00	154.91	 98.17	114.92	135.33	112.96	 80.48	 71.24	122.92	 95.44	122.49	154.72	 75.29	123.99	139.96	130.85		Bungarus_multicintus 41
																																										  0.00	147.86	195.23	153.10	108.72	128.38	142.03	 98.30	132.84	 86.52	116.43	134.72	118.26	177.19	152.40		Paroedura_picta 42
																																											  0.00	122.19	115.93	109.20	 97.82	 81.72	119.14	158.00	102.70	138.64	 99.09	117.58	117.22	132.80		Crotalus_tigris 43
																																												  0.00	134.41	106.74	103.87	116.48	104.54	115.73	101.25	123.75	124.49	124.54	110.80	107.50		Sphenodon_punctatus 44
																																													  0.00	 91.00	115.30	136.73	162.30	104.67	106.44	122.96	119.32	109.32	123.72	 74.97		Zootoca_vivipara 45
																																														  0.00	101.36	152.84	 92.26	 94.00	 95.71	111.05	128.31	 68.04	106.97	101.67		Phrynosoma_blainvillii 46
																																															  0.00	 79.41	 79.16	 87.15	102.17	106.19	 78.46	116.04	122.67	150.67		Pituophis_catenifer 47
																																																  0.00	126.23	119.54	103.75	104.37	 78.25	120.83	129.33	135.24		Tropidonophis_doriae 48
																																																	  0.00	 98.23	105.16	159.07	144.31	122.15	144.67	121.62		Salvator_merianae 49
																																																		  0.00	100.35	111.74	121.16	 85.32	132.35	106.44		Eublepharis_macularius 50
																																																			  0.00	101.74	 98.83	119.32	111.88	100.03		Hemicordylus_capensis 51
																																																				  0.00	138.58	 95.55	109.91	119.73		Plestiodon_gilberti 52
																																																					  0.00	181.28	127.01	132.00		Laticauda_colubrina 53
																																																						  0.00	120.50	138.96		Sceloporus_occidentalis 54
																																																							  0.00	126.43		Varanus_salvator 55
																																																								  0.00		Podarci_raffonei 56
