Distance Matrix
---------------

Using the Tamura correction method
Using base positions 3 in the codon
Gap weighting is 0.000000

	    1	    2	    3	    4	    5	    6	    7	    8	    9	    10	    11	    12	    13	    14	    15	    16	    17	    18	    19	    20	    21	    22	    23	    24	    25	    26	    27	    28	    29	    30	    31	    32	    33	    34	    35	    36	    37	    38	    39	    40	    41	    42	    43	    44	    45	    46	    47	    48	    49	    50	    51	    52	    53	    54
	  0.00	 63.45	112.58	 80.81	 75.28	 65.81	115.60	 74.54	 97.41	 87.50	 70.66	101.50	 95.66	 80.45	100.49	 73.46	 90.02	116.07	 46.48	 75.91	102.87	 86.96	119.35	109.67	 75.89	 72.20	 49.70	 94.69	 99.24	 87.24	 91.79	 77.96	 84.05	104.89	 78.88	 89.95	 91.92	 81.90	 62.34	101.25	 74.09	 84.10	101.72	 75.85	 61.52	 73.70	 83.80	 95.77	 86.00	106.51	 76.66	 79.97	 97.20	 95.41		Arizona_elegans 1
		  0.00	 97.34	 98.49	 81.50	 73.97	133.30	 85.79	160.47	123.26	 71.89	145.96	 90.60	 92.83	131.12	 68.60	101.88	 89.30	 59.68	 91.56	102.58	 71.36	122.94	125.89	 75.43	 61.08	 64.89	106.52	116.27	 76.32	105.54	 73.41	 94.94	115.58	 73.95	104.28	 99.80	 91.63	 76.00	107.55	 63.80	114.97	126.25	 81.27	 81.39	 65.67	105.73	132.06	109.27	127.53	 75.00	 77.75	 97.73	102.64		Thermophis_baileyi 2
			  0.00	 84.74	 98.16	 92.05	 96.03	 87.17	116.95	103.97	 88.92	104.86	 84.57	 83.81	 99.36	 85.08	 84.83	 94.59	104.12	 81.80	 85.48	 81.56	112.18	104.98	 87.99	119.31	 94.27	 83.93	 87.39	110.17	 91.35	 81.16	 81.14	 93.97	 85.31	 87.21	 98.86	 89.97	104.55	 91.77	 84.77	 92.30	124.25	 80.35	 94.12	 77.95	 84.17	102.15	 89.38	 90.60	107.76	 67.28	 93.07	 92.49		Elgaria_multicarinata 3
				  0.00	104.36	 74.48	 91.43	 81.95	 86.25	 80.38	 76.86	 86.56	 66.39	 72.14	 80.81	 85.38	 82.55	 75.37	 81.67	 75.01	 84.08	 89.24	113.00	 81.31	 78.60	 94.29	 74.98	 32.65	 80.22	 82.94	 78.66	 80.43	 77.60	 70.90	 76.63	 83.63	 93.77	 92.39	 85.79	 88.09	 90.09	 83.43	 84.62	 78.75	 86.41	 79.91	 68.20	 84.37	 71.81	 95.15	 91.44	 70.29	 85.66	 75.00		Aspidocelis_tigris 4
					  0.00	 78.93	102.01	 88.73	112.28	109.34	 67.93	137.67	 92.81	 92.65	127.40	 68.83	 93.17	 97.95	 80.12	 91.55	 94.83	 61.99	107.18	108.24	 77.53	 68.27	 75.49	117.45	123.40	 75.97	104.49	 78.47	 90.65	110.84	 60.14	106.50	111.65	107.78	 73.21	121.87	 62.83	103.73	115.05	 90.97	 78.21	 70.92	 92.43	106.86	104.87	105.68	 78.81	 71.92	111.14	103.96		Azemiops_feae 5
						  0.00	 98.39	 88.04	 89.83	 93.65	 67.42	 99.04	 87.97	 78.15	 94.76	 68.91	 79.21	 76.98	 74.37	 79.89	 95.03	 86.05	109.21	 89.61	 62.38	 76.27	 73.48	 79.13	 85.02	 78.36	 72.70	 76.85	 73.68	 89.56	 64.56	 88.12	 96.17	 89.28	 88.06	103.50	 68.58	 80.59	 90.65	 66.25	 71.30	 66.18	 88.12	 91.02	 78.79	 74.71	 85.90	 71.64	 97.38	 79.34		Charina_bottae 6
							  0.00	 92.69	106.07	 99.04	 86.57	106.18	 94.13	 71.29	101.37	100.38	 93.95	 92.87	107.76	 86.62	 95.07	100.97	 92.06	 89.90	 94.75	111.02	 91.93	 91.14	117.21	117.32	 91.11	101.54	 94.87	 91.39	101.01	107.93	102.03	115.79	108.13	117.70	 88.22	105.18	 93.97	 87.66	100.20	103.87	 99.19	 99.00	 95.32	 92.94	 99.90	 81.92	 97.43	 83.19		Shinisaurus_crocodilurus 7
								  0.00	123.00	 93.77	 77.03	 94.07	 84.79	 81.52	106.21	 75.83	 92.24	 85.76	 78.31	 86.21	 92.34	 66.54	103.08	105.74	 79.17	 86.46	 62.65	 90.86	106.25	 77.14	 97.96	 66.68	 94.27	 93.23	 74.36	 97.85	128.07	 95.55	 67.83	124.73	 66.95	106.97	108.01	 90.16	 80.79	 67.75	 86.91	 99.55	 72.72	100.33	 64.62	 83.10	 83.28	106.59		Ophiophagus_hannah 8
									  0.00	 91.25	106.64	111.00	 98.87	 81.68	 64.15	 96.94	 91.34	 97.51	101.29	 81.60	102.52	104.40	123.41	 94.66	 91.54	103.13	 98.30	 79.84	 93.98	128.40	 73.43	105.95	 84.78	105.67	 89.70	 90.50	 94.57	102.00	103.46	 85.54	112.10	 87.23	 99.45	 87.15	 95.94	 97.92	 89.65	 92.85	 86.61	 95.09	 92.03	 86.60	105.85	 88.50		Anolis_sagrei 9
										  0.00	 93.85	116.01	101.62	 96.07	105.12	 93.18	109.13	 99.83	104.55	 90.35	101.78	108.74	114.23	 71.58	 93.54	112.23	 89.05	 90.83	 20.54	117.57	 78.34	105.72	 94.27	 44.61	 96.51	104.16	100.61	 85.87	107.75	 98.35	 99.14	 99.73	 57.73	 93.24	110.18	113.34	 79.46	 95.36	 98.25	113.76	114.88	 89.26	116.23	 81.18		Lacerta_bilineata 10
											  0.00	113.06	 89.09	 81.52	100.61	 73.91	 91.53	 95.85	 68.16	 89.36	 88.70	 77.10	109.20	 92.49	 70.44	 68.01	 59.44	 78.95	 88.55	 77.15	 97.19	 69.70	 81.05	 85.62	 64.93	 99.36	102.90	 88.11	 80.96	110.96	 65.02	 88.62	 90.51	 73.99	 65.37	 64.66	 84.19	103.43	100.37	105.43	 78.71	 71.30	101.01	 78.23		Imantodes_cenchoa 11
												  0.00	 95.18	 91.29	102.67	123.77	 88.55	 99.68	110.44	 86.00	 90.26	105.50	116.57	106.93	 97.18	125.35	110.20	102.40	122.00	105.75	 89.42	110.12	105.75	105.67	109.25	 85.24	115.81	106.47	102.60	121.95	102.09	104.10	140.42	 91.06	106.05	121.72	 92.42	 99.49	 78.16	100.49	144.54	100.92	119.20	 96.32		Phrynocephalus_versicolor 12
													  0.00	 74.47	 97.72	 83.21	 77.33	 86.04	 88.87	 70.08	 90.01	 90.57	 98.63	 97.12	 87.80	 88.86	 68.94	 68.99	100.30	 87.72	 87.17	 93.84	 78.79	102.86	 77.52	 95.80	 99.52	 76.93	 97.24	 95.99	 92.11	 90.02	118.44	 77.26	 89.21	 76.12	 83.06	104.53	 87.80	 83.64	 96.61	 68.05	 93.39	 89.94		Cryptoblepharus_egeriae 13
														  0.00	119.31	 77.17	 42.67	 43.43	 76.40	 73.42	 72.32	 82.79	 84.54	 99.12	 75.21	 93.42	 69.24	 85.96	 99.64	 92.99	 72.94	 89.18	 71.21	 91.25	 81.36	 73.90	101.89	 89.61	103.02	 91.49	 77.41	 77.71	101.48	 78.71	 75.08	 72.08	 85.16	 87.46	 86.04	 77.59	 86.59	 70.06	 81.67	 93.71		Iguana_delicatissima 14
															  0.00	100.42	 98.96	122.40	114.62	100.32	131.59	124.73	135.14	 87.52	 90.67	118.04	109.77	 86.29	106.64	101.51	 72.23	116.61	 99.91	 93.45	109.02	108.26	107.03	106.96	100.74	 96.10	109.99	102.69	125.43	 91.68	120.69	114.82	 91.77	 90.11	 85.36	100.67	 98.38	 87.16	103.29	 77.94		Anolis_carolinensis 15
																  0.00	 99.09	 91.76	 60.71	 81.09	 93.30	 67.26	 96.87	100.03	 74.67	 69.41	 63.70	 88.35	 87.29	 82.57	105.11	 84.29	 80.50	 87.42	 69.35	 85.20	 90.58	 83.03	 86.15	109.09	 62.89	 83.67	111.94	 93.64	 69.87	 68.96	 79.61	 99.32	 95.12	104.33	 83.13	 74.91	 87.19	 90.21		Myanophis_thanlyinensis 16
																	  0.00	 45.58	 88.10	 78.22	 77.71	 99.11	 97.71	 95.55	 77.63	114.40	 80.47	 88.45	110.34	103.04	 75.43	 82.43	 73.09	102.28	 90.51	 78.05	 98.36	 95.94	 98.98	105.80	 84.69	 87.26	106.42	 68.74	 79.61	 85.13	 81.59	 78.43	 89.70	 91.92	 88.13	 74.17	 93.15	 81.62		Cyclura_pinguis 17
																		  0.00	 88.40	 81.76	 75.61	 90.36	 85.14	120.46	 81.21	126.61	 86.57	 79.10	 90.33	 93.19	 83.61	 71.08	 89.12	 91.56	 84.74	 86.44	104.68	 92.01	101.55	 88.74	 78.86	 97.87	116.31	 86.85	 84.85	 81.65	 97.36	 94.75	103.63	 84.87	 95.35	 81.82	 82.30	 94.85		Ctenosaura_bakeri 18
																			  0.00	 81.27	104.58	 88.05	104.71	129.47	 76.62	 65.49	 49.80	 82.45	 96.80	 77.25	 87.06	 71.23	 78.61	101.48	 66.33	 98.78	 92.51	100.81	 65.87	107.25	 67.69	 89.25	128.91	 82.39	 54.90	 66.59	 98.02	 99.86	 93.36	111.22	 84.11	 81.04	 91.45	102.91		Ptyas_mucosa 19
																				  0.00	 88.92	 94.61	111.91	 80.60	 69.96	 80.66	 67.74	 81.45	 77.67	 99.31	 78.74	 83.80	 80.87	 82.32	 75.12	 76.97	 92.79	 83.15	 85.56	 92.00	 77.46	 80.34	 98.83	 74.35	 72.86	 68.41	 78.11	 82.88	 78.64	 77.71	104.42	 71.32	 92.68	 77.67		Lerista_edwardsae 20
																					  0.00	 80.27	 95.26	118.22	 82.24	 98.48	 89.95	 89.50	 99.40	106.08	 91.09	 99.71	100.41	104.23	 82.17	108.52	 77.64	 96.13	107.49	118.69	 95.16	 93.97	123.54	 96.11	105.71	 95.33	 95.77	 91.23	 86.66	102.44	 98.43	103.81	 82.17	113.44		Lepidodactylus_listeri 21
																						  0.00	 97.61	118.68	 69.49	 75.75	 72.59	107.04	119.31	 73.54	116.77	 76.70	106.45	118.65	 55.79	 91.02	125.59	 89.19	 79.16	111.98	 49.36	 90.78	131.76	104.05	 87.14	 76.44	 88.11	 95.21	 95.75	100.91	 84.54	101.84	101.31	106.69		Bothrops_jararaca 22
																							  0.00	108.68	103.66	118.38	109.98	119.49	121.80	104.95	105.35	128.94	121.36	101.94	 92.76	112.62	106.57	117.96	134.98	152.18	102.57	104.86	119.02	123.27	129.66	 97.85	114.31	107.52	 94.70	118.78	107.61	105.04	 67.61	 96.90		Varanus_komodoensis 23
																								  0.00	 96.00	122.85	 88.25	 81.15	 69.11	 97.37	 79.43	101.85	100.80	 60.07	107.97	 96.66	125.09	107.02	116.52	110.76	100.03	 83.48	 74.39	 84.54	102.82	 85.47	 77.23	 97.94	 88.54	112.11	 93.70	 81.45	118.69	 35.10		Podarcis_muralis 24
																									  0.00	 71.33	 68.64	 89.58	 93.67	 75.41	 81.81	 86.39	 91.26	 97.69	 68.19	 83.66	101.03	 73.15	 76.42	103.70	 59.05	 93.45	 99.31	 80.81	 81.69	 65.91	 79.35	 93.28	 84.87	 94.11	 83.82	 85.79	 99.89	107.63		Morelia_viridis 25
																										  0.00	 61.49	112.28	 96.01	 94.53	102.16	 89.40	 95.10	132.70	 64.93	106.91	103.82	 94.74	 87.96	136.59	 69.47	 99.55	120.36	 99.52	 80.85	 66.27	 97.48	123.39	108.44	132.27	 79.12	 96.46	113.59	 99.72		Diadophis_punctatus 26
																											  0.00	 77.29	 92.25	 80.64	 94.11	 63.56	 80.82	 91.30	 72.06	 90.66	 91.19	 84.14	 64.70	115.38	 65.90	 82.39	102.84	 77.19	 35.56	 57.26	 79.45	103.00	 76.18	 98.22	 59.24	 69.20	 88.94	 88.19		Pantherophis_guttatus 27
																												  0.00	 85.28	 88.22	 80.40	 82.31	 85.53	 84.01	 84.14	 90.24	 99.49	 94.86	 94.93	 88.20	 95.02	 81.77	 87.20	 81.67	 93.30	 88.91	 64.76	 87.26	 74.63	 91.21	105.22	 71.71	 85.63	 66.78		Aspidoscelis_marmoratus 28
																													  0.00	136.52	 76.27	 99.06	 92.34	 37.00	 86.84	 99.77	 98.48	 98.62	126.37	 96.68	 95.77	102.68	 61.87	 87.70	102.39	112.78	 88.13	 92.21	107.56	114.81	109.77	 97.26	101.02	 74.09		Lacerta_viridis 29
																														  0.00	114.66	 66.93	102.94	109.55	 80.02	103.67	120.68	 95.25	 74.21	 91.73	 80.82	 95.15	137.12	 99.57	 91.91	 75.21	 94.01	101.36	 93.32	107.25	 89.48	 92.36	100.94	 92.84		Boaedon_fuliginosus 30
																															  0.00	 98.01	 68.64	 77.46	 80.03	 93.95	 84.41	 98.08	110.75	100.91	 96.26	 91.63	 97.41	 45.20	 99.37	 93.21	 87.64	 86.39	 79.85	 86.27	 94.59	 72.41	112.47	 86.08		Phrynosoma_platyrhinos 31
																																  0.00	 99.06	 93.62	 74.41	101.11	118.73	103.98	 75.89	103.34	 62.93	 95.70	121.75	 77.03	 79.30	 72.03	 90.05	102.08	 94.64	109.91	 76.13	 85.90	104.79	 93.30		Naja_naja 32
																																	  0.00	103.30	 81.78	 87.44	 93.01	 97.18	111.70	108.68	 93.37	 84.88	109.06	 67.07	 83.99	 85.54	 90.42	103.55	 86.55	 86.14	107.01	 39.64	 96.14	 79.84		Sceloporus_tristichus 33
																																		  0.00	 91.74	 89.99	108.39	117.94	104.92	 86.69	 86.31	 90.65	 63.18	 82.56	102.39	104.96	105.05	 88.29	 81.36	101.49	110.35	 88.50	106.40	 59.97		Lacerta_agilis 34
																																			  0.00	 87.60	100.23	 87.62	 71.77	 93.19	 54.42	 93.57	103.84	 82.71	 80.06	 53.82	 94.55	100.51	 84.14	109.94	 85.86	 89.27	 87.45	112.82		Protobothrops_mucrosquamatus 35
																																				  0.00	 99.43	 85.41	 99.67	 89.31	 68.59	 97.79	111.04	 91.55	 97.47	 83.20	 75.92	100.23	 84.38	107.26	107.20	 93.00	 92.65	 93.90		Pogona_vitticeps 36
																																					  0.00	103.40	 99.06	105.14	105.78	105.65	116.05	 86.54	 97.07	 99.40	 86.89	101.33	 86.89	102.20	113.40	101.17	105.73	 95.88		Gekko_japonicus 37
																																						  0.00	110.30	 96.03	 97.49	 85.73	114.32	 84.87	 99.09	 89.37	 86.56	 83.67	 97.83	103.84	112.81	 84.44	108.11	114.04		Sphaerodactylus_townsendi 38
																																							  0.00	117.80	 77.49	 94.92	107.30	 93.64	 71.63	 79.30	 90.62	108.15	 85.76	 98.58	 82.78	 92.21	118.68	102.28		Bungarus_multicintus 39
																																								  0.00	116.98	 85.83	110.13	 97.86	126.01	102.39	112.39	104.14	107.06	 97.14	124.16	103.59	111.83	 96.27		Paroedura_picta 40
																																									  0.00	 89.32	113.69	 81.42	 76.01	 59.86	 85.33	102.12	 83.18	109.01	 79.66	 79.74	 86.17	 92.47		Crotalus_tigris 41
																																										  0.00	136.82	 89.75	 85.70	 89.56	 86.90	 88.48	 86.56	104.52	113.36	 74.60	110.16	 87.97		Sphenodon_punctatus 42
																																											  0.00	 94.56	100.89	119.25	102.51	101.49	 85.68	117.64	122.60	 93.48	125.90	 71.32		Zootoca_vivipara 43
																																												  0.00	 89.36	 78.72	 73.45	106.02	 83.57	 84.37	 92.99	 59.71	102.00	 83.36		Phrynosoma_blainvillii 44
																																													  0.00	 75.48	100.57	105.05	 94.51	 91.47	 77.60	 74.48	115.61	 99.93		Pituophis_catenifer 45
																																														  0.00	 95.92	 96.33	 86.86	104.95	 77.69	 72.48	 81.06	 96.92		Tropidonophis_doriae 46
																																															  0.00	 81.07	 81.59	 97.48	 94.21	 79.83	101.72	 74.62		Salvator_merianae 47
																																																  0.00	 84.39	113.90	113.81	 86.67	106.39	 92.99		Eublepharis_macularius 48
																																																	  0.00	 95.42	109.88	 89.04	 98.46	 82.17		Hemicordylus_capensis 49
																																																		  0.00	116.58	 77.76	122.25	 92.96		Plestiodon_gilberti 50
																																																			  0.00	 83.45	109.57	 90.63		Laticauda_colubrina 51
																																																				  0.00	 99.04	 68.66		Sceloporus_occidentalis 52
																																																					  0.00	109.10		Varanus_salvator 53
																																																						  0.00		Podarci_raffonei 54
