Distance Matrix
---------------

Using the Tamura correction method
Using base positions 3 in the codon
Gap weighting is 0.000000

	    1	    2	    3	    4	    5	    6	    7	    8	    9	    10	    11	    12	    13	    14	    15	    16	    17	    18	    19	    20	    21	    22	    23	    24	    25	    26	    27	    28	    29	    30	    31	    32	    33	    34	    35	    36	    37	    38	    39	    40	    41	    42	    43	    44	    45	    46	    47	    48	    49	    50	    51	    52	    53	    54	    55	    56
	  0.00	147.40	nan	 97.77	161.36	261.59	165.02	129.49	nan	 84.88	130.16	 88.59	-nan	147.54	145.21	234.57	-nan	113.03	nan	249.25	 81.66	120.11	219.34	 86.30	161.45	122.21	108.49	-nan	 75.31	128.21	 81.83	 95.45	186.27	 98.70	175.98	215.86	 79.49	159.03	125.16	136.01	-nan	116.07	189.24	168.95	134.02	193.05	137.64	-nan	nan	193.12	126.62	108.50	123.24	161.59	122.90	100.68		Arizona_elegans 1
		  0.00	 95.61	 71.49	 93.42	127.63	149.21	104.49	209.48	122.96	118.22	124.41	 72.77	122.40	100.67	 67.90	131.93	 39.11	112.16	 78.82	 68.08	101.07	148.53	 96.18	158.44	130.61	104.49	100.35	 40.26	108.08	137.76	 95.36	137.81	 85.16	129.94	 93.25	 80.62	127.36	119.66	148.82	110.08	128.76	 98.13	196.72	 87.41	 91.95	 46.55	136.11	129.91	142.44	 97.42	111.49	 72.52	118.67	169.91	162.94		Thermophis_baileyi 2
			  0.00	127.20	 95.87	142.18	110.16	117.71	 90.93	119.81	111.05	 75.65	 97.33	115.32	 96.27	 87.47	 96.94	 68.56	 67.15	104.55	nan	 76.84	138.74	 94.97	145.86	 84.80	143.06	168.08	nan	111.50	 75.11	nan	119.59	nan	126.71	 96.40	133.23	116.37	107.17	164.47	nan	134.90	nan	181.75	 89.89	 97.99	nan	 92.91	167.48	103.91	123.54	131.12	105.79	 91.26	nan	 99.10		Elgaria_multicarinata 3
				  0.00	 92.70	115.09	 83.75	 76.62	131.55	115.28	101.28	179.14	115.75	134.36	 89.32	119.43	159.17	 73.00	108.13	nan	 53.72	133.86	207.88	 89.04	102.90	175.66	 61.87	 79.11	 65.22	 91.93	220.50	155.32	117.97	 90.87	130.66	116.36	118.25	112.69	166.42	123.20	 71.37	122.77	 58.26	126.79	 99.31	 98.31	 59.75	102.80	112.53	nan	105.79	129.15	 78.32	121.27	 83.43	131.49		Thamnophis_elegans 4
					  0.00	 95.91	112.48	 84.66	 98.20	107.77	 89.38	 95.43	 89.53	131.40	114.87	105.54	 64.10	112.15	106.69	106.77	147.93	 67.98	153.82	 72.25	147.84	114.57	114.96	101.78	110.01	 15.61	 88.78	102.57	 75.14	 79.96	 82.45	163.00	 87.99	136.35	103.53	120.04	164.35	145.03	 93.23	142.95	111.11	 84.95	 94.89	nan	 65.67	 79.69	120.90	126.57	 94.56	107.22	125.24	152.02		Aspidocelis_tigris 5
						  0.00	-nan	117.95	nan	105.92	 76.40	107.42	 87.97	121.78	143.25	172.37	114.34	121.79	148.20	113.59	 67.61	109.63	132.61	 74.08	264.43	 96.70	189.37	 56.70	 86.03	 88.52	112.82	101.68	116.80	 85.21	111.94	147.99	 94.22	102.87	163.77	nan	 83.41	165.33	 97.92	nan	180.31	121.13	 92.81	 90.97	 91.49	nan	-nan	159.10	 78.37	144.13	133.57	134.59		Azemiops_feae 6
							  0.00	 90.93	 89.44	 96.67	109.13	114.12	 90.14	 95.29	115.09	nan	116.24	 71.04	137.41	165.43	109.30	 95.57	 98.45	 78.10	110.75	137.65	 74.90	106.68	140.01	130.89	132.13	100.34	122.83	 95.61	162.44	110.86	 80.32	177.24	106.90	108.86	103.88	133.43	 70.79	224.54	 66.94	132.80	 87.35	114.96	120.74	131.02	 93.83	 98.64	202.05	180.30	161.20	 98.57		Daboia_siamensis 7
								  0.00	113.41	107.55	111.96	131.59	 95.17	 69.33	211.91	nan	124.47	108.21	nan	154.29	103.02	106.94	111.09	 79.01	153.37	180.63	 51.75	131.06	 74.92	 84.60	104.30	111.84	 86.31	 85.58	117.30	142.32	 81.72	100.10	109.09	 84.27	 93.97	141.15	 78.18	nan	 94.50	 92.60	120.60	 73.38	154.73	 98.24	116.73	 79.55	 77.76	119.25	nan	136.20		Charina_bottae 8
									  0.00	165.14	110.07	162.75	nan	117.24	116.40	123.95	 71.28	141.56	115.92	 97.46	nan	 97.03	185.79	106.44	 98.44	112.73	112.93	217.81	nan	107.45	104.15	171.17	157.57	151.05	120.37	 95.17	137.41	155.70	101.57	107.05	194.09	 87.93	164.47	-nan	103.31	 95.66	nan	 96.37	120.63	 72.66	123.63	107.24	195.50	 76.22	129.23	111.73		Shinisaurus_crocodilurus 9
										  0.00	 97.49	 74.34	 99.32	279.36	 94.83	121.61	113.64	 82.09	115.87	162.27	 81.24	113.11	134.37	 78.38	inf	110.26	150.34	 81.01	 71.20	115.97	 77.10	118.87	 87.71	 54.01	120.85	218.61	 90.08	120.04	 76.17	 82.52	 61.76	178.29	 65.53	125.97	153.73	 95.34	 90.06	 73.46	inf	103.92	128.24	 68.42	 67.95	 98.66	106.12	107.96		Ophiophagus_hannah 10
											  0.00	 67.48	216.88	 80.41	 67.95	 99.52	 57.82	 89.79	 70.28	 95.09	 99.78	 85.35	115.51	 87.42	102.58	 69.25	 96.45	123.62	 94.80	 87.82	 68.89	 87.08	 60.79	 79.31	 54.34	 98.41	 77.86	111.20	114.50	 88.95	 94.16	107.37	107.79	174.07	105.17	 50.04	110.81	115.11	 49.97	 87.46	153.99	115.28	 70.28	 92.27	161.37	 87.14		Anolis_sagrei 11
												  0.00	306.14	 96.84	 75.68	112.29	 70.68	119.31	111.33	111.25	102.17	 71.61	100.14	 64.72	227.16	 42.41	 97.92	 83.08	106.06	103.49	 13.34	128.60	 97.96	102.86	 90.05	 47.72	100.92	120.44	 92.10	 90.84	139.35	inf	124.43	182.32	 45.46	 96.83	 80.51	151.67	nan	 95.88	116.51	 95.15	155.64	 88.77	104.19	 38.18		Lacerta_bilineata 12
													  0.00	 96.74	128.59	141.10	128.04	 79.01	nan	101.16	121.85	119.33	191.16	127.05	190.06	-nan	 97.44	 77.33	114.93	103.88	210.49	119.51	139.14	 96.55	125.16	134.71	-nan	nan	183.75	nan	 92.70	-nan	114.11	nan	 91.93	126.58	 86.20	118.54	146.44	148.41	112.42	nan	152.00	136.02	170.56	144.03		Imantodes_cenchoa 13
														  0.00	136.85	 99.27	103.16	111.43	140.12	108.41	134.42	128.08	104.46	135.43	nan	 93.03	 75.41	131.30	172.01	118.23	 82.40	106.38	132.09	124.39	123.38	 76.78	110.64	106.25	145.64	101.48	134.89	122.69	167.72	147.75	 71.71	106.78	115.65	106.69	126.58	 97.25	101.29	 96.95	148.04	122.69	159.61	 92.61		Phrynocephalus_versicolor 14
															  0.00	 77.73	 69.06	 90.21	105.56	 84.30	122.53	 73.36	148.87	108.38	 79.62	 54.95	109.15	122.86	114.68	108.50	 88.22	113.72	130.34	128.94	 97.91	 80.28	120.94	160.64	107.77	 93.56	151.22	105.96	178.29	101.70	123.02	 87.74	 93.19	118.20	 80.69	 74.26	 90.48	133.49	 93.68	 85.58	 93.66	 79.47		Cryptoblepharus_egeriae 15
																  0.00	 80.78	 86.17	 60.08	 35.02	162.61	 88.96	110.49	inf	 85.46	139.06	160.94	154.29	147.06	124.59	 95.33	102.27	 78.74	130.44	 78.40	100.47	125.52	123.29	 87.31	 60.50	162.84	102.60	inf	156.23	137.74	 78.57	113.16	197.80	 84.21	 85.09	104.60	107.86	125.57	 66.14	109.96	139.73		Iguana_delicatissima 16
																	  0.00	110.99	 93.22	 88.04	192.93	 75.40	148.87	112.88	114.33	 66.52	118.67	114.84	nan	 93.06	 61.01	126.91	 80.20	113.08	 54.79	100.93	269.49	153.04	 87.39	102.77	153.98	 75.98	142.01	167.22	108.97	 77.45	195.03	118.00	 75.20	 75.69	 84.70	134.15	146.96	 54.78	137.33	 95.52		Anolis_carolinensis 17
																		  0.00	 95.85	 99.79	 73.19	 98.33	nan	 74.85	104.47	128.41	 93.20	 88.46	 71.38	112.72	124.70	 71.36	111.48	 71.05	143.92	132.61	 76.93	 90.06	125.12	nan	 76.72	107.42	 94.01	123.71	 80.66	 78.41	 81.11	 75.48	125.12	143.31	117.69	 95.45	 86.02	150.00	inf	126.02		Myanophis_thanlyinensis 18
																			  0.00	 93.31	168.59	119.96	158.54	146.62	 80.20	102.02	124.47	nan	137.46	114.42	102.74	117.90	 89.30	 97.91	135.82	116.78	149.21	 93.58	108.63	 72.93	inf	101.08	nan	143.56	148.73	 82.50	163.63	nan	 65.13	105.44	130.44	 92.13	 89.01	109.59	 82.62	114.03		Cyclura_pinguis 19
																				  0.00	190.29	121.91	 78.65	146.33	105.57	114.06	106.62	107.65	167.76	126.17	177.27	125.55	109.97	122.64	 68.10	100.52	 99.84	116.68	141.66	111.02	inf	117.87	inf	211.33	 81.36	 68.31	108.49	171.29	127.51	134.63	 83.68	 99.32	149.18	 62.09	166.72	110.71		Ctenosaura_bakeri 20
																					  0.00	 99.55	126.01	 60.85	148.51	118.99	 67.10	 62.08	 38.14	192.15	112.78	 96.73	154.89	 89.74	131.69	118.88	 81.23	127.84	nan	133.98	 70.81	 92.72	 61.32	155.00	172.91	 94.02	 42.48	 96.09	nan	nan	141.34	102.72	 80.28	121.85	 98.46	118.56		Ptyas_mucosa 21
																						  0.00	100.93	 70.01	110.34	 92.23	111.83	130.20	 96.99	 91.14	 52.27	104.26	 74.49	 93.87	 70.48	 78.82	 79.07	109.10	 98.58	 94.97	187.12	 96.31	132.90	nan	101.40	 85.70	 80.37	126.07	134.45	 87.91	 83.89	 83.79	122.51	 85.16	113.80	 86.30		Lerista_edwardsae 22
																							  0.00	 95.84	445.27	 87.20	 87.26	113.43	156.19	192.44	136.47	 97.42	107.77	177.53	114.55	105.22	 83.65	189.30	132.90	 82.85	182.42	158.54	122.15	152.67	 82.07	111.86	146.95	171.29	142.88	153.76	 87.61	 72.78	nan	 82.64	129.52	157.26		Lepidodactylus_listeri 23
																								  0.00	146.35	 86.40	 73.21	 68.33	 63.21	 77.44	 64.49	106.34	 98.65	 74.16	161.37	101.16	 36.66	 99.27	130.47	130.10	112.50	108.38	 67.78	nan	100.06	111.68	 65.23	118.65	162.98	120.91	103.96	102.35	 87.39	nan	 93.35	100.58		Bothrops_jararaca 24
																									  0.00	138.96	129.16	inf	159.02	114.16	180.67	inf	132.96	203.40	166.12	162.70	-nan	 82.97	116.94	 94.96	170.41	224.00	202.69	121.42	141.25	122.45	159.29	139.72	116.41	 95.23	135.55	147.57	114.95	185.52	 66.52	131.07		Varanus_komodoensis 25
																										  0.00	 95.65	115.02	nan	115.88	 50.64	179.67	 91.98	155.17	 99.94	 70.00	 90.52	115.18	 85.56	106.23	140.76	nan	133.76	129.28	 76.80	 68.21	170.46	143.09	nan	103.31	105.93	103.67	nan	103.85	 95.84	 28.21		Podarcis_muralis 26
																											  0.00	 97.08	 75.76	105.53	101.61	143.42	106.18	108.71	117.30	 81.77	 74.13	 96.45	161.95	122.88	-nan	143.61	102.44	120.88	 76.45	 80.50	 72.73	112.69	175.12	152.34	 97.42	140.38	107.14	 93.88	110.52	128.61		Morelia_viridis 27
																												  0.00	 73.31	 92.30	117.17	100.34	124.82	114.01	 75.96	120.74	116.28	120.81	142.66	207.73	 70.13	103.28	 73.57	nan	 89.86	111.54	 67.39	114.00	113.46	241.28	 99.12	135.10	 99.97	 92.18	129.70	101.25		Diadophis_punctatus 28
																													  0.00	139.88	100.20	 58.24	129.51	 68.93	126.60	133.68	 78.80	111.91	108.20	106.83	 69.84	 96.99	 65.96	166.41	137.30	 90.72	 39.64	 85.48	inf	164.55	114.43	 88.23	 35.46	152.64	 90.85	145.46		Pantherophis_guttatus 29
																														  0.00	 96.64	120.67	 94.94	 78.95	 95.00	146.15	 81.35	123.62	130.49	142.36	210.61	202.35	104.11	127.22	111.06	100.19	111.20	nan	 75.65	 92.13	119.33	146.55	117.55	116.38	115.35	182.95		Aspidoscelis_marmoratus 30
																															  0.00	120.13	 91.69	112.55	 98.12	 46.80	109.45	110.09	 84.49	 92.65	144.45	137.58	136.08	163.50	 71.22	 98.19	116.63	134.07	174.38	 72.26	 97.07	 94.43	118.99	 88.78	137.84	 45.59		Lacerta_viridis 31
																																  0.00	106.86	 60.79	102.25	-nan	100.34	179.81	 93.67	 88.48	 66.62	120.84	-nan	206.38	155.49	 98.87	 90.92	126.48	104.50	inf	141.79	 79.40	 92.20	123.98	156.00	146.64		Boaedon_fuliginosus 32
																																	  0.00	 95.04	 58.96	212.53	106.31	120.51	103.73	145.90	172.64	170.29	110.36	121.92	229.26	 24.89	109.65	103.25	109.04	103.39	138.49	 66.89	 93.06	 59.87	184.04	151.09		Phrynosoma_platyrhinos 33
																																		  0.00	102.63	117.90	 58.36	100.82	110.36	 87.60	 55.30	 87.78	 84.24	175.33	126.79	 80.53	 81.33	 78.68	 81.30	135.42	105.80	 73.08	 68.87	113.81	 92.44	137.27		Naja_naja 34
																																			  0.00	158.13	131.03	133.84	 94.85	112.96	168.53	 90.73	171.51	146.98	105.29	 60.16	114.04	inf	 71.93	 93.47	 99.57	 87.58	 93.09	 24.75	127.29	106.82		Sceloporus_tristichus 35
																																				  0.00	 90.58	114.35	-nan	 96.40	187.98	141.30	101.80	170.88	 41.90	122.14	101.21	137.71	158.28	144.56	 81.74	 86.61	122.83	143.14	134.42	 65.89		Lacerta_agilis 36
																																					  0.00	112.90	158.21	120.41	 89.59	115.09	 98.47	nan	 83.29	 95.50	 75.96	150.33	142.07	155.34	 91.38	 91.00	 80.40	168.36	133.63	107.87		Protobothrops_mucrosquamatus 37
																																						  0.00	 97.12	 84.42	126.00	 97.23	141.02	105.77	 83.58	156.77	184.79	128.03	141.71	100.87	115.04	124.01	 84.81	nan	 77.13	114.08		Pogona_vitticeps 38
																																							  0.00	 75.38	115.04	nan	156.06	162.53	152.45	133.69	143.34	112.30	116.29	126.67	130.86	133.76	151.86	 87.93	 93.42	 86.59		Gekko_japonicus 39
																																								  0.00	134.36	101.08	231.92	154.37	107.67	145.40	152.43	nan	 88.25	 80.96	 75.58	 74.68	102.34	107.47	 72.50	125.32		Sphaerodactylus_townsendi 40
																																									  0.00	174.35	100.32	112.45	115.59	128.27	-nan	 69.23	125.59	nan	163.33	 84.95	 89.56	nan	 98.50	 85.89		Bungarus_multicintus 41
																																										  0.00	126.72	nan	inf	139.17	110.12	nan	116.94	104.29	106.23	102.65	 88.16	 97.66	169.93	inf		Paroedura_picta 42
																																											  0.00	nan	102.53	123.35	 76.27	 97.78	inf	inf	127.28	 91.51	 72.00	inf	160.51	144.00		Crotalus_tigris 43
																																												  0.00	-nan	-nan	183.01	 92.96	 94.42	143.32	150.22	147.45	128.39	169.87	 99.44	141.40		Sphenodon_punctatus 44
																																													  0.00	105.29	111.47	169.28	188.56	157.91	 92.12	 87.11	-nan	162.10	111.90	 48.54		Zootoca_vivipara 45
																																														  0.00	 83.21	 77.76	117.88	 81.06	190.12	 62.44	 79.64	 56.73	154.66	106.82		Phrynosoma_blainvillii 46
																																															  0.00	106.02	nan	300.87	132.03	102.20	 59.15	122.73	136.92	108.03		Pituophis_catenifer 47
																																																  0.00	nan	155.43	-nan	117.34	 77.22	125.52	160.69	156.31		Tropidonophis_doriae 48
																																																	  0.00	111.34	135.53	128.70	 66.33	102.70	 99.93	159.51		Salvator_merianae 49
																																																		  0.00	108.48	112.55	129.79	 92.07	106.16	106.18		Eublepharis_macularius 50
																																																			  0.00	 90.15	113.47	114.99	 86.26	125.10		Hemicordylus_capensis 51
																																																				  0.00	 90.19	 77.03	 82.64	101.90		Plestiodon_gilberti 52
																																																					  0.00	105.01	118.88	inf		Laticauda_colubrina 53
																																																						  0.00	122.43	148.14		Sceloporus_occidentalis 54
																																																							  0.00	 89.50		Varanus_salvator 55
																																																								  0.00		Podarci_raffonei 56
