Distance Matrix
---------------

Using the Tamura correction method
Using base positions 3 in the codon
Gap weighting is 0.000000

	    1	    2	    3	    4	    5	    6	    7	    8	    9	    10	    11	    12	    13	    14	    15	    16	    17	    18	    19	    20	    21	    22	    23	    24	    25	    26	    27	    28	    29	    30	    31	    32	    33	    34	    35	    36	    37	    38	    39	    40	    41	    42	    43	    44	    45	    46	    47	    48	    49	    50	    51	    52	    53	    54	    55	    56
	  0.00	 83.73	128.12	 87.69	111.72	 84.39	 83.36	 88.46	121.79	 75.42	110.74	100.06	 82.62	124.26	127.56	 96.61	114.11	 85.03	101.11	109.00	 50.50	103.57	112.82	 83.84	128.98	109.69	 88.30	 79.18	 49.15	119.85	115.51	 84.96	106.74	 87.32	107.38	128.85	 85.39	102.70	126.95	 92.90	 84.38	114.32	 80.28	114.01	125.45	100.12	 56.07	 76.06	110.91	107.36	110.81	105.83	 86.95	 92.98	118.48	118.30		Arizona_elegans 1
		  0.00	103.46	 59.30	 95.59	 73.12	 76.64	 65.04	122.46	 58.67	 93.39	112.31	 57.67	 95.44	 78.79	 81.63	117.64	 62.93	 85.67	 72.88	 73.33	 97.35	 99.78	 72.88	106.29	124.24	 69.56	 56.73	 76.07	109.02	117.54	 69.31	 96.35	 84.88	 81.71	112.77	 65.65	 84.54	 84.26	 85.14	 79.12	103.36	 61.41	100.88	138.60	 86.11	 68.69	 75.01	 94.12	122.50	 98.23	 84.17	 84.70	 88.10	 98.76	108.66		Thermophis_baileyi 2
			  0.00	 86.02	 91.47	109.10	108.34	 93.06	109.92	101.86	 87.85	109.66	104.10	109.64	 86.76	 70.23	110.52	106.19	 76.51	 73.76	115.96	 80.13	 91.68	113.80	102.34	117.51	100.46	113.09	107.45	103.19	111.91	102.71	 84.53	100.12	 77.90	 98.05	114.76	 90.92	 94.70	 91.09	123.97	102.32	112.02	 96.46	106.63	 91.15	105.35	105.56	 97.47	101.76	 87.37	 97.76	119.89	 83.03	 90.91	104.75		Elgaria_multicarinata 3
				  0.00	116.36	 56.39	 75.88	 58.94	103.53	 60.45	 87.78	 88.18	 55.02	128.59	 85.63	 68.51	 91.97	 61.15	 74.05	 83.16	 55.98	 86.03	 84.33	 59.26	116.44	116.17	 65.82	 66.86	 68.47	105.90	101.55	 58.36	 78.79	 69.08	105.77	 83.48	 66.69	 98.19	130.34	 72.83	 65.30	 98.45	 64.18	 94.17	149.84	 96.75	 61.06	 64.80	104.90	 89.62	 96.30	 94.32	 64.52	 78.81	 90.20	 87.47		Thamnophis_elegans 4
					  0.00	105.73	 95.62	108.47	108.88	 96.56	 85.18	 89.35	108.17	105.39	 88.76	 82.27	102.48	 94.35	 64.02	 84.22	 88.60	 80.00	 76.24	101.06	 85.73	107.37	 99.29	107.38	113.09	 32.38	106.23	123.61	 92.10	103.98	 88.75	100.77	114.12	104.93	 97.50	 96.54	113.51	 96.16	121.25	 95.97	114.18	 89.35	116.12	106.81	 85.55	110.22	104.65	 94.11	116.93	 91.11	 85.91	 85.27		Aspidocelis_tigris 5
						  0.00	 70.86	 82.18	105.42	 80.01	106.14	 98.44	 67.87	114.92	 91.69	 77.72	 89.29	 81.93	 75.71	 81.22	 77.51	 84.09	 88.39	 57.88	 99.44	117.80	 79.04	 68.96	 81.24	 94.34	108.77	 82.51	 98.97	 79.91	 88.54	104.00	 55.18	 96.90	 93.98	 90.41	105.51	114.86	 66.76	110.46	138.42	104.85	 74.11	 69.98	103.91	101.01	111.09	104.70	 93.53	 83.85	 96.68	133.16		Azemiops_feae 6
							  0.00	 84.96	122.01	 72.37	 97.80	107.01	 79.80	118.99	 98.06	 92.21	111.93	 83.33	 75.29	 91.82	 83.57	 93.72	 90.79	 80.65	108.85	117.33	 85.54	 70.65	 83.60	 88.08	114.96	 86.03	104.49	 88.68	 82.51	143.23	 77.32	104.65	 88.32	 96.87	 84.80	117.84	 74.68	110.82	120.72	 92.87	 76.06	 69.44	118.41	108.93	122.74	108.63	 83.21	 89.77	112.01	 98.61		Daboia_siamensis 7
								  0.00	116.89	 71.67	 93.73	 94.81	 66.33	 96.80	 76.61	 74.59	108.31	 67.43	 75.39	 79.20	 71.71	 92.43	 86.36	 70.99	100.17	126.65	 61.03	 76.27	 84.50	102.14	105.21	 77.72	 99.12	 76.31	 83.04	 87.16	 74.65	 89.72	 96.20	 89.49	 89.32	106.14	 72.86	 93.51	113.98	 89.96	 81.14	 69.11	100.70	102.50	107.86	 95.19	 81.07	 85.03	 88.52	 99.34		Charina_bottae 8
									  0.00	124.47	 90.42	103.34	 93.13	102.95	 87.09	 90.57	112.30	101.33	 80.79	 89.94	119.02	 96.17	100.26	127.42	 92.01	118.18	 99.08	146.90	121.71	 94.89	104.45	124.74	 83.54	106.14	 90.73	 84.90	141.21	115.55	131.41	101.83	196.87	113.03	141.67	 88.87	116.02	 88.76	139.13	147.98	 93.53	 96.81	 94.23	 92.15	122.11	103.99	107.26	105.74		Shinisaurus_crocodilurus 9
										  0.00	103.90	101.81	 69.51	100.69	 95.25	 91.94	107.78	 58.76	 79.50	 85.20	 63.68	 87.44	103.17	 67.14	 93.93	119.35	 67.37	 68.41	 66.49	100.18	124.60	 89.44	 97.10	 53.65	 96.97	116.59	 62.54	 89.46	 91.51	 87.82	 83.98	112.81	 69.84	115.29	134.89	 95.85	 71.50	 64.22	 97.97	115.86	113.23	 94.74	 73.97	101.60	 93.85	113.63		Ophiophagus_hannah 10
											  0.00	 85.91	103.71	103.30	 92.20	 76.81	 82.09	 91.67	 76.62	 86.45	 95.74	 76.88	 75.34	111.42	 93.93	 99.05	 90.36	 96.80	104.91	 95.76	 93.35	105.53	 69.34	112.87	 80.21	 93.70	108.85	 94.87	100.84	113.39	105.09	 89.99	112.49	106.16	111.03	 67.63	107.98	 93.75	 88.72	 74.87	 78.38	 87.02	102.89	 78.85	 80.11	110.57		Anolis_sagrei 11
												  0.00	107.11	113.91	102.49	 79.91	 90.50	 94.12	 87.75	 82.35	122.07	 85.91	 98.69	106.42	110.41	 69.89	102.95	105.32	109.83	 94.42	 17.98	115.20	 85.97	127.39	 88.71	 51.29	110.16	107.90	101.74	 83.67	116.65	106.01	108.03	113.82	 77.26	 92.42	122.62	 86.83	100.94	105.31	109.73	 92.02	117.80	 86.53	108.25	 74.70		Lacerta_bilineata 12
													  0.00	106.51	 91.60	 81.28	106.82	 68.36	 79.82	 71.00	 75.44	 89.05	 95.73	 76.28	103.89	120.50	 75.07	 68.05	 74.18	109.68	111.25	 74.22	 93.28	 78.76	 85.58	106.65	 69.07	 96.36	 98.41	 85.68	 99.29	105.53	 74.62	 97.11	145.32	 94.07	 79.19	 68.05	120.02	123.69	108.43	104.53	 75.57	 92.27	 94.39	110.35		Imantodes_cenchoa 13
														  0.00	104.34	 80.40	126.77	105.85	 88.80	 84.77	 95.34	 93.61	103.50	110.07	 92.57	112.34	 91.90	112.71	109.32	102.52	114.60	106.64	 93.47	103.81	100.95	113.20	105.52	 89.81	108.34	 95.94	143.24	113.76	119.38	107.51	130.08	 99.29	120.65	112.52	110.34	100.31	123.03	 95.95	110.34	 90.25	 94.19	113.72		Phrynocephalus_versicolor 14
															  0.00	 67.80	 95.46	 92.60	 70.63	 66.47	 99.12	 67.51	 82.90	 94.86	102.09	106.03	 82.87	107.84	 99.93	 93.07	105.20	 88.68	 91.94	103.58	 81.27	103.93	 89.84	 79.01	 85.21	 93.49	131.02	 83.71	111.08	 94.21	124.62	 82.08	100.78	 98.72	 82.18	109.76	 79.81	 79.45	115.66	 88.91	 80.13	 89.57		Cryptoblepharus_egeriae 15
																  0.00	 85.00	 80.02	 44.56	 39.19	 94.13	 66.77	 67.59	 88.39	 80.89	 93.97	 78.36	 89.86	 90.31	 83.02	 81.65	 96.14	 77.23	109.76	 68.10	 99.30	 91.17	 85.78	 74.01	 75.24	 95.28	 76.97	 89.21	 88.63	106.14	 75.64	110.97	 77.37	 80.09	 86.73	 78.05	 81.94	105.18	 70.47	 68.44	 86.93		Iguana_delicatissima 16
																	  0.00	 96.78	 94.18	 89.43	103.50	 97.95	 97.06	109.16	119.35	103.98	135.95	119.17	 98.00	106.79	 92.40	109.58	 78.74	107.14	 82.94	103.65	116.54	117.68	107.48	106.02	164.11	114.44	110.30	121.91	104.61	 80.97	 94.27	109.00	121.31	100.77	 95.40	105.64	 98.47	 92.05	 93.37	103.03		Anolis_carolinensis 17
																		  0.00	 66.45	 75.79	 76.27	 89.48	 98.57	 90.80	101.45	125.57	 79.02	 77.93	 79.69	 86.10	106.80	 68.62	 97.15	 78.15	 87.45	103.22	 79.19	 86.48	108.33	 84.41	102.42	 97.79	 81.32	 95.85	109.66	 98.31	 79.50	 64.01	 96.18	114.51	 99.68	 88.92	 86.63	 81.93	 94.75	111.98		Myanophis_thanlyinensis 18
																			  0.00	 48.63	 88.42	 72.99	 77.93	 86.89	 80.61	100.92	 72.45	 88.94	 94.16	 75.20	 99.03	100.56	 83.85	 83.83	 68.65	 87.62	 81.02	 85.18	 80.95	 82.83	 98.89	 73.32	 95.07	 83.90	117.34	 82.83	100.87	 86.56	 85.36	 92.54	 94.19	 76.72	104.51	 74.34	 73.10	 88.62		Cyclura_pinguis 19
																				  0.00	 85.74	 74.27	 82.04	 86.14	 75.42	 94.14	 85.71	 87.93	 90.07	 86.78	 93.77	101.94	 81.74	 91.16	 61.11	 86.14	 82.06	 78.53	 80.29	 73.43	115.11	 75.84	 87.15	 81.45	114.61	 74.64	 99.66	 90.60	 85.54	 89.81	 79.24	 72.19	 91.22	 63.11	 79.81	 80.41		Ctenosaura_bakeri 20
																					  0.00	 93.07	 90.81	 76.88	106.83	125.44	 67.48	 66.85	 50.60	 83.30	113.55	 75.47	 84.40	 79.81	 87.69	126.13	 80.93	 94.70	 93.98	 97.51	 82.31	109.50	 77.49	108.50	118.95	 82.17	 47.32	 76.99	107.33	 99.63	 82.22	 85.98	 83.80	 85.91	 94.49	121.82		Ptyas_mucosa 21
																						  0.00	 76.93	 91.88	112.04	 87.38	 97.37	108.11	106.76	 77.54	 87.46	106.83	 82.33	 93.70	 73.20	 88.43	 92.06	 79.69	 81.12	 80.51	116.23	 95.90	 93.99	 90.78	112.34	 82.49	 92.71	 98.49	 81.34	 97.14	 81.69	 73.24	103.34	 77.52	 87.59	 84.66		Lerista_edwardsae 22
																							  0.00	 97.34	 96.79	102.68	 83.79	102.88	 85.17	 81.89	 96.76	107.56	101.85	 93.96	 77.42	 99.25	 95.84	 92.41	 83.22	 82.95	112.13	 96.21	 98.75	 95.07	117.93	 88.58	 98.20	 81.68	 81.45	103.33	 98.07	 92.25	110.83	 77.84	 86.38	 91.08		Lepidodactylus_listeri 23
																								  0.00	101.32	118.92	 85.72	 69.31	 76.01	101.77	110.60	 99.06	107.39	 87.10	111.00	106.72	 59.55	 97.31	 91.57	 89.31	104.11	109.62	 61.09	128.40	129.65	118.81	 76.48	 79.89	103.40	108.64	136.34	107.84	 87.98	103.03	109.47	111.64		Bothrops_jararaca 24
																									  0.00	122.09	106.73	141.58	119.64	 85.14	116.17	135.45	 87.98	110.34	 90.55	119.62	 96.71	 89.71	106.17	 97.33	126.78	 92.88	117.65	110.10	119.78	 87.49	141.23	 95.28	 96.34	111.70	110.21	110.55	 98.26	 85.50	 58.09	103.90		Varanus_komodoensis 25
																										  0.00	138.92	101.53	107.89	119.14	 80.72	133.39	 85.97	142.11	 92.87	 71.87	114.28	121.98	 99.92	113.44	107.68	 99.95	113.40	119.14	 76.70	102.66	115.99	116.17	106.06	110.20	110.59	108.28	107.24	100.77	131.78	 39.30		Podarcis_muralis 26
																											  0.00	 80.49	 78.62	101.30	 95.76	 78.84	108.33	 81.53	 82.03	106.17	 80.61	 86.06	 99.38	 83.30	 88.11	102.30	 85.60	 97.53	136.94	 79.10	 75.32	 69.04	 85.15	100.05	 99.15	 86.56	 92.30	 85.17	 89.33	108.85		Morelia_viridis 27
																												  0.00	 68.79	115.06	110.43	 84.77	106.17	 80.37	 91.32	119.01	 72.05	116.17	104.95	 91.48	 86.68	125.23	 69.96	123.73	112.87	101.36	 56.05	 72.28	110.40	123.17	120.81	 97.24	 86.94	 92.24	101.52	121.89		Diadophis_punctatus 28
																													  0.00	109.82	114.12	 69.39	104.13	 96.64	 92.31	131.40	 75.27	 88.80	107.52	 91.02	 85.55	109.51	 89.79	102.35	112.52	104.39	 32.98	 65.40	 99.64	111.27	113.98	 84.47	 80.79	 95.56	112.51	116.43		Pantherophis_guttatus 29
																														  0.00	 90.81	120.50	 98.15	111.24	 93.17	110.55	114.98	 91.85	 92.22	 89.94	118.65	110.27	128.63	103.95	104.98	 87.07	119.61	 98.11	 84.92	 97.65	 98.79	 91.36	121.24	 86.10	 83.70	 91.83		Aspidoscelis_marmoratus 30
																															  0.00	120.99	 84.81	134.22	 89.36	 55.42	106.64	109.08	102.50	102.70	100.86	124.16	120.91	119.73	 94.98	 88.36	122.82	 94.66	113.95	107.27	 92.68	 97.70	128.59	 93.74	108.98	 72.86		Lacerta_viridis 31
																																  0.00	103.70	 86.66	 94.09	122.43	 89.71	 95.57	105.32	 93.36	102.60	147.73	 78.89	110.26	120.60	 89.54	 80.08	 75.79	113.15	114.02	108.86	 99.13	 99.32	 95.87	109.23	131.86		Boaedon_fuliginosus 32
																																	  0.00	101.68	 80.21	 87.69	 99.12	103.55	 100.00	103.37	121.03	 98.33	109.02	 98.79	110.72	 43.78	106.29	103.91	106.00	 93.90	 98.03	 72.96	103.64	 65.21	 94.14	 80.13		Phrynosoma_platyrhinos 33
																																		  0.00	 95.09	112.30	 78.12	 92.39	104.69	 87.03	106.58	137.52	 87.86	109.16	189.79	107.61	 94.09	 94.59	106.88	116.61	 99.28	110.11	 77.21	 99.60	111.11	113.69		Naja_naja 34
																																			  0.00	 89.38	 90.40	 93.57	 85.05	 80.31	109.52	 85.19	107.13	 82.09	104.02	 63.50	 92.16	 90.57	 87.35	104.03	 84.38	 74.34	 96.22	 43.95	 89.74	 87.68		Sceloporus_tristichus 35
																																				  0.00	119.70	121.44	 91.17	110.62	126.30	110.08	123.11	105.11	 83.73	105.56	116.16	115.89	114.99	 98.90	101.62	 97.22	125.16	107.22	 93.50	 74.56		Lacerta_agilis 36
																																					  0.00	 90.74	 94.32	 89.53	 82.04	109.72	 75.32	113.02	135.07	 93.65	 74.34	 77.69	101.84	134.56	111.50	113.17	101.79	 96.39	103.54	125.48		Protobothrops_mucrosquamatus 37
																																						  0.00	 96.08	 86.05	113.67	 97.16	107.05	 87.25	137.56	 83.56	 89.34	106.34	 84.21	113.91	 99.75	104.91	 96.62	 89.97	 92.02	119.64		Pogona_vitticeps 38
																																							  0.00	 97.16	107.83	 99.22	103.53	117.71	122.15	103.73	103.03	 96.92	 90.88	107.91	112.62	 78.79	101.38	100.18	 93.16	 88.94		Gekko_japonicus 39
																																								  0.00	124.56	 94.82	 88.57	 89.95	117.77	 89.80	 93.98	 84.09	 95.68	125.10	 89.12	 82.83	 91.19	 91.30	 84.04	 96.14		Sphaerodactylus_townsendi 40
																																									  0.00	114.90	112.56	129.54	130.97	109.97	 91.41	 88.09	115.35	123.18	113.73	158.07	 85.27	122.95	116.06	 98.52		Bungarus_multicintus 41
																																										  0.00	113.23	 94.42	108.53	 95.20	117.97	 97.02	 99.11	102.50	 99.78	 92.18	110.69	 89.60	 89.23	 89.79		Paroedura_picta 42
																																											  0.00	115.77	111.26	103.59	 84.00	 80.28	100.42	116.14	 97.55	107.75	101.99	 97.12	107.72	122.24		Crotalus_tigris 43
																																												  0.00	144.23	 96.79	109.57	 99.40	 99.87	 89.50	 85.82	113.90	104.77	 88.27	108.20	102.07		Sphenodon_punctatus 44
																																													  0.00	131.74	110.12	118.93	115.92	117.77	100.02	119.72	126.03	107.01	127.87	 89.23		Zootoca_vivipara 45
																																														  0.00	114.94	 92.54	 97.73	 93.97	 92.85	 73.32	107.58	 72.01	 90.99	 83.60		Phrynosoma_blainvillii 46
																																															  0.00	 72.39	103.49	124.25	113.51	110.96	 79.84	 91.51	122.77	137.33		Pituophis_catenifer 47
																																																  0.00	 99.97	100.31	116.59	105.71	 75.38	 86.07	 89.94	101.93		Tropidonophis_doriae 48
																																																	  0.00	102.81	 93.96	111.99	106.01	 94.31	103.15	 98.67		Salvator_merianae 49
																																																		  0.00	 90.50	114.27	107.84	104.92	101.22	127.19		Eublepharis_macularius 50
																																																			  0.00	 94.68	112.76	 85.91	 98.23	103.57		Hemicordylus_capensis 51
																																																				  0.00	106.98	 77.66	 89.82	 97.75		Plestiodon_gilberti 52
																																																					  0.00	 86.96	114.23	111.70		Laticauda_colubrina 53
																																																						  0.00	 89.42	 98.28		Sceloporus_occidentalis 54
																																																							  0.00	 99.83		Varanus_salvator 55
																																																								  0.00		Podarci_raffonei 56
