Distance Matrix
---------------

Using the Tamura correction method
Using base positions 3 in the codon
Gap weighting is 0.000000

	    1	    2	    3	    4	    5	    6	    7	    8	    9	    10	    11	    12	    13	    14	    15	    16	    17	    18	    19	    20	    21	    22	    23	    24	    25	    26	    27	    28	    29	    30	    31	    32	    33	    34	    35	    36	    37	    38	    39	    40	    41	    42	    43	    44	    45	    46	    47	    48	    49	    50	    51	    52	    53	    54	    55
	  0.00	 83.03	109.23	113.08	 90.43	 73.06	 91.23	119.35	121.02	 80.19	-nan	140.25	101.63	103.29	122.69	102.61	140.87	 94.31	105.26	 98.26	 58.63	 98.99	100.94	101.62	149.92	101.75	 54.19	 46.41	 83.26	119.48	103.44	148.56	 77.66	126.71	117.98	 82.96	101.67	117.65	166.96	102.04	141.00	 83.25	 86.26	116.59	115.01	 73.79	 96.80	110.13	 89.84	106.76	130.25	 77.81	116.23	127.19	138.52		Arizona_elegans 1
		  0.00	119.05	 67.97	 98.78	 63.83	 80.80	119.98	133.13	 73.94	142.84	158.29	 61.15	146.10	 99.34	 96.93	146.59	 65.94	 82.25	 91.81	 83.37	 97.83	158.00	 74.94	162.85	101.93	 53.53	 75.54	 97.04	122.87	106.39	132.59	 63.02	118.37	129.18	 86.53	127.62	115.41	 80.23	 97.58	123.57	 68.07	128.23	178.83	122.36	 59.24	 94.95	 96.58	131.85	116.01	128.72	 73.01	118.41	127.80	132.15		Thermophis_baileyi 2
			  0.00	126.18	 99.36	 94.17	 98.06	145.90	 95.09	109.81	107.85	110.45	102.15	 87.24	108.96	 96.77	108.58	103.93	 80.40	 79.70	134.81	124.90	 81.21	 96.75	 93.80	143.26	108.73	108.11	107.11	101.31	146.55	112.53	 81.22	133.25	140.04	 79.43	103.62	 98.21	166.29	126.02	142.25	124.35	129.53	242.95	 96.64	118.81	114.21	 88.79	101.56	 90.27	145.20	109.18	114.37	122.94	180.07		Elgaria_multicarinata 3
				  0.00	 91.15	 83.00	 80.83	 89.53	120.21	 95.58	199.29	103.07	 85.41	153.36	146.36	127.06	139.06	 78.19	104.76	124.10	171.86	118.28	116.95	 75.02	113.32	 86.34	 80.64	 85.08	 91.69	 84.10	128.14	179.34	 70.71	119.34	102.80	 75.94	 89.02	149.01	110.38	 86.19	116.30	 75.21	111.19	109.37	nan	 89.35	 81.78	103.27	118.88	 88.78	146.58	 87.99	110.09	155.88	117.88		Thamnophis_elegans 4
					  0.00	 87.54	 87.87	 93.01	 90.63	121.21	108.12	 94.72	 82.95	105.44	105.89	111.28	 86.26	122.76	 77.23	 95.79	 98.01	 72.38	 73.38	 86.71	104.82	111.86	126.69	121.43	 26.75	 86.53	105.55	 94.52	102.73	 80.79	 90.40	 83.80	 89.43	 99.40	123.47	117.77	104.23	 84.73	102.03	105.70	104.78	150.56	 86.30	 55.60	 95.09	 77.36	102.37	117.25	 77.81	120.76	115.00		Aspidocelis_tigris 5
						  0.00	 51.75	 80.54	 85.37	 49.84	137.67	134.64	 67.81	105.37	107.97	 88.21	132.46	 77.87	 77.58	 72.91	 84.07	101.65	 81.25	 45.29	134.96	113.68	 57.99	 89.19	 80.06	116.22	 94.64	 94.82	 56.18	101.16	146.93	 40.85	 84.08	104.86	122.85	 99.15	119.50	 49.12	 91.47	 85.79	 79.16	 77.88	 82.48	 76.85	 98.69	126.91	116.70	 78.86	115.99	 88.18	157.40		Azemiops_feae 6
							  0.00	 66.11	104.14	 85.47	185.48	 97.17	105.34	122.12	118.80	134.59	136.46	 72.66	119.91	108.22	131.68	 85.55	115.56	 63.94	202.31	 85.70	 77.33	 94.24	 96.20	103.72	 92.27	156.83	 84.23	143.35	118.34	 52.96	 72.68	107.81	163.50	 67.85	 98.42	 67.08	 87.53	102.48	111.83	 83.11	 89.89	 90.29	114.32	145.26	136.49	 78.35	154.47	149.30	139.19		Daboia_siamensis 7
								  0.00	105.38	 90.81	-nan	129.93	 89.45	 95.33	127.31	104.44	125.48	 72.70	 83.74	 91.37	111.44	 97.46	124.80	 87.96	138.23	 70.35	 94.41	120.27	101.69	118.01	 86.94	115.18	 80.68	107.48	117.58	113.77	100.35	110.07	117.28	 92.62	120.46	 88.52	124.96	 95.93	 84.81	104.98	131.25	 78.80	161.39	109.81	103.88	 83.97	 95.81	109.34	167.03		Charina_bottae 8
									  0.00	104.61	 84.64	116.56	101.87	107.22	100.13	 90.21	113.32	124.19	 65.85	 74.24	152.04	 84.27	 75.94	 90.86	 92.49	129.98	113.13	137.66	 87.76	 94.26	138.70	 99.84	118.96	107.16	118.68	 91.97	 76.51	 98.73	131.98	126.58	145.71	104.95	 91.50	 87.04	 95.86	123.51	108.71	 64.72	106.98	104.05	104.56	117.08	 94.55	107.78	105.99		Shinisaurus_crocodilurus 9
										  0.00	162.32	118.22	 99.36	110.89	111.44	 77.66	125.94	 88.79	 83.04	 70.42	 94.90	122.55	106.10	 77.46	110.90	 99.32	 69.99	 86.42	109.87	101.25	117.56	145.09	 58.84	109.09	128.97	 66.24	 85.38	118.11	131.71	131.20	112.84	 80.70	 98.74	110.36	110.53	 94.79	 78.71	 86.75	105.59	126.54	141.18	 83.90	 93.53	115.59	 96.48		Ophiophagus_hannah 10
											  0.00	260.28	174.39	 73.47	123.82	104.39	 98.13	151.16	 81.40	105.91	-nan	 86.81	 96.42	139.51	103.31	-nan	198.35	-nan	111.31	105.79	-nan	136.09	119.75	102.01	112.12	146.53	120.72	 91.72	192.11	-nan	224.80	144.15	157.60	155.66	 92.45	158.24	148.19	 95.52	150.52	122.12	 80.20	-nan	102.41	337.56	166.34		Anolis_sagrei 11
												  0.00	202.35	130.91	 90.06	109.18	115.03	147.73	128.74	137.24	176.67	122.76	 90.16	110.94	 80.32	120.04	136.89	151.87	111.24	 20.09	113.82	153.05	139.01	107.10	 45.32	128.62	126.61	130.56	173.43	117.35	 93.99	109.05	108.88	 63.89	106.30	-nan	190.70	 88.01	118.87	115.44	107.90	134.76	 93.79	238.96	109.34		Lacerta_bilineata 12
													  0.00	125.63	131.33	 88.54	121.58	 79.75	 86.56	 83.60	 94.30	 88.71	158.65	 60.31	138.98	 96.91	 71.99	127.39	103.96	149.49	100.56	124.49	 74.28	107.91	122.48	100.37	 97.54	102.43	 84.77	 96.72	122.64	 71.00	135.32	122.01	120.36	120.92	 69.29	104.38	117.58	143.38	217.33	 91.57	112.34	133.17	153.28		Imantodes_cenchoa 13
														  0.00	 90.85	101.54	 91.01	125.30	 84.18	 93.88	123.58	 84.60	 92.66	111.53	 94.08	130.66	170.21	134.74	123.89	107.33	161.89	105.14	 80.10	 92.16	103.20	126.66	 98.03	 88.06	129.07	116.46	181.44	159.35	135.32	145.62	 76.32	139.21	163.71	 75.04	108.81	 91.77	 93.88	139.03	 77.05	100.87	-nan		Phrynocephalus_versicolor 14
															  0.00	 72.91	135.99	106.79	 66.57	 72.87	100.33	 85.23	 92.23	106.65	117.48	150.01	130.32	111.91	113.33	108.96	156.29	103.02	 98.21	 84.51	 87.19	142.18	 91.69	125.36	126.13	-nan	115.75	141.28	165.06	117.72	 89.26	118.02	206.31	 90.67	127.61	 99.68	 90.87	120.78	 96.62	 92.13	104.64		Cryptoblepharus_egeriae 15
																  0.00	101.25	108.01	 51.90	 27.73	 99.81	 91.91	104.76	 90.67	 88.41	112.44	104.58	102.22	110.63	 97.79	121.88	 99.79	 78.03	 93.20	106.22	150.06	 76.06	 99.10	144.71	145.12	119.56	 97.22	118.68	117.12	 71.21	116.99	113.04	 82.39	105.77	 90.75	 91.27	 94.23	 85.01	 77.54	118.54		Iguana_delicatissima 16
																	  0.00	150.69	 98.28	108.22	-nan	125.57	109.06	109.35	105.78	105.22	147.25	181.88	112.87	110.20	101.74	 86.60	106.39	134.79	 92.48	164.65	 87.79	133.05	149.20	112.84	126.55	109.46	 92.48	115.03	 81.70	154.30	142.65	 63.08	 97.44	 95.78	 85.19	154.58	 98.72	155.20	104.57		Anolis_carolinensis 17
																		  0.00	 82.52	 80.48	117.92	152.62	109.75	 56.04	119.84	 97.12	 77.84	103.40	134.79	125.08	122.38	187.23	 73.51	110.67	131.54	 70.99	 83.80	107.83	100.25	118.79	138.40	 64.20	111.45	 92.21	150.37	 86.60	 82.78	108.67	156.30	112.69	139.42	 80.13	128.03	133.23	115.15		Myanophis_thanlyinensis 18
																			  0.00	 54.77	110.64	 74.32	 89.53	 93.73	 95.91	150.64	108.73	104.25	 77.12	 93.39	155.70	 89.93	 89.90	 70.35	106.89	 89.22	 84.41	 77.96	133.80	112.26	114.43	 95.08	111.62	152.52	 72.41	 81.54	131.07	 72.44	100.10	 86.50	 77.73	106.20	 68.72	 84.01	138.80		Cyclura_pinguis 19
																				  0.00	 98.54	100.91	 91.35	 72.64	 90.31	114.91	 94.18	116.83	100.40	106.29	168.75	 85.24	 69.30	 65.98	119.28	100.76	 79.27	 90.21	118.97	130.16	122.40	 90.97	 87.66	104.71	 66.78	 95.08	 97.46	 72.49	109.74	 97.92	112.65	 78.26	 85.97	 77.00	105.66		Ctenosaura_bakeri 20
																					  0.00	115.60	126.29	120.33	119.98	136.22	 56.25	 69.98	111.77	131.65	 66.54	233.63	 85.91	 98.11	186.73	 94.48	118.17	106.13	120.05	-nan	147.30	108.87	131.89	105.01	122.27	 87.91	133.64	121.15	133.68	111.28	202.17	 82.88	103.05	133.59	181.46		Ptyas_mucosa 21
																						  0.00	 98.96	116.14	126.41	117.35	113.52	156.91	 78.99	 90.34	135.92	 92.35	112.88	 84.60	 90.91	108.27	 74.55	104.97	117.81	103.97	111.94	113.42	126.10	152.47	 56.99	275.68	125.75	 90.55	 78.90	 93.17	110.69	112.99	 72.05	 98.01	149.17		Lerista_edwardsae 22
																							  0.00	102.72	 91.05	125.19	119.23	103.96	 87.67	 73.50	106.83	118.09	 79.33	131.85	109.87	 93.64	 79.68	 85.39	143.69	101.93	138.98	 95.95	 92.12	112.76	127.74	160.57	116.18	 72.75	 65.53	 68.68	 93.05	161.67	124.25	 83.24	128.24		Lepidodactylus_listeri 23
																								  0.00	 96.66	129.42	 75.83	151.32	 90.93	 88.19	116.62	107.58	 65.88	103.83	125.17	 61.88	 75.89	111.68	 97.54	110.57	178.59	 47.72	115.94	 91.46	 96.93	108.63	 65.51	109.66	149.79	107.41	138.14	 77.15	110.69	120.23	104.31		Bothrops_jararaca 24
																									  0.00	176.37	116.30	282.66	133.90	 55.24	-nan	 92.76	101.53	 97.87	 84.53	152.94	105.31	129.37	129.17	159.73	 94.91	 88.84	235.95	120.24	 99.67	148.21	145.22	120.18	143.04	 90.34	137.21	146.93	101.05	100.42	 66.26		Podarcis_muralis 25
																										  0.00	 79.00	100.27	135.39	106.66	106.83	131.17	 87.07	178.81	 98.85	 98.98	121.82	146.65	119.62	111.52	106.24	106.50	118.18	140.19	108.04	122.25	139.28	 93.04	131.17	151.09	-nan	139.29	133.40	119.55	126.12		Morelia_viridis 26
																											  0.00	 76.01	101.60	102.06	 82.63	135.51	 72.13	106.33	164.34	 73.70	100.88	101.99	 92.52	127.84	129.65	 77.08	 98.60	123.34	109.25	 72.14	104.21	104.76	122.52	109.69	176.79	 60.38	117.35	114.79	128.13		Diadophis_punctatus 27
																												  0.00	 99.82	126.58	100.96	169.33	 90.16	130.83	125.99	 71.49	115.27	117.31	253.50	 87.51	196.77	110.63	 96.24	243.86	182.42	 42.50	113.27	125.08	121.80	113.27	188.16	 76.46	152.61	142.87	135.56		Pantherophis_guttatus 28
																													  0.00	 82.93	202.69	 89.24	113.98	 91.76	 93.04	 89.56	106.14	 98.89	115.72	108.56	182.19	 82.81	 92.36	 98.14	 95.53	134.31	118.67	 89.93	105.24	 82.56	134.72	104.12	101.33	116.05	 98.38		Aspidoscelis_marmoratus 29
																														  0.00	116.77	118.76	106.79	 92.63	 32.10	102.46	115.53	101.67	132.77	119.08	101.23	 86.05	 83.29	 66.95	 86.65	154.79	148.34	 93.14	116.28	 88.88	 91.41	121.92	 83.69	 91.01	 92.60		Lacerta_viridis 30
																															  0.00	-nan	 93.70	115.37	119.60	107.96	141.17	137.98	196.50	101.80	121.09	102.72	126.13	119.55	151.63	193.35	107.68	 88.99	113.27	151.09	133.55	 95.45	137.02	127.73	197.01		Boaedon_fuliginosus 31
																																  0.00	 95.41	 66.06	137.37	133.63	 88.97	 87.54	158.94	169.19	136.73	135.69	112.64	125.15	 33.28	155.43	159.26	104.03	113.52	102.59	122.93	115.40	 85.45	109.66	124.19		Phrynosoma_platyrhinos 32
																																	  0.00	 92.29	124.74	 78.56	 68.53	 87.59	109.65	 73.76	105.49	 76.33	102.73	126.66	 80.30	 83.51	 91.65	 71.71	 95.41	 86.83	110.96	 57.16	107.60	 92.63	130.04		Naja_naja 33
																																		  0.00	113.63	110.98	 77.80	110.95	139.20	222.14	117.78	125.50	147.52	 94.99	 61.06	154.96	127.19	 85.83	134.70	 89.28	102.76	125.93	 39.07	 98.81	132.54		Sceloporus_tristichus 34
																																			  0.00	214.55	116.17	119.50	120.61	193.53	151.63	108.86	 92.48	 95.87	 92.10	341.28	156.20	109.50	119.95	104.39	 85.44	130.85	 89.60	 91.25	106.82		Lacerta_agilis 35
																																				  0.00	 90.93	 83.65	151.96	107.59	126.87	 53.83	122.41	166.77	128.59	 90.18	 89.10	104.06	134.41	134.38	117.74	 81.56	110.87	141.04	130.86		Protobothrops_mucrosquamatus 36
																																					  0.00	 96.89	117.40	110.19	102.49	 99.82	 74.32	148.83	 83.34	101.38	 97.00	 66.19	 81.15	 71.39	108.47	 86.88	 77.12	 98.43	122.92		Pogona_vitticeps 37
																																						  0.00	132.93	148.58	140.90	131.94	122.73	143.39	 81.50	127.10	119.10	 65.95	105.39	 95.04	 85.18	 96.63	 96.07	139.07	118.92		Gekko_japonicus 38
																																							  0.00	252.54	124.94	100.71	155.28	124.89	173.55	243.81	114.53	112.28	202.29	132.25	129.06	171.46	121.12	107.57	139.61		Sphaerodactylus_townsendi 39
																																								  0.00	283.68	 80.15	 86.33	120.11	109.76	 84.52	 88.69	135.44	 65.02	127.18	127.11	 67.65	199.61	157.17	-nan		Bungarus_multicintus 40
																																									  0.00	101.29	183.83	111.05	122.29	206.04	129.87	 91.34	128.25	189.83	133.99	150.04	135.52	139.76	110.19		Paroedura_picta 41
																																										  0.00	104.87	 98.10	126.80	112.72	 80.31	 86.75	125.54	130.81	108.94	 92.65	161.58	132.53	 89.98		Crotalus_tigris 42
																																											  0.00	102.55	 89.48	 94.64	114.29	 96.54	111.63	114.57	121.86	115.07	128.75	133.19	157.40		Sphenodon_punctatus 43
																																												  0.00	 97.65	-nan	109.75	104.34	155.12	141.56	135.94	136.26	143.89	134.86	 85.49		Zootoca_vivipara 44
																																													  0.00	127.77	148.00	 88.00	 90.72	109.35	 97.56	 95.12	 58.23	102.03	136.30		Phrynosoma_blainvillii 45
																																														  0.00	 98.25	111.20	130.31	128.99	181.43	 72.74	163.72	115.23	305.39		Pituophis_catenifer 46
																																															  0.00	112.29	124.83	122.28	134.00	 89.03	156.94	166.79	142.35		Tropidonophis_doriae 47
																																																  0.00	 86.40	100.07	 63.87	 90.87	 88.44	 96.85	138.06		Salvator_merianae 48
																																																	  0.00	 85.46	 92.05	 84.77	111.67	122.76	164.30		Eublepharis_macularius 49
																																																		  0.00	 89.40	118.22	 95.86	 93.37	140.49		Hemicordylus_capensis 50
																																																			  0.00	150.93	 88.44	175.46	152.51		Plestiodon_gilberti 51
																																																				  0.00	141.58	128.14	107.84		Laticauda_colubrina 52
																																																					  0.00	109.96	170.05		Sceloporus_occidentalis 53
																																																						  0.00	172.21		Varanus_salvator 54
																																																							  0.00		Podarci_raffonei 55
