Distance Matrix
---------------

Using the Tamura correction method
Using base positions 3 in the codon
Gap weighting is 0.000000

	    1	    2	    3	    4	    5	    6	    7	    8	    9	    10	    11	    12	    13	    14	    15	    16	    17	    18	    19	    20	    21	    22	    23	    24	    25	    26	    27	    28	    29	    30	    31	    32	    33	    34	    35	    36	    37	    38	    39	    40	    41	    42	    43	    44	    45	    46	    47	    48	    49	    50	    51	    52	    53	    54	    55	    56
	  0.00	 71.88	123.26	 74.49	113.89	 74.26	 93.19	 83.29	124.02	 80.18	107.07	121.64	 79.79	101.54	114.18	110.31	114.68	 81.23	 95.13	114.48	 58.78	 99.98	116.25	 89.67	161.31	116.34	 87.05	 68.35	 43.94	112.75	118.71	 87.68	113.63	 78.15	103.08	130.38	 76.52	120.59	121.83	131.77	 78.73	127.59	nan	108.63	130.08	114.06	 44.27	 79.22	105.73	152.12	111.05	116.15	 78.29	107.67	131.98	115.74		Arizona_elegans 1
		  0.00	 96.42	 61.26	 98.66	 68.37	 74.79	 67.32	 94.81	 62.56	110.05	119.71	 65.31	107.56	102.35	 90.28	104.17	 58.40	 80.44	 83.30	 64.06	 91.94	111.45	 74.69	116.88	112.37	 72.92	 68.95	 56.85	108.68	114.44	 75.22	103.53	 66.08	 97.57	112.75	 65.91	107.70	107.73	 87.13	 73.20	107.27	155.63	105.23	122.68	103.98	 63.66	 73.19	106.98	133.61	 92.83	nan	 73.00	 99.92	107.54	112.97		Thermophis_baileyi 2
			  0.00	 94.52	105.31	110.78	103.23	111.84	105.94	 91.82	131.34	117.02	101.66	139.74	106.83	 75.79	114.78	103.83	 85.42	 89.41	114.86	 94.60	102.41	 97.02	115.48	106.97	112.37	103.85	108.12	103.97	110.50	119.17	108.63	112.17	 98.66	110.29	 94.28	 99.14	111.46	 90.75	112.20	129.48	142.35	111.98	107.12	 93.22	105.58	105.76	122.21	123.28	100.63	145.59	106.39	 99.13	101.30	129.07		Elgaria_multicarinata 3
				  0.00	111.65	 72.32	 81.70	 77.15	 96.79	 81.16	116.85	120.00	 60.20	112.63	106.02	 97.06	115.07	 77.48	 92.13	109.41	 74.59	100.80	112.45	 75.46	139.63	108.18	 66.53	 63.20	 71.34	126.83	110.66	 79.72	105.61	 78.95	 93.84	125.63	 71.54	109.29	122.87	 93.60	 89.79	112.36	nan	108.70	139.71	 93.67	 73.06	 75.36	107.67	112.54	 93.46	120.10	 76.43	 99.56	115.56	115.92		Thamnophis_elegans 4
					  0.00	113.56	105.10	103.82	105.52	 90.65	 99.90	124.71	108.30	112.73	113.21	 86.71	106.21	108.17	 98.73	 81.34	 99.40	 97.49	 95.02	107.08	107.29	123.06	102.72	112.13	 94.67	 27.65	108.90	112.44	 94.88	116.92	104.00	115.18	 99.01	102.52	115.71	115.39	103.64	107.27	191.96	 88.92	110.42	 93.82	107.30	111.29	 77.29	142.87	107.52	170.69	100.56	 99.73	117.18	122.42		Aspidocelis_tigris 5
						  0.00	 74.57	 79.85	 95.50	 69.76	114.37	104.90	 72.00	100.18	101.86	 81.12	131.82	 68.02	 81.92	 91.33	 63.70	 81.18	108.00	 62.20	125.90	118.48	 73.47	 77.82	 72.57	111.83	103.02	 98.78	 96.26	 77.59	107.04	117.44	 55.56	129.61	113.22	 87.23	 72.31	118.36	134.01	106.01	106.46	107.97	 77.04	 75.25	 99.26	130.87	 92.42	157.74	 81.57	 98.76	113.12	104.46		Azemiops_feae 6
							  0.00	 88.61	116.73	 76.37	102.27	 95.83	 83.47	103.56	115.46	 99.62	101.73	 73.00	 98.56	103.65	 86.29	109.44	105.59	 72.24	130.32	105.14	 83.36	 89.42	 73.76	114.66	 92.56	 95.44	107.46	 76.07	 97.98	 95.03	 71.00	122.54	107.90	110.09	 82.98	121.11	122.64	100.05	 99.51	109.26	 80.80	 91.48	110.58	121.64	 98.74	110.82	 76.07	 93.32	117.75	104.46		Daboia_siamensis 7
								  0.00	106.11	 71.97	117.51	105.29	 82.54	109.37	107.20	 89.39	115.54	 71.96	 89.35	 84.42	 82.13	 93.40	100.41	 74.93	122.39	125.17	 67.37	 89.07	 74.49	 98.80	104.58	 89.45	 97.23	 84.98	 92.60	112.28	 73.69	100.40	105.26	 93.57	 97.40	108.21	187.73	109.79	114.76	100.61	 88.28	 75.94	 97.71	120.48	 88.28	163.87	 79.30	 84.43	106.67	109.83		Charina_bottae 8
									  0.00	115.01	123.60	 99.73	103.84	 97.01	 98.61	 92.89	 97.36	 97.92	108.94	100.04	104.51	 85.25	110.33	 95.36	121.21	 98.59	102.06	102.76	107.03	102.16	101.75	123.44	 95.94	108.82	103.73	124.68	 85.01	100.01	121.80	105.86	116.91	114.72	167.58	111.64	111.30	 97.80	114.67	124.97	109.34	112.85	128.92	127.69	113.66	111.57	116.50	102.04		Shinisaurus_crocodilurus 9
										  0.00	107.72	142.34	 69.39	121.84	100.77	 91.46	120.35	 69.03	 77.58	 90.44	 82.56	100.21	102.93	 76.65	110.20	111.91	 70.81	 80.70	 69.31	 90.56	118.18	 93.33	107.09	 58.72	102.54	140.10	 70.32	109.79	108.59	 92.07	 63.82	118.30	148.27	109.75	132.08	 92.20	 82.48	 75.73	118.18	102.26	 89.80	inf	 64.51	100.03	104.22	105.12		Ophiophagus_hannah 10
											  0.00	116.61	125.41	 95.84	113.65	 98.86	102.93	 99.87	 93.85	 89.63	112.73	 93.60	111.15	110.51	134.43	 99.30	112.14	114.29	100.04	111.72	116.31	121.13	 98.25	116.33	103.98	100.47	106.34	109.07	113.40	116.62	121.08	118.46	nan	111.12	 95.50	 97.30	130.01	129.45	116.93	 98.56	 86.38	126.49	114.97	 94.61	103.47	101.69		Anolis_sagrei 11
												  0.00	112.99	107.55	110.15	 99.07	103.35	108.25	104.29	 97.38	106.71	 99.34	109.76	109.66	117.74	 73.13	101.59	120.52	111.47	124.84	 14.95	129.89	 93.19	112.42	 94.91	 78.34	101.24	113.60	121.24	109.16	115.39	110.66	123.71	117.87	 85.07	 99.76	123.50	113.99	111.74	135.69	108.02	149.60	109.10	 98.30	117.22	 69.62		Lacerta_bilineata 12
													  0.00	117.56	110.55	 90.96	 93.58	 60.13	 96.61	 86.85	 60.21	 94.36	103.25	 77.81	113.71	110.86	 69.69	 64.59	 64.59	118.42	112.03	 80.29	106.24	 71.45	 95.04	130.26	 69.16	123.56	122.77	 95.76	 72.36	122.70	156.27	104.24	126.57	 97.76	 67.58	 72.51	105.87	114.63	 96.01	167.31	 75.42	 98.59	126.74	107.23		Imantodes_cenchoa 13
														  0.00	119.93	107.38	117.00	113.59	107.75	107.65	100.98	 89.48	118.13	 94.86	160.58	108.79	 91.86	116.38	 98.05	106.39	101.94	130.55	 98.93	 97.98	101.72	117.46	100.13	101.46	125.62	117.90	103.48	119.00	128.91	 96.99	 90.47	113.34	101.10	112.12	116.16	126.96	102.50	126.07	103.35	110.15	134.11	108.83		Phrynocephalus_versicolor 14
															  0.00	 93.83	115.62	 98.81	 87.67	 94.18	113.70	 84.83	 95.03	 95.46	131.24	110.58	114.34	 97.59	109.20	105.18	103.54	116.45	108.95	106.89	100.81	116.40	 93.80	 95.46	116.99	 93.84	111.33	115.22	nan	115.18	110.93	115.32	107.71	102.98	 99.35	114.82	112.33	146.80	113.41	 95.87	111.08	105.14		Cryptoblepharus_egeriae 15
																  0.00	 88.60	 89.40	 52.09	 43.56	 95.25	 69.81	 68.56	 90.03	 89.60	 95.47	 83.95	 99.47	 99.35	 92.70	 94.82	 95.32	 82.81	 96.17	 74.51	109.74	 78.49	 80.73	 96.76	 91.93	 94.95	103.30	104.74	 96.06	110.20	 83.18	 98.41	 87.95	 92.02	120.18	 82.78	154.89	104.65	 79.68	 86.87	 86.56		Iguana_delicatissima 16
																	  0.00	104.00	101.37	 95.19	103.89	 90.08	109.25	 98.28	124.99	105.66	118.45	106.33	107.59	109.38	108.04	131.81	 89.44	 99.69	 87.13	129.21	 95.98	115.06	121.32	120.87	110.74	113.98	181.10	113.67	127.30	 89.25	115.75	 94.24	112.65	119.57	115.11	161.30	100.87	 82.72	101.75	106.62		Anolis_carolinensis 17
																		  0.00	 87.92	 90.34	 71.22	 97.33	 89.26	 67.77	116.29	102.08	 70.43	 73.69	 66.16	107.08	102.59	 81.84	106.82	 72.43	 93.77	123.04	 68.90	108.23	122.30	 98.71	 77.81	108.36	136.06	117.35	117.49	 91.51	 74.18	 69.36	 97.14	107.24	 90.41	113.22	 91.40	 95.35	110.45	103.43		Myanophis_thanlyinensis 18
																			  0.00	 45.25	 87.82	 78.38	 84.47	 93.98	 90.51	103.40	 94.78	101.83	 90.08	 95.93	 96.97	 99.34	 82.94	 97.17	 84.30	124.32	 79.34	 80.83	103.49	 87.71	 95.39	111.69	103.04	106.70	102.87	 77.38	 93.08	 98.41	 96.66	108.74	 88.81	 96.51	 95.57	 74.64	 83.17	 93.82		Cyclura_pinguis 19
																				  0.00	 89.06	 81.03	 80.59	 93.51	 95.60	 97.97	 99.56	101.84	 89.09	 91.15	101.85	 95.47	 66.01	 97.28	 76.00	114.88	 83.52	 91.09	103.22	101.23	102.92	114.93	131.28	 92.62	 97.69	 71.75	 95.79	 98.99	 93.75	120.57	 83.42	106.46	 97.97	 66.05	 95.20	 92.82		Ctenosaura_bakeri 20
																					  0.00	 87.22	116.95	 85.90	125.34	117.52	 93.26	 71.94	 47.27	111.74	100.28	 98.29	 80.88	 85.20	 92.36	125.51	 75.70	127.13	114.86	113.24	 79.40	100.93	nan	113.89	113.88	 96.70	 53.50	 67.82	111.78	125.27	101.56	198.97	 73.69	 82.79	111.29	108.72		Ptyas_mucosa 21
																						  0.00	 95.63	 98.96	114.74	110.79	 90.01	100.22	 92.29	 93.22	 99.46	 93.49	 74.50	 88.86	 74.15	108.23	 78.98	 88.63	112.50	 94.61	112.72	 96.38	117.60	 87.76	 96.97	 94.67	100.68	 97.14	 82.83	112.37	 94.93	142.12	101.32	 76.67	 97.82	102.41		Lerista_edwardsae 22
																							  0.00	 99.60	118.44	118.39	104.61	106.10	100.67	101.15	105.36	119.43	104.43	102.48	100.25	106.68	100.19	101.99	 88.47	 88.54	114.83	 85.37	nan	103.58	114.85	 99.53	 98.60	108.23	 95.51	100.34	101.68	156.17	108.53	 94.67	107.25	104.46		Lepidodactylus_listeri 23
																								  0.00	116.81	123.51	 67.20	 68.95	 72.49	105.90	103.78	 83.66	104.64	 68.98	 99.52	116.70	 36.59	 95.28	108.69	 97.06	 74.00	110.55	104.76	103.85	125.34	101.89	 78.36	 86.17	101.24	129.87	 94.23	159.48	 79.40	 96.78	102.23	116.25		Bothrops_jararaca 24
																									  0.00	111.67	101.57	131.74	130.29	118.40	110.53	119.43	126.43	145.14	 92.29	113.90	111.71	118.60	131.92	115.30	127.75	125.46	136.74	140.07	141.13	104.57	133.15	130.53	126.38	149.28	128.86	179.57	136.57	105.24	 66.88	121.78		Varanus_komodoensis 25
																										  0.00	104.42	117.41	110.10	117.73	 63.37	132.40	101.53	112.20	 93.58	 87.90	120.69	109.18	121.68	125.20	106.10	118.73	122.18	114.90	 73.65	 88.57	120.74	110.07	116.64	118.64	116.39	153.33	122.89	106.23	108.19	 32.06		Podarcis_muralis 26
																											  0.00	 79.72	 73.07	106.50	 92.60	 84.92	117.91	 72.80	 91.24	112.48	 64.33	 88.19	126.11	 88.28	 87.92	116.84	104.59	 97.93	117.73	108.44	 72.92	 74.44	104.53	138.12	 81.73	114.92	 78.87	102.37	108.34	101.41		Morelia_viridis 27
																												  0.00	 63.82	119.96	112.00	 98.88	107.65	 78.71	105.00	134.07	 63.92	118.34	118.25	117.62	 76.25	121.00	nan	105.93	129.42	103.02	 66.73	 81.97	116.11	134.96	104.14	150.05	 86.44	 99.10	108.58	116.17		Diadophis_punctatus 28
																													  0.00	 91.63	106.49	 85.50	 93.87	 65.90	 77.68	115.36	 67.21	101.12	109.58	119.08	 77.00	112.70	nan	101.76	126.05	 87.96	 36.31	 68.88	102.67	124.27	 92.78	120.92	 73.60	 90.72	110.80	101.95		Pantherophis_guttatus 29
																														  0.00	113.68	111.31	100.68	111.17	 98.56	128.69	 95.90	 98.83	120.19	120.79	 97.93	114.83	188.00	 95.25	106.90	100.79	113.35	106.07	 79.94	137.30	115.31	283.43	101.99	101.07	114.07	114.71		Aspidoscelis_marmoratus 30
																															  0.00	142.03	 95.75	112.48	 91.74	 71.48	103.04	107.22	117.53	102.65	111.38	101.85	112.65	112.22	 76.21	 93.83	124.57	105.98	111.34	120.22	 97.82	148.35	109.22	102.54	111.64	 59.39		Lacerta_viridis 31
																																  0.00	103.53	 82.66	 94.99	127.13	 83.04	104.50	132.45	111.63	103.72	128.83	111.63	118.55	125.85	112.15	 75.81	 83.02	111.50	149.83	115.98	139.83	 98.49	 90.44	130.43	163.92		Boaedon_fuliginosus 32
																																	  0.00	112.15	 66.27	111.10	101.04	107.24	112.35	115.28	 97.26	100.60	149.65	107.37	 97.69	 49.47	104.05	105.88	103.71	113.21	100.22	151.17	100.65	 61.96	115.32	100.44		Phrynosoma_platyrhinos 33
																																		  0.00	 94.16	131.30	 65.09	108.04	113.86	113.75	 62.54	120.30	107.45	106.01	122.27	106.61	 74.95	 80.33	105.13	146.10	100.72	nan	 69.64	 98.56	115.98	118.62		Naja_naja 34
																																			  0.00	103.16	 86.59	 95.02	115.97	100.36	 99.97	118.18	124.44	102.12	116.84	 74.76	 88.14	100.82	103.91	106.87	 96.00	140.13	 98.81	 37.27	 99.07	 99.79		Sceloporus_tristichus 35
																																				  0.00	114.99	106.67	146.84	127.04	157.24	116.09	197.12	135.70	 85.09	100.78	120.92	129.08	155.95	110.27	112.41	203.84	123.19	107.95	110.41	 92.44		Lacerta_agilis 36
																																					  0.00	 91.43	103.05	 83.05	 71.10	103.69	110.05	 93.66	106.91	 98.78	 71.51	 70.75	 89.27	116.42	 87.66	154.83	 76.36	 93.82	105.74	117.33		Protobothrops_mucrosquamatus 37
																																						  0.00	119.30	105.46	112.42	116.95	108.95	107.75	130.35	 91.95	104.44	105.26	 95.37	140.53	121.59	115.95	107.34	 90.58	108.56	115.32		Pogona_vitticeps 38
																																							  0.00	 92.28	108.32	113.32	nan	120.59	155.82	103.21	108.42	 98.59	108.41	133.52	105.37	-nan	137.12	111.07	117.98	125.42		Gekko_japonicus 39
																																								  0.00	 99.44	 97.41	nan	115.73	129.59	100.20	104.28	 97.64	108.17	131.25	101.58	152.65	108.55	 88.43	 94.90	122.27		Sphaerodactylus_townsendi 40
																																									  0.00	118.68	117.19	 98.31	117.20	 99.41	 92.11	 74.97	114.83	115.50	116.60	141.78	 74.34	104.26	112.34	115.06		Bungarus_multicintus 41
																																										  0.00	nan	119.46	128.04	116.98	128.37	114.45	 96.67	143.46	103.35	231.92	134.38	105.47	127.24	119.30		Paroedura_picta 42
																																											  0.00	214.46	136.26	111.67	166.74	183.63	 90.90	185.65	206.00	 96.50	136.84	191.89	nan	114.37		Crotalus_tigris 43
																																												  0.00	 98.91	113.44	104.63	 97.61	 92.98	162.93	111.54	142.09	101.29	101.67	118.66	128.11		Sphenodon_punctatus 44
																																													  0.00	114.95	133.89	131.13	106.76	114.73	103.77	156.42	113.66	113.33	124.64	 70.16		Zootoca_vivipara 45
																																														  0.00	115.14	106.80	111.87	113.85	103.23	161.19	 89.74	 76.02	 98.26	 95.87		Phrynosoma_blainvillii 46
																																															  0.00	 78.65	131.93	154.30	101.88	129.48	 78.77	 93.92	116.95	113.93		Pituophis_catenifer 47
																																																  0.00	 98.67	140.53	104.54	170.16	 82.34	 98.40	101.36	110.28		Tropidonophis_doriae 48
																																																	  0.00	117.50	107.59	 94.68	125.51	 94.51	114.32	109.15		Salvator_merianae 49
																																																		  0.00	119.70	165.76	110.83	116.13	133.75	116.69		Eublepharis_macularius 50
																																																			  0.00	171.37	117.10	 93.86	 97.84	102.91		Hemicordylus_capensis 51
																																																				  0.00	193.71	 97.50	205.58	136.23		Plestiodon_gilberti 52
																																																					  0.00	 96.18	122.60	124.84		Laticauda_colubrina 53
																																																						  0.00	101.44	102.96		Sceloporus_occidentalis 54
																																																							  0.00	 99.73		Varanus_salvator 55
																																																								  0.00		Podarci_raffonei 56
