Distance Matrix
---------------

Using the Tamura correction method
Using base positions 3 in the codon
Gap weighting is 0.000000

	    1	    2	    3	    4	    5	    6	    7	    8	    9	    10	    11	    12	    13	    14	    15	    16	    17	    18	    19	    20	    21	    22	    23	    24	    25	    26	    27	    28	    29	    30	    31	    32	    33	    34	    35	    36	    37	    38	    39	    40	    41	    42	    43	    44	    45	    46	    47	    48	    49	    50	    51	    52	    53	    54	    55
	  0.00	 73.43	101.31	 69.14	 96.74	 75.02	 71.11	 87.20	114.09	 68.30	104.53	117.61	 77.12	 93.62	107.86	 92.55	108.35	 69.20	102.68	 44.34	 97.69	119.07	 85.43	102.47	123.36	 85.98	 63.37	 38.77	101.35	115.39	 86.24	112.02	 68.29	105.01	114.37	 75.41	100.53	118.68	104.20	 94.64	100.50	 80.01	101.82	121.98	101.47	 43.30	 78.01	107.96	120.88	104.26	105.25	 69.28	 94.05	104.99	107.01		Arizona_elegans 1
		  0.00	103.78	 62.67	117.93	 67.88	 72.29	 72.01	121.53	 61.74	129.37	106.65	 56.01	105.16	105.27	 90.26	114.49	 75.40	 83.82	 61.05	 86.28	114.18	 82.60	133.52	121.73	 79.38	 48.01	 62.99	126.53	106.11	 72.21	128.29	 74.24	 97.58	126.90	 65.62	106.74	110.27	 96.97	 84.85	115.22	 75.05	120.05	122.40	122.48	 62.58	 68.02	106.83	 95.84	109.77	119.91	 70.95	 92.51	105.62	117.70		Thermophis_baileyi 2
			  0.00	108.16	 81.58	106.43	102.62	102.24	 86.85	111.34	105.84	116.23	 90.10	100.73	 90.28	 68.28	100.07	100.17	 77.98	 97.10	 88.42	105.43	100.16	124.34	101.29	 96.56	103.79	 94.44	 80.49	105.07	102.47	103.42	102.24	101.91	119.77	102.88	115.98	108.31	 95.73	122.47	117.78	105.36	100.62	103.36	 96.19	 86.34	 89.78	 82.46	 85.70	108.19	103.23	 95.01	 86.51	100.81	100.74		Elgaria_multicarinata 3
				  0.00	106.66	 72.33	 74.17	 68.40	 93.29	 65.35	104.34	123.90	 65.48	 95.90	 93.62	 80.26	124.01	 66.91	 81.85	 64.29	 82.16	105.67	 82.88	101.19	138.41	 71.51	 67.73	 63.94	107.21	124.67	 60.92	 96.19	 56.63	 85.25	125.41	 76.08	 84.47	114.92	 97.03	 83.53	114.87	 74.92	 93.32	141.38	 95.51	 69.07	 77.42	113.67	105.87	 96.43	118.29	 68.94	 90.71	 94.24	122.71		Thamnophis_elegans 4
					  0.00	116.39	136.33	106.82	 85.28	109.84	 78.83	 95.35	114.08	 86.58	 82.53	 73.60	103.94	 93.04	 73.30	 88.20	 82.71	100.47	105.60	131.33	 81.33	 93.49	100.53	 97.06	 22.40	 93.86	113.94	 89.60	 98.67	 72.72	100.96	104.74	 89.93	106.01	107.95	 95.36	 94.28	117.61	 83.40	100.65	 85.76	 98.51	115.81	 55.30	 85.44	 89.61	 78.52	 95.92	 80.61	108.69	 81.75		Aspidocelis_tigris 5
						  0.00	 56.00	 68.63	101.73	 69.87	 93.17	111.78	 66.34	106.00	106.67	 80.12	118.29	 72.69	 76.47	 66.86	 89.80	102.49	 55.33	117.47	119.30	 67.50	 70.46	 67.79	103.80	107.40	 75.08	 94.35	 72.28	 79.36	126.41	 54.51	 89.61	 86.68	100.61	 79.16	 96.22	 52.56	111.88	121.60	 92.84	 70.37	 71.96	119.07	120.17	 98.06	114.43	 73.15	 98.16	117.40	 96.81		Azemiops_feae 6
							  0.00	 76.98	103.72	 63.24	120.06	130.01	 61.68	109.09	106.40	101.38	122.71	 67.45	 95.68	 66.44	105.22	118.93	 66.34	126.10	123.62	 73.69	 67.77	 65.85	130.94	120.52	 74.65	139.01	 66.56	119.98	157.50	 58.96	 83.31	 88.82	105.03	 86.53	118.78	 67.41	120.76	162.73	116.54	 70.38	 66.85	118.57	117.17	104.73	110.91	 70.71	114.19	102.11	114.16		Daboia_siamensis 7
								  0.00	 97.71	 68.74	114.34	112.55	 68.22	 95.26	 88.69	 80.39	103.09	 73.51	 84.92	 82.85	 86.61	 99.34	 74.30	122.81	119.19	 60.86	 73.36	 76.18	104.15	108.54	 77.94	 93.20	 76.17	 90.84	116.36	 69.19	 88.48	104.70	 97.06	 80.46	103.74	 83.56	117.12	139.20	 91.45	 73.86	 74.01	102.75	110.10	 87.76	113.34	 82.07	 85.26	104.91	108.76		Charina_bottae 8
									  0.00	113.38	 89.45	130.43	104.83	 99.42	100.70	 79.82	 95.68	 94.57	 97.35	100.25	 82.90	108.89	107.40	124.71	103.68	 98.75	102.89	110.14	 92.84	146.53	112.50	 95.54	109.44	 95.51	142.29	113.77	109.01	114.43	117.60	128.65	125.23	116.39	103.94	111.76	 90.25	110.78	121.85	 90.74	 90.79	104.32	101.10	 99.89	 88.65	102.93	 93.37		Shinisaurus_crocodilurus 9
										  0.00	102.63	136.16	 69.48	 86.65	117.63	 93.37	120.69	 64.16	 92.80	 59.16	 92.52	100.90	 69.41	133.00	114.28	 72.86	 60.11	 62.60	114.90	127.49	 78.66	113.00	 50.85	103.53	163.75	 66.89	103.09	106.61	 96.56	 62.65	121.43	 66.71	127.88	118.91	124.85	 65.72	 60.50	109.50	110.33	 95.87	127.48	 54.24	 97.40	110.47	110.57		Ophiophagus_hannah 10
											  0.00	102.94	121.60	104.60	 86.69	 79.90	 75.42	 97.81	 82.05	 96.55	 84.11	108.11	101.24	129.03	106.38	103.02	115.18	102.75	 80.37	104.63	125.88	 87.18	 88.15	 81.90	111.61	106.38	103.45	117.70	115.37	 99.74	111.65	113.16	102.03	 87.77	 79.79	104.87	120.30	 81.63	 98.73	 93.26	 88.79	 92.03	 77.32	132.04	 81.46		Anolis_sagrei 11
												  0.00	145.88	103.69	106.53	 91.06	106.59	117.68	 99.81	108.04	 95.14	122.64	112.68	111.39	 63.11	105.85	122.93	100.64	 97.60	 17.28	127.65	 92.16	120.60	111.75	 71.18	101.71	121.85	115.53	103.33	131.48	 98.43	125.94	111.16	 69.88	 88.88	102.16	 95.98	101.65	112.90	114.70	 98.03	122.58	103.26	122.18	 65.93		Lacerta_bilineata 12
													  0.00	110.83	 92.16	 85.28	128.33	 63.95	 93.34	 65.39	 94.78	113.25	 76.17	138.91	131.47	 77.69	 52.20	 65.00	102.55	135.62	 66.58	109.25	 77.95	 99.08	121.04	 67.25	 93.61	104.50	 95.26	 77.49	119.29	 73.40	116.01	137.00	107.15	 60.62	 68.31	126.70	100.60	 99.87	123.79	 73.79	 86.86	101.12	118.22		Imantodes_cenchoa 13
														  0.00	101.37	 86.28	100.32	 94.40	 94.16	 88.40	 79.90	122.31	100.44	106.25	103.29	 87.93	 89.87	 93.21	 80.51	107.88	102.30	 92.51	 91.37	 93.80	117.42	 91.37	 84.18	100.92	101.86	106.23	 96.00	103.45	 98.45	112.45	 84.24	 88.22	 91.28	 80.87	102.23	 80.44	 86.39	 90.51	 93.86	102.13	119.08		Phrynocephalus_versicolor 14
															  0.00	 60.70	106.51	 89.18	 68.24	101.61	 73.41	120.77	 93.32	110.99	105.22	 92.64	111.25	 96.45	 86.68	105.66	 96.84	 91.89	 89.36	 75.92	124.87	 85.66	 86.07	 89.09	 83.11	106.79	131.71	104.36	 91.03	108.55	 86.95	 94.17	105.90	 88.61	 94.60	 75.13	 68.72	109.00	 75.48	 77.65	 88.26		Cryptoblepharus_egeriae 15
																  0.00	 77.87	 78.08	 33.08	 88.55	 61.34	 92.16	 74.15	 90.01	 90.79	 83.43	 89.11	 83.48	 67.52	 92.60	 90.19	 70.83	 93.26	 67.85	108.65	 89.79	 77.75	 73.70	 84.43	111.02	 86.26	 88.29	 97.40	 98.15	 63.55	 89.34	 81.28	 75.49	 82.45	 73.04	 77.73	 93.54	 70.20	 80.04	 75.54		Iguana_delicatissima 16
																	  0.00	106.70	 88.27	116.84	100.06	120.23	110.41	121.92	109.11	125.00	114.83	120.83	102.68	107.85	122.98	 85.72	114.43	 85.81	128.12	124.83	103.93	122.76	107.69	127.44	104.08	128.94	112.04	106.37	 89.91	119.81	103.24	 96.38	 98.00	 92.63	 90.84	124.03	 78.40	113.76	101.11		Anolis_carolinensis 17
																		  0.00	 87.66	 68.06	 92.83	123.22	 71.32	109.66	119.63	 75.18	 63.26	 58.92	 92.32	121.79	 77.66	105.46	 68.64	 92.00	133.84	 68.56	 89.83	 99.14	104.71	 71.54	116.61	 77.19	 95.03	114.26	103.33	 68.85	 68.24	111.43	 88.80	 91.53	109.53	 67.10	 88.81	 99.46	110.11		Myanophis_thanlyinensis 18
																			  0.00	 82.69	 60.67	 98.62	 78.60	111.09	 92.91	 88.59	 92.66	 85.81	 80.93	 98.10	 99.73	 70.98	 93.31	 71.61	111.12	 75.34	 77.28	 79.08	 78.17	112.88	100.69	 89.98	 95.55	104.16	 63.47	 97.57	 91.33	 80.39	 81.66	 79.73	 92.95	 91.43	 71.21	 91.31	 78.75		Cyclura_pinguis 19
																				  0.00	 87.41	117.98	 78.94	103.94	110.42	 79.14	 66.33	 42.07	 85.63	104.95	 76.39	106.02	 68.39	 85.36	114.47	 71.52	102.57	100.09	 98.71	 90.62	107.54	 83.57	106.43	123.47	108.20	 50.97	 68.94	108.76	 92.19	 87.69	121.37	 61.44	 87.99	 96.70	101.17		Ptyas_mucosa 20
																					  0.00	 90.18	 81.57	130.17	 98.96	 76.17	 87.28	 86.81	 86.23	 94.99	 97.00	 71.64	 83.18	 66.44	102.46	 81.98	 84.23	 86.55	 86.47	 98.16	 98.91	 96.78	 96.68	105.59	 71.21	 77.85	 79.89	 81.13	107.23	 76.19	 72.10	 81.55	 64.23	 97.84	 94.96		Lerista_edwardsae 21
																						  0.00	108.77	120.72	129.18	 97.76	122.34	119.64	102.26	119.44	122.25	120.29	109.81	102.37	142.42	127.12	110.25	 79.72	103.31	137.19	106.02	114.06	101.27	125.75	107.65	111.09	 99.20	106.26	109.28	109.21	118.09	 96.48	100.19	104.24	114.19		Lepidodactylus_listeri 22
																							  0.00	123.90	116.12	 71.33	 93.06	 72.61	 95.07	110.65	 91.28	 98.59	 87.19	 98.27	125.34	 52.32	 81.55	 90.09	104.63	 88.72	114.33	 49.52	116.95	139.14	 99.27	 73.40	 74.50	103.73	106.25	103.06	108.63	 73.97	101.55	104.42	110.86		Bothrops_jararaca 23
																								  0.00	139.04	110.35	135.42	115.15	126.38	113.63	145.32	116.31	114.18	129.34	134.30	128.91	135.60	110.27	110.80	145.24	135.99	129.39	109.29	133.42	115.81	120.21	115.57	121.90	100.10	 98.45	156.23	126.23	123.00	 64.64	105.25		Varanus_komodoensis 24
																									  0.00	108.21	118.85	131.39	 87.93	 68.62	166.36	 95.51	131.02	106.48	 94.32	101.41	111.23	116.45	119.13	141.38	124.46	135.04	109.87	 68.98	 90.84	120.88	117.71	 98.05	118.23	 90.91	 98.91	102.03	116.45	115.17	 29.23		Podarcis_muralis 25
																										  0.00	 72.04	 80.83	 91.95	104.43	 72.77	 96.95	 83.45	 82.58	111.60	 74.66	 79.05	 98.17	101.59	 87.38	101.75	 80.97	104.10	120.31	 94.30	 83.96	 72.71	 84.86	 94.71	 84.24	 99.59	 68.52	 86.64	104.79	107.76		Morelia_viridis 26
																											  0.00	 65.66	107.89	113.04	 71.42	102.77	 66.66	 97.01	122.16	 67.95	116.80	101.78	106.43	 67.82	119.42	 78.47	128.04	118.55	100.73	 68.02	 72.37	110.27	 97.59	101.72	138.67	 70.55	 93.20	 98.96	109.02		Diadophis_punctatus 27
																												  0.00	 98.12	105.58	 78.03	107.77	 62.02	 89.95	116.97	 74.80	107.55	104.56	104.70	 78.92	 98.12	 75.68	102.18	126.23	104.54	 24.97	 64.56	100.47	110.58	 86.33	102.08	 65.82	 86.86	106.10	118.45		Pantherophis_guttatus 28
																													  0.00	 98.13	121.28	 84.00	104.93	 70.83	 99.58	104.25	 85.18	100.12	110.25	103.31	 98.97	110.73	 86.38	102.47	 87.49	 98.13	100.88	 55.44	100.39	 90.99	 77.35	100.74	 69.13	119.57	 83.06		Aspidoscelis_marmoratus 29
																														  0.00	124.46	105.70	127.14	109.68	 68.01	103.22	126.10	117.84	104.72	137.28	 93.75	123.55	112.15	 77.77	 88.62	107.72	 98.09	 98.38	100.94	109.43	115.33	112.35	 98.25	112.11	 72.17		Lacerta_viridis 30
																															  0.00	113.34	 75.41	105.39	131.52	 80.36	111.49	112.93	119.72	 84.06	133.67	 90.80	112.19	156.13	103.35	 78.32	 75.47	124.88	 98.77	 99.27	107.75	 74.75	109.26	108.28	161.98		Boaedon_fuliginosus 31
																																  0.00	100.69	 70.84	100.65	101.62	104.28	102.61	115.77	102.12	114.17	102.57	 96.17	 89.80	 36.64	114.46	111.55	 95.98	103.89	 99.70	 91.72	 95.92	 65.43	106.38	 93.42		Phrynosoma_platyrhinos 32
																																	  0.00	 90.97	128.91	 74.20	100.16	118.95	109.55	 63.91	108.59	 72.91	112.90	120.78	 88.74	 69.23	 59.65	102.14	113.60	 97.41	105.66	 52.06	 97.81	113.95	114.71		Naja_naja 33
																																		  0.00	115.56	 80.70	 92.77	101.93	 92.50	106.10	 98.48	 89.96	 96.57	 98.00	 73.20	 86.98	100.54	 78.71	 99.25	 84.59	 79.02	107.50	 35.84	118.33	 97.87		Sceloporus_tristichus 34
																																			  0.00	120.65	126.30	128.11	118.93	138.83	120.64	142.57	126.13	 71.41	 96.95	119.37	133.40	119.86	117.54	102.00	124.82	117.15	 93.94	122.42	 96.61		Lacerta_agilis 35
																																				  0.00	 82.55	 98.73	 91.42	 84.75	111.35	 52.48	113.08	115.23	 93.30	 73.01	 81.87	107.20	108.42	 96.60	121.86	 72.77	 82.90	103.18	 88.43		Protobothrops_mucrosquamatus 36
																																					  0.00	112.40	102.30	 96.61	111.03	 96.94	104.98	126.92	 99.43	110.37	108.61	 89.97	110.27	 98.84	 98.50	 94.18	 90.50	101.29	 97.37		Pogona_vitticeps 37
																																						  0.00	 99.76	115.06	110.91	102.68	112.73	123.85	100.43	106.06	101.90	116.30	131.34	 88.49	 96.93	108.19	 87.57	 96.56	108.40		Gekko_japonicus 38
																																							  0.00	123.10	 95.41	114.81	112.85	121.38	104.56	 94.28	108.62	 92.70	116.75	 91.06	107.62	112.66	 88.24	110.30	 92.54		Sphaerodactylus_townsendi 39
																																								  0.00	135.49	 93.75	128.02	125.78	108.93	 83.31	 79.63	130.03	115.95	119.11	132.38	 62.37	111.14	136.47	106.08		Bungarus_multicintus 40
																																									  0.00	109.11	115.19	125.74	101.92	102.24	 99.87	 93.31	102.99	123.97	121.61	113.25	 93.46	130.37	113.04		Paroedura_picta 41
																																										  0.00	104.94	131.30	 99.64	 77.77	 82.10	120.47	106.02	121.86	123.52	 69.32	102.47	123.27	120.17		Crotalus_tigris 42
																																											  0.00	104.35	101.38	 98.42	115.48	 98.54	102.17	103.06	 82.52	125.09	 94.74	104.89	106.29		Sphenodon_punctatus 43
																																												  0.00	 93.26	141.74	116.90	100.47	107.69	110.08	103.41	126.65	 94.39	118.90	 62.78		Zootoca_vivipara 44
																																													  0.00	103.89	105.47	 85.95	 97.43	 85.86	 85.15	 92.42	 65.75	106.60	 80.54		Phrynosoma_blainvillii 45
																																														  0.00	 66.69	 98.99	117.55	 98.10	 90.55	 74.59	 93.25	108.86	115.65		Pituophis_catenifer 46
																																															  0.00	 97.29	104.39	 94.71	 86.94	 60.15	 94.42	116.53	112.76		Tropidonophis_doriae 47
																																																  0.00	 77.51	 85.77	 74.95	114.25	 70.22	115.01	 83.42		Salvator_merianae 48
																																																	  0.00	 99.50	 98.34	108.90	 90.18	107.66	 93.48		Eublepharis_macularius 49
																																																		  0.00	 88.09	110.33	 79.54	 95.04	 86.78		Hemicordylus_capensis 50
																																																			  0.00	111.66	 84.09	119.57	 97.00		Plestiodon_gilberti 51
																																																				  0.00	106.77	113.63	119.42		Laticauda_colubrina 52
																																																					  0.00	106.18	 90.39		Sceloporus_occidentalis 53
																																																						  0.00	105.11		Varanus_salvator 54
																																																							  0.00		Podarci_raffonei 55
