Distance Matrix
---------------

Using the Tamura correction method
Using base positions 3 in the codon
Gap weighting is 0.000000

	    1	    2	    3	    4	    5	    6	    7	    8	    9	    10	    11	    12	    13	    14	    15	    16	    17	    18	    19	    20	    21	    22	    23	    24	    25	    26	    27	    28	    29	    30	    31	    32	    33	    34	    35	    36	    37	    38	    39	    40	    41	    42	    43	    44	    45	    46	    47	    48	    49	    50	    51	    52	    53	    54	    55	    56
	  0.00	 65.37	134.79	 57.95	177.47	 97.83	 89.85	 77.99	162.25	 71.10	143.25	131.82	 70.66	152.40	116.01	136.11	140.45	 89.85	129.72	110.19	 37.76	127.73	133.34	 87.28	123.73	149.31	 84.23	 55.57	 39.97	144.92	120.77	 76.48	111.42	 81.10	123.21	149.37	 90.43	118.74	142.87	187.30	 77.04	123.45	 73.92	 90.94	160.90	117.96	 41.98	 67.58	104.02	107.64	141.50	126.97	 66.86	119.90	 92.58	149.42		Arizona_elegans 1
		  0.00	124.41	 57.68	141.89	 65.96	 70.88	 64.41	109.85	 49.99	146.25	110.71	 47.89	131.71	133.99	129.32	201.48	 51.72	106.39	107.02	 53.78	118.98	110.43	 58.19	123.15	116.20	 67.28	 31.21	 37.88	128.32	107.52	 54.65	140.63	 58.87	119.18	116.69	 63.84	139.42	119.04	130.03	 77.95	105.96	 73.08	 87.69	112.45	121.94	 50.41	 50.81	119.66	130.83	114.39	119.24	 62.97	108.18	 92.65	108.74		Thermophis_baileyi 2
			  0.00	101.00	120.20	143.71	128.58	105.98	 89.63	106.69	110.82	133.59	105.73	104.41	116.98	 93.83	 94.32	104.76	104.15	 91.01	102.12	102.52	110.30	110.67	120.18	122.28	 97.50	100.78	 87.45	114.24	129.68	165.67	121.06	114.92	110.33	122.67	129.11	126.39	104.07	117.55	102.14	102.75	120.36	100.05	185.99	103.62	 90.67	138.90	132.49	117.74	115.74	 88.45	133.04	104.14	138.01	116.40		Elgaria_multicarinata 3
				  0.00	133.17	 86.26	 74.84	 72.07	174.12	 51.15	124.48	104.89	 52.60	126.43	 98.76	112.12	113.43	 69.34	107.76	117.14	 60.75	 96.16	109.59	 64.53	125.10	107.47	 73.76	 56.90	 64.47	128.01	 95.28	 77.21	135.19	 69.46	 98.19	111.32	 66.89	123.97	124.97	137.04	 75.95	125.49	 71.08	 81.97	114.47	117.11	 64.88	 54.56	107.20	135.57	174.12	 97.92	 76.99	103.14	115.70	101.97		Thamnophis_elegans 4
					  0.00	134.71	116.71	 90.35	115.12	nan	 75.53	 93.64	141.24	113.65	109.82	 88.81	106.58	130.77	 86.67	 97.26	137.67	128.87	104.16	121.29	122.32	 98.00	127.81	184.21	168.20	 22.55	 89.62	144.78	101.57	177.06	107.41	 95.77	150.30	109.05	 97.69	120.75	nan	130.06	118.00	106.64	116.06	102.94	161.24	137.70	 78.43	127.06	110.38	102.22	nan	101.84	 99.19	102.22		Aspidocelis_tigris 5
						  0.00	 78.52	 91.80	155.60	 86.20	182.54	140.52	 76.09	nan	120.34	131.95	165.61	 89.73	158.60	125.46	 76.26	116.16	130.50	 82.13	inf	139.63	 97.71	 63.22	 80.37	156.32	140.68	 78.13	144.00	 90.82	144.33	126.56	 48.26	151.59	122.46	150.18	110.32	121.88	 81.90	115.75	165.57	inf	 69.68	 74.17	120.73	200.81	129.70	115.86	 81.85	140.65	147.03	142.91		Azemiops_feae 6
							  0.00	 71.65	124.90	 67.53	144.38	126.51	 77.54	159.55	111.43	133.99	nan	 85.97	118.03	133.54	 80.84	130.37	116.96	 77.86	197.11	123.11	 95.65	 68.67	 85.37	120.39	134.65	 86.44	161.22	 78.91	108.17	122.62	 70.67	202.71	113.91	136.89	 81.49	135.20	 72.90	 91.94	115.58	151.42	 82.19	 78.62	114.62	160.87	103.69	107.72	 81.06	116.60	128.49	117.33		Daboia_siamensis 7
								  0.00	128.28	 61.13	104.28	123.14	 69.75	108.11	110.86	126.37	161.98	 57.41	111.09	107.99	 78.97	112.34	102.70	 63.62	153.44	128.63	 55.89	 74.52	 53.33	 90.70	114.40	 92.86	126.50	 78.40	103.88	122.45	 94.24	110.83	135.04	116.54	 87.02	117.75	 96.19	 91.08	139.63	116.25	 63.13	 56.48	119.22	nan	162.91	119.51	 85.15	 96.93	123.24	127.63		Charina_bottae 8
									  0.00	125.24	 92.80	137.95	124.73	127.91	 83.76	 84.61	 95.88	114.25	 84.46	 84.08	117.69	 81.55	 88.07	155.22	100.19	142.85	127.61	114.32	125.73	111.70	127.52	nan	 85.42	161.93	 77.06	111.89	167.87	106.29	119.14	110.41	123.88	117.34	145.64	 88.20	122.31	 74.18	109.94	187.37	120.25	113.62	 81.29	 96.61	138.43	 72.11	103.43	146.74		Shinisaurus_crocodilurus 9
										  0.00	 95.12	116.18	 61.52	118.22	 95.91	104.31	121.89	 63.16	105.64	115.21	 60.76	 94.97	127.97	 71.06	119.88	107.75	 76.46	 60.98	 57.83	nan	 90.81	 75.63	116.60	 47.53	 78.32	107.80	 73.38	112.27	155.59	118.66	 67.33	126.18	 82.33	106.37	105.27	 99.79	 68.03	 55.19	135.27	121.22	110.92	 98.82	 54.26	 91.85	 89.84	 91.33		Ophiophagus_hannah 10
											  0.00	 94.17	156.01	 87.31	 98.13	 80.52	 77.16	118.21	 67.01	 78.00	142.86	 99.60	127.53	177.58	116.30	 79.58	117.25	137.28	141.97	 83.37	 91.49	144.37	 81.07	104.44	 95.59	 85.43	154.07	116.47	107.53	104.40	110.30	117.45	nan	 81.62	 85.98	 88.23	125.94	144.25	115.73	101.59	109.63	 90.97	110.49	 82.36	100.37	 85.49		Anolis_sagrei 11
												  0.00	119.20	106.93	 94.13	 88.95	114.37	120.75	 98.66	107.59	103.91	110.24	109.74	120.04	134.73	 56.16	111.65	106.88	124.92	105.72	 10.29	126.30	116.92	128.34	 97.71	 39.20	 95.90	130.34	129.38	 82.02	125.48	136.21	133.85	 97.09	 60.52	121.89	120.72	120.48	101.73	131.42	122.10	 90.81	116.86	 94.89	106.74	 58.08		Lacerta_bilineata 12
													  0.00	131.69	106.34	115.88	133.16	 59.25	123.05	106.34	 53.94	111.84	105.23	 62.43	132.86	135.28	 71.45	 41.34	 48.92	134.05	113.36	 74.48	137.43	 68.60	108.22	161.64	 62.14	146.17	110.13	191.10	 77.93	116.38	 65.09	112.29	131.06	113.32	 43.31	 54.15	108.37	174.44	108.05	126.50	 62.94	106.46	 95.85	110.30		Imantodes_cenchoa 13
														  0.00	 79.35	 89.70	109.04	128.72	 98.01	 97.43	131.71	105.19	105.05	197.82	138.80	 96.41	113.52	122.57	100.97	 97.95	 96.07	inf	105.07	145.79	 91.85	129.76	nan	 91.61	120.64	107.39	127.96	128.98	nan	100.90	100.60	 91.63	121.58	146.52	105.28	118.56	 98.50	112.57	162.30	102.06	123.59	 88.48		Phrynocephalus_versicolor 14
															  0.00	 78.36	 87.15	 99.93	 79.47	 83.09	127.39	 70.77	 92.64	139.73	120.69	 95.28	114.38	113.29	116.99	121.82	 88.11	143.26	121.46	113.16	 81.05	120.90	123.21	 96.28	119.47	 92.44	119.63	128.41	119.88	 93.18	116.18	 96.42	125.87	106.03	 93.08	 99.48	122.98	 91.32	118.85	 77.19	113.93	 99.31		Cryptoblepharus_egeriae 15
																  0.00	 89.51	 94.44	 42.44	 41.91	136.96	 69.58	 91.25	111.12	101.89	103.42	103.24	145.80	123.55	 92.90	 95.18	165.33	 77.57	124.03	 71.45	110.37	132.76	 93.36	 97.10	103.23	118.10	108.77	138.59	 86.10	109.54	 68.44	172.38	101.06	 89.58	110.02	 98.82	104.73	132.97	 69.86	100.66	 89.13		Iguana_delicatissima 16
																	  0.00	146.51	 89.72	 75.59	120.81	 84.50	116.47	217.62	 97.80	116.40	141.78	174.56	153.17	 91.47	100.74	nan	 94.67	183.34	 70.29	117.87	154.34	107.54	128.37	131.00	151.92	171.45	nan	 74.71	140.02	 86.46	143.74	192.22	100.85	107.34	 97.86	106.72	201.91	 84.98	100.04	114.62		Anolis_carolinensis 17
																		  0.00	 90.90	 93.05	 79.82	 94.57	138.66	 65.79	136.91	123.96	 76.67	 62.98	 57.62	117.77	130.35	103.77	114.57	 77.82	105.67	171.16	 82.48	124.15	nan	151.91	 89.17	122.54	 74.92	 89.32	149.45	118.06	 76.10	 57.03	137.44	122.20	123.58	103.27	 75.80	108.89	126.09	119.90		Myanophis_thanlyinensis 18
																			  0.00	 44.11	142.07	 64.45	 81.80	108.98	115.27	 97.29	 81.61	119.80	130.24	 83.07	 94.39	195.67	 82.63	149.18	 68.09	115.25	125.42	116.90	 84.07	 88.82	118.43	 96.76	116.02	 65.61	113.01	 71.07	140.19	110.86	 90.57	 91.63	107.32	 99.05	134.43	 68.09	 91.98	105.54		Cyclura_pinguis 19
																				  0.00	133.37	 69.27	 90.56	117.44	100.82	123.04	 91.69	105.01	110.22	 92.75	 88.92	154.16	 75.22	162.16	 68.45	119.69	160.84	113.16	 86.12	112.24	113.35	105.77	130.62	 69.01	129.45	 65.12	113.19	 99.98	 88.98	 97.26	104.13	105.42	126.56	 75.23	 92.42	131.11		Ctenosaura_bakeri 20
																					  0.00	 95.59	111.91	 86.17	111.56	134.57	 93.18	 57.48	 36.55	119.28	101.33	 57.11	123.04	 67.96	148.37	140.07	 72.82	143.24	116.39	147.44	 86.13	131.18	102.54	 98.09	133.10	114.41	 37.79	 73.02	127.51	 90.10	 95.42	113.84	 67.27	117.20	 81.16	129.77		Ptyas_mucosa 21
																						  0.00	 84.53	115.31	 95.05	125.01	 95.99	113.33	 90.90	109.92	105.11	nan	 88.64	118.85	 73.31	137.58	130.01	101.02	101.49	 85.39	106.14	 93.95	123.78	 77.91	109.28	 88.37	 99.58	107.50	111.86	109.16	 99.28	 63.78	129.59	 93.54	109.71	130.31		Lerista_edwardsae 22
																							  0.00	124.75	110.31	118.77	120.20	 99.42	105.74	 89.94	106.70	146.60	126.85	180.68	 90.93	110.29	132.07	115.29	 82.52	 94.85	154.51	106.04	145.72	116.11	103.69	 95.48	118.79	101.23	 96.41	 97.11	148.68	101.71	155.39	 99.00	126.34	110.40		Lepidodactylus_listeri 23
																								  0.00	165.71	108.03	 98.97	 59.46	 60.06	117.85	130.57	101.31	133.51	 75.05	122.22	133.15	 66.11	126.44	124.87	137.49	 86.96	114.74	 56.86	105.45	126.67	172.10	 90.79	 71.89	117.83	130.01	159.17	118.36	 86.79	117.27	140.90	100.84		Bothrops_jararaca 24
																									  0.00	150.66	161.07	121.28	112.08	 97.63	118.31	119.98	118.41	164.66	 96.41	138.33	124.09	109.75	201.37	138.26	134.02	111.23	164.38	124.58	118.03	101.40	 99.10	134.34	118.16	115.69	 79.40	103.69	132.05	 98.75	 67.12	142.45		Varanus_komodoensis 25
																										  0.00	125.16	121.64	114.26	 90.57	 58.15	146.18	122.22	126.90	 95.40	 46.84	113.82	107.66	128.18	 98.24	138.09	 99.89	110.39	109.71	 53.36	116.14	139.12	112.95	103.14	122.72	117.81	 92.47	146.04	 86.40	129.67	 18.58		Podarcis_muralis 26
																											  0.00	 72.68	 80.76	104.28	106.49	103.86	133.35	101.86	105.43	128.05	100.35	113.89	137.82	132.33	 94.93	111.49	 91.05	 79.89	157.17	113.73	 86.59	 60.82	105.32	125.13	181.03	116.72	 80.74	 95.44	119.06	150.69		Morelia_viridis 27
																												  0.00	 42.77	169.22	102.01	 67.88	125.19	 55.85	112.74	117.40	 63.29	133.07	139.56	134.61	 65.23	107.97	 63.15	 88.44	140.75	129.72	 50.18	 60.19	127.59	147.13	115.57	101.53	 53.91	 96.35	111.01	108.17		Diadophis_punctatus 28
																													  0.00	133.63	123.31	 68.74	136.99	 68.19	111.01	138.91	 73.07	109.84	153.45	139.42	 94.86	 99.21	 78.03	 94.43	127.11	112.89	 24.63	 63.94	137.07	123.72	115.16	109.29	 65.61	110.38	 87.90	101.26		Pantherophis_guttatus 29
																														  0.00	105.45	149.63	 86.16	175.49	107.71	126.65	134.59	110.09	111.19	113.17	nan	110.87	119.13	 91.24	 97.49	103.01	156.22	127.60	 64.00	113.37	 96.69	111.58	227.91	104.54	 94.36	 97.38		Aspidoscelis_marmoratus 30
																															  0.00	120.00	111.04	123.44	 78.36	 35.12	 95.87	116.96	123.30	 87.42	112.02	132.58	142.24	 90.90	 68.34	110.40	113.10	106.70	 92.33	131.26	112.92	 91.00	113.68	 81.99	101.94	 60.13		Lacerta_viridis 31
																																  0.00	169.35	 87.77	135.94	211.54	 82.87	inf	109.80	194.23	102.55	174.38	 93.79	108.91	195.37	179.12	 69.55	 72.06	129.40	134.61	127.13	126.42	 74.14	117.65	118.67	141.33		Boaedon_fuliginosus 32
																																	  0.00	150.22	115.01	108.28	133.08	135.39	171.20	168.02	109.16	133.59	123.79	106.42	106.30	 45.04	148.51	131.26	 99.95	179.94	103.15	136.07	130.07	 83.04	111.30	124.26		Phrynosoma_platyrhinos 33
																																		  0.00	119.72	141.18	 72.22	188.24	181.84	154.48	 59.41	159.91	 86.15	 94.96	154.22	134.11	 78.73	 69.43	177.69	125.32	150.58	125.84	 51.02	111.53	125.55	121.29		Naja_naja 34
																																			  0.00	107.93	131.16	 89.05	111.29	119.90	123.95	108.93	123.32	 78.48	113.78	 77.06	126.06	 96.92	 93.10	113.30	 83.98	 92.28	126.38	 36.47	105.36	 98.61		Sceloporus_tristichus 35
																																				  0.00	127.44	142.38	128.71	104.75	150.19	122.45	112.94	112.93	 45.41	114.30	116.77	140.13	112.62	141.11	136.80	 78.70	145.56	101.95	131.86	 54.57		Lacerta_agilis 36
																																					  0.00	146.05	119.25	162.84	 99.04	109.00	 67.40	119.85	124.80	164.19	 69.29	 81.62	105.74	134.77	115.98	123.50	 74.77	134.41	133.87	108.15		Protobothrops_mucrosquamatus 37
																																						  0.00	113.83	 87.57	171.73	106.94	167.27	100.91	106.00	112.27	122.53	130.46	104.14	126.76	134.85	106.28	nan	 87.38	106.29	101.28		Pogona_vitticeps 38
																																							  0.00	 83.67	149.59	111.64	108.23	110.81	139.15	102.41	159.57	111.22	102.52	120.06	139.54	122.02	inf	109.89	150.31	127.80		Gekko_japonicus 39
																																								  0.00	187.43	107.69	199.60	104.00	105.56	110.46	inf	158.78	103.68	137.87	155.60	113.17	nan	123.83	122.80	 93.30		Sphaerodactylus_townsendi 40
																																									  0.00	167.92	102.54	 99.90	150.89	112.85	 95.53	 72.10	nan	139.66	179.07	115.53	 86.70	 89.22	106.33	134.65		Bungarus_multicintus 41
																																										  0.00	136.28	120.16	114.73	131.74	105.86	108.20	 91.09	116.57	 95.01	101.77	161.58	107.20	138.95	105.70		Paroedura_picta 42
																																											  0.00	134.67	141.21	128.71	 81.68	 75.65	114.66	inf	120.53	103.37	 80.99	128.37	127.49	107.24		Crotalus_tigris 43
																																												  0.00	119.24	 98.10	 85.06	 91.78	113.52	 92.08	107.07	 97.81	116.50	 76.91	108.15	121.20		Sphenodon_punctatus 44
																																													  0.00	102.26	141.07	149.75	120.58	127.93	104.96	107.65	172.39	109.84	130.19	 43.85		Zootoca_vivipara 45
																																														  0.00	123.84	115.02	101.90	102.92	117.70	132.47	123.70	 60.68	 94.51	113.36		Phrynosoma_blainvillii 46
																																															  0.00	 71.08	132.75	117.31	111.14	101.52	 58.62	121.82	 80.67	121.94		Pituophis_catenifer 47
																																																  0.00	119.41	133.50	139.09	122.40	 69.88	 86.97	101.68	117.44		Tropidonophis_doriae 48
																																																	  0.00	117.14	 99.25	111.87	119.76	 97.83	111.73	113.02		Salvator_merianae 49
																																																		  0.00	 99.52	106.12	132.25	127.70	108.98	172.81		Eublepharis_macularius 50
																																																			  0.00	 98.41	161.63	105.06	 82.79	109.76		Hemicordylus_capensis 51
																																																				  0.00	152.26	103.01	 97.34	 99.78		Plestiodon_gilberti 52
																																																					  0.00	117.25	118.83	135.80		Laticauda_colubrina 53
																																																						  0.00	 90.44	 81.76		Sceloporus_occidentalis 54
																																																							  0.00	134.44		Varanus_salvator 55
																																																								  0.00		Podarci_raffonei 56
