Distance Matrix
---------------

Using the Tamura correction method
Using base positions 123 in the codon
Gap weighting is 0.000000

	    1	    2	    3	    4	    5	    6	    7	    8	    9	    10	    11	    12	    13	    14	    15	    16	    17	    18	    19	    20	    21	    22	    23	    24	    25	    26	    27	    28	    29	    30	    31	    32	    33	    34	    35	    36	    37	    38	    39	    40	    41	    42	    43	    44	    45	    46	    47	    48	    49	    50	    51	    52	    53	    54	    55	    56	    57
	  0.00	 41.45	 38.31	 23.99	 42.49	 41.75	 24.83	 26.44	 26.92	 28.73	 21.20	 25.32	 39.25	 36.68	 38.22	 24.98	 25.82	 41.34	 41.27	 47.66	 37.21	 34.61	 22.92	 41.43	 42.10	 40.50	 30.00	 42.55	 40.90	 14.04	 25.78	 28.11	 24.49	 45.53	 46.72	 37.56	 38.02	 24.33	 39.15	 42.72	 43.45	 40.98	 24.19	 23.41	 40.88	 38.42	 37.32	 39.57	 42.53	 42.08	 26.32	 44.32	 38.18	 21.72	 43.55	 24.85	 26.00		Python_bivittatus 1
		  0.00	 22.37	 42.10	 33.58	 32.23	 40.62	 43.20	 43.61	 43.39	 43.24	 39.07	 26.91	 26.84	 27.40	 42.77	 40.23	 34.24	 33.43	 34.93	 27.75	 26.74	 40.89	 30.84	 32.09	 30.72	 41.79	 32.94	 26.66	 40.87	 41.68	 43.02	 39.22	 36.98	 42.31	 24.63	 22.88	 41.43	 25.63	 30.67	 30.27	 40.64	 38.39	 41.07	 28.30	 25.62	 25.54	 27.84	 37.68	 37.16	 41.54	 35.25	 35.03	 33.36	 32.28	 41.44	 44.02		Anolis_carolinensis 2
			  0.00	 39.04	 29.78	 29.39	 39.91	 40.22	 40.28	 39.22	 38.92	 40.42	 31.26	 27.57	 27.33	 38.37	 38.85	 29.80	 31.10	 35.74	 25.86	 28.35	 35.27	 29.79	 28.43	 27.68	 40.65	 34.16	 24.54	 39.87	 35.24	 39.49	 36.77	 36.26	 41.86	 21.30	 21.77	 39.87	 25.73	 27.66	 27.87	 45.89	 38.34	 36.68	 27.71	 23.85	 25.62	 30.72	 36.79	 32.07	 41.55	 37.64	 34.93	 31.32	 28.94	 39.68	 40.92		Anolis_sagrei 3
				  0.00	 41.47	 40.41	 26.19	 24.70	 25.63	 26.43	 26.51	 25.51	 40.15	 37.23	 36.46	 23.24	 21.31	 39.03	 36.44	 44.50	 37.43	 37.04	 20.25	 42.88	 41.88	 40.70	 29.30	 39.17	 37.01	 27.80	 24.44	 28.19	 23.78	 45.20	 45.13	 35.68	 37.40	 17.91	 37.52	 41.89	 41.19	 45.75	 26.10	 17.05	 37.92	 36.41	 37.25	 39.31	 44.10	 45.90	 24.41	 43.84	 38.00	 20.84	 41.87	 21.77	 15.26		Arizona_elegans 4
					  0.00	 10.69	 40.61	 39.07	 42.97	 41.98	 42.56	 39.19	 35.07	 30.09	 30.49	 40.20	 41.16	 31.55	 33.55	 36.65	 33.53	 32.45	 38.21	 32.69	 32.20	 32.84	 43.76	 34.75	 30.89	 40.81	 42.74	 42.31	 40.66	 40.48	 42.67	 29.97	 31.01	 42.57	 32.03	 32.10	 32.96	 43.14	 42.38	 40.25	 22.25	 32.26	 31.51	 32.05	 36.66	 35.95	 38.95	 41.07	 33.34	 32.32	 36.38	 42.53	 44.25		Aspidocelis_tigris 5
						  0.00	 39.80	 42.08	 43.31	 44.36	 45.67	 42.10	 34.11	 32.67	 31.45	 40.26	 39.40	 30.40	 31.52	 37.05	 34.29	 32.42	 38.69	 32.72	 33.92	 32.23	 43.36	 33.27	 32.65	 41.75	 41.40	 43.93	 42.39	 40.07	 45.50	 30.79	 30.82	 41.74	 32.35	 33.71	 33.69	 41.17	 41.78	 39.63	 21.16	 30.43	 31.23	 34.09	 35.95	 34.87	 42.19	 43.31	 35.60	 32.36	 35.30	 44.34	 44.38		Aspidoscelis_marmoratus 6
							  0.00	 26.78	 18.31	 25.61	 24.33	 19.54	 38.43	 38.87	 38.09	 23.35	 24.22	 42.75	 41.50	 40.17	 40.79	 36.73	 24.20	 42.74	 43.27	 39.97	 26.95	 43.02	 38.59	 24.48	 25.99	 27.22	 24.22	 45.36	 47.02	 37.71	 36.98	 23.84	 40.12	 39.23	 41.21	 46.77	 19.05	 21.45	 36.71	 37.62	 37.98	 43.45	 43.80	 45.33	 23.46	 44.20	 38.62	 17.72	 38.61	 24.35	 23.81		Azemiops_feae 7
								  0.00	 24.91	 27.32	 25.87	 26.55	 38.63	 39.81	 39.13	 25.71	 22.76	 43.29	 39.80	 43.88	 38.59	 36.06	 20.61	 41.12	 41.03	 39.88	 27.49	 39.20	 38.96	 27.25	 25.85	 25.36	 22.11	 45.07	 41.99	 34.38	 33.07	 23.06	 37.02	 39.71	 41.57	 46.05	 24.60	 21.83	 39.42	 34.67	 36.24	 41.42	 44.18	 41.27	 21.04	 44.17	 38.80	 20.98	 40.27	 20.69	 21.10		Boaedon_fuliginosus 8
									  0.00	 26.37	 25.87	 19.06	 39.23	 39.90	 37.96	 22.15	 25.12	 44.45	 43.17	 44.11	 39.92	 36.26	 23.66	 46.92	 44.68	 43.55	 26.33	 44.49	 36.95	 26.47	 23.25	 25.84	 22.15	 44.54	 45.83	 37.21	 39.37	 24.58	 39.38	 40.99	 41.60	 44.95	 16.17	 22.61	 40.33	 36.75	 36.76	 40.65	 42.44	 45.11	 24.04	 44.13	 37.51	 18.62	 45.49	 25.15	 25.29		Bothrops_jararaca 9
										  0.00	 29.99	 24.75	 38.74	 37.85	 37.72	 25.76	 24.63	 41.39	 40.69	 42.15	 38.30	 38.27	 23.59	 38.69	 39.10	 37.54	 25.74	 46.13	 39.39	 30.27	 26.54	 22.25	 21.72	 47.63	 47.04	 36.89	 37.78	 24.01	 40.73	 41.34	 39.29	 47.13	 26.27	 22.99	 39.91	 36.38	 38.35	 40.78	 47.69	 46.34	 24.62	 43.78	 38.69	 23.02	 40.21	 25.52	 24.50		Bungarus_multicintus 10
											  0.00	 25.26	 38.29	 34.62	 38.47	 25.08	 24.24	 42.04	 41.57	 42.30	 38.93	 35.02	 22.79	 42.22	 40.75	 40.84	 29.23	 42.31	 40.01	 22.70	 24.36	 28.28	 24.21	 41.66	 45.38	 35.61	 38.21	 27.74	 39.78	 40.10	 39.25	 42.94	 24.35	 24.90	 40.24	 36.83	 39.07	 41.46	 39.94	 46.08	 23.48	 46.92	 35.66	 23.12	 41.28	 24.59	 26.36		Charina_bottae 11
												  0.00	 38.82	 35.64	 38.43	 21.19	 24.21	 40.44	 40.77	 42.75	 36.85	 34.78	 24.04	 41.70	 41.25	 42.02	 25.10	 43.12	 36.42	 25.88	 26.23	 26.26	 23.49	 45.33	 45.09	 36.39	 38.76	 22.31	 36.60	 40.12	 42.27	 43.04	 17.30	 22.68	 36.64	 37.42	 37.58	 38.67	 40.44	 41.91	 23.16	 48.21	 37.50	 18.92	 40.20	 24.21	 25.91		Crotalus_tigris 12
													  0.00	 26.82	 24.84	 43.18	 38.77	 31.60	 36.93	 31.35	 28.95	 23.95	 37.25	 33.45	 34.58	 32.28	 39.93	 31.44	 25.14	 39.23	 36.23	 36.93	 35.69	 35.83	 40.87	 25.13	 26.37	 38.74	 24.69	 30.66	 32.91	 42.42	 38.96	 39.70	 32.86	 22.83	 22.85	 29.66	 34.26	 34.02	 36.47	 36.14	 30.71	 30.32	 36.08	 37.32	 40.07		Cryptoblepharus_egeriae 13
														  0.00	 16.87	 38.56	 33.88	 28.48	 31.07	 32.50	 25.80	 15.96	 37.43	 29.25	 29.32	 28.29	 38.56	 30.88	 24.64	 37.97	 34.44	 41.46	 36.14	 31.71	 36.43	 20.57	 23.06	 37.88	 26.67	 27.75	 28.34	 38.00	 37.35	 33.02	 28.10	 23.43	 24.40	 29.15	 34.03	 32.49	 36.29	 35.17	 28.22	 32.91	 33.57	 34.64	 36.95		Ctenosaura_bakeri 14
															  0.00	 38.12	 35.37	 27.97	 30.73	 34.14	 26.68	 17.17	 37.00	 32.21	 31.44	 31.00	 38.11	 34.76	 24.15	 38.66	 35.73	 40.10	 34.43	 34.87	 38.31	 23.00	 23.72	 39.32	 22.99	 27.39	 29.57	 38.04	 37.62	 36.63	 30.63	 23.02	 24.64	 29.55	 33.96	 33.07	 38.49	 33.18	 27.91	 33.14	 33.68	 36.80	 37.72		Cyclura_pinguis 15
																  0.00	 23.20	 41.47	 37.18	 39.78	 37.77	 36.70	 23.85	 41.78	 40.85	 41.62	 26.99	 41.05	 39.60	 25.13	 23.75	 29.08	 23.45	 47.43	 47.66	 35.30	 38.16	 24.75	 39.19	 41.77	 39.91	 43.65	 20.80	 20.99	 39.49	 38.22	 36.16	 38.82	 42.51	 45.52	 25.65	 44.60	 39.05	 18.36	 40.07	 24.55	 23.64		Daboia_siamensis 16
																	  0.00	 39.60	 37.89	 43.58	 38.15	 33.21	 16.84	 40.70	 40.22	 37.75	 23.76	 38.71	 39.20	 28.00	 23.72	 26.01	 19.78	 41.92	 45.27	 35.66	 36.33	 21.55	 39.84	 41.57	 39.35	 44.25	 22.04	 17.89	 36.86	 35.18	 38.28	 42.11	 42.97	 45.09	 19.46	 42.48	 35.43	 20.36	 40.51	 21.28	 19.92		Diadophis_punctatus 17
																		  0.00	 32.72	 36.19	 29.85	 27.35	 39.87	 32.72	 34.22	 33.54	 39.88	 37.04	 29.52	 44.17	 40.50	 45.43	 40.91	 38.91	 40.92	 28.30	 29.28	 39.87	 30.15	 30.60	 31.30	 38.72	 42.03	 37.24	 33.15	 30.14	 29.79	 28.29	 34.00	 35.09	 42.05	 39.57	 30.63	 34.11	 30.01	 43.37	 39.44		Elgaria_multicarinata 18
																			  0.00	 32.73	 32.38	 32.61	 39.10	 34.06	 35.59	 31.12	 39.07	 32.13	 32.75	 40.88	 38.60	 42.37	 38.60	 37.10	 42.13	 29.82	 30.84	 40.55	 31.97	 32.75	 32.70	 40.83	 40.90	 36.17	 34.29	 31.40	 32.91	 35.62	 38.34	 39.62	 40.35	 42.96	 36.77	 32.98	 30.67	 41.52	 39.30		Eublepharis_macularius 19
																				  0.00	 34.74	 31.75	 44.16	 37.22	 37.62	 34.50	 43.09	 25.41	 31.00	 42.07	 38.48	 46.11	 43.37	 37.94	 40.69	 30.87	 32.97	 43.83	 29.16	 36.31	 34.29	 40.80	 41.54	 39.70	 35.03	 30.03	 31.03	 37.04	 34.30	 39.96	 39.84	 38.43	 34.74	 36.19	 35.80	 43.28	 41.24		Gekko_japonicus 20
																					  0.00	 24.78	 37.49	 29.59	 28.72	 27.39	 39.48	 33.70	 26.91	 39.46	 39.17	 38.59	 35.67	 34.98	 35.85	 23.34	 25.91	 39.38	 26.58	 27.61	 26.63	 39.61	 39.06	 36.34	 32.71	 25.54	 27.05	 25.80	 34.84	 34.59	 39.64	 36.06	 32.15	 31.77	 28.42	 40.50	 38.84		Hemicordylus_capensis 21
																						  0.00	 34.89	 33.45	 31.21	 30.99	 37.92	 31.23	 23.62	 36.07	 33.20	 39.34	 32.85	 32.93	 37.13	 22.35	 22.89	 35.92	 25.13	 29.01	 28.47	 38.52	 33.99	 33.01	 30.42	 21.74	 22.62	 26.59	 32.42	 35.24	 36.28	 32.20	 26.51	 32.43	 33.18	 34.79	 35.91		Iguana_delicatissima 22
																							  0.00	 40.52	 39.89	 39.29	 21.44	 46.74	 35.57	 26.31	 22.34	 23.17	 20.02	 47.61	 41.31	 35.07	 37.16	 21.32	 39.90	 37.47	 37.54	 40.80	 23.02	 19.24	 35.51	 32.74	 33.96	 41.00	 41.92	 42.86	 18.86	 45.35	 38.38	 19.04	 40.15	 16.83	 19.71		Imantodes_cenchoa 23
																								  0.00	 11.92	 14.06	 38.43	 34.71	 30.84	 41.50	 40.96	 38.60	 37.12	 41.98	 39.68	 26.29	 28.50	 38.60	 29.10	 24.80	 23.69	 40.46	 44.88	 37.79	 32.77	 30.75	 32.41	 30.62	 39.69	 37.93	 43.77	 40.07	 36.29	 35.75	 21.45	 41.32	 41.31		Lacerta_agilis 24
																									  0.00	  6.97	 39.64	 33.38	 29.37	 40.98	 38.17	 39.83	 39.78	 42.41	 40.99	 26.25	 30.01	 38.98	 29.67	 24.70	 22.28	 38.34	 41.92	 38.68	 35.48	 29.49	 31.07	 30.95	 37.16	 38.41	 43.77	 39.01	 34.71	 34.06	 21.55	 40.33	 41.02		Lacerta_bilineata 25
																										  0.00	 39.48	 32.92	 29.38	 41.04	 36.21	 37.36	 38.45	 40.55	 39.55	 25.27	 28.38	 39.25	 29.04	 21.95	 21.22	 37.68	 41.06	 38.28	 34.41	 28.14	 31.15	 30.80	 36.28	 35.28	 42.37	 38.66	 35.12	 31.80	 21.05	 39.69	 38.76		Lacerta_viridis 26
																											  0.00	 45.63	 40.26	 28.72	 28.32	 23.19	 19.74	 46.30	 41.71	 34.87	 36.17	 24.58	 42.33	 40.30	 40.66	 45.14	 27.39	 23.29	 39.36	 36.38	 36.11	 41.10	 44.94	 42.64	 23.94	 44.55	 40.48	 21.97	 41.76	 25.25	 23.09		Laticauda_colubrina 27
																												  0.00	 34.72	 41.79	 39.83	 44.19	 43.28	 35.82	 41.67	 30.76	 30.54	 40.77	 34.23	 38.15	 34.98	 40.02	 43.12	 37.71	 33.90	 31.32	 32.39	 33.30	 32.37	 38.10	 40.83	 36.70	 33.72	 34.12	 35.67	 44.02	 39.94		Lepidodactylus_listeri 28
																													  0.00	 37.18	 34.97	 40.86	 37.10	 33.17	 38.12	 23.05	 23.95	 38.05	 22.22	 28.18	 27.55	 36.90	 37.83	 35.41	 28.39	 23.74	 23.89	 27.47	 31.22	 35.62	 39.44	 33.83	 30.34	 33.91	 30.31	 36.06	 36.47		Lerista_edwardsae 29
																														  0.00	 25.94	 28.21	 24.70	 43.99	 44.83	 37.80	 36.11	 26.14	 40.32	 41.34	 42.32	 44.52	 25.99	 23.75	 42.07	 37.40	 36.52	 40.82	 44.78	 41.91	 23.03	 44.81	 38.18	 22.82	 45.15	 27.36	 26.54		Morelia_viridis 30
																															  0.00	 27.34	 25.62	 43.51	 46.81	 32.29	 36.09	 22.11	 37.31	 39.21	 39.72	 39.77	 24.34	 21.37	 39.71	 33.34	 34.97	 37.41	 42.30	 44.66	 23.89	 44.08	 37.10	 20.65	 39.44	 23.01	 22.37		Myanophis_thanlyinensis 31
																																  0.00	 18.94	 43.84	 41.98	 37.13	 36.22	 26.67	 40.94	 41.61	 40.28	 46.12	 25.41	 27.91	 40.35	 36.09	 37.60	 41.36	 42.91	 43.83	 25.44	 41.11	 38.27	 21.47	 43.05	 23.74	 27.53		Naja_naja 32
																																	  0.00	 43.37	 41.63	 34.75	 35.54	 22.43	 39.64	 37.47	 38.00	 44.40	 22.92	 20.62	 36.12	 32.72	 34.39	 39.40	 40.87	 40.85	 20.12	 41.68	 36.26	 19.35	 42.17	 20.84	 22.24		Ophiophagus_hannah 33
																																		  0.00	 44.36	 33.89	 35.79	 46.01	 34.93	 36.13	 36.46	 45.53	 44.65	 44.92	 39.12	 34.80	 32.55	 39.89	 36.14	 42.50	 41.67	 40.83	 37.91	 37.88	 43.43	 42.60	 44.12		Paroedura_picta 34
																																			  0.00	 38.55	 37.43	 44.76	 39.28	 39.90	 38.15	 32.93	 46.96	 43.27	 43.78	 34.64	 37.32	 42.08	 47.41	 43.29	 40.98	 48.25	 41.19	 35.78	 39.86	 41.91	 41.28		Phrynocephalus_versicolor 35
																																				  0.00	 12.14	 35.08	 22.93	 24.31	 23.91	 38.90	 37.93	 32.15	 29.63	 19.01	 18.06	 26.13	 34.59	 30.43	 36.66	 36.06	 30.95	 31.68	 24.51	 33.31	 35.04		Phrynosoma_blainvillii 36
																																					  0.00	 35.24	 25.88	 25.72	 25.71	 38.54	 38.33	 33.15	 30.44	 19.74	 19.25	 27.44	 34.17	 28.65	 37.97	 34.13	 29.76	 30.12	 27.06	 34.55	 35.49		Phrynosoma_platyrhinos 37
																																						  0.00	 39.72	 43.74	 43.01	 41.72	 24.00	 15.57	 38.43	 36.40	 35.76	 37.63	 43.60	 45.36	 22.01	 47.51	 39.97	 23.46	 38.87	 21.09	 11.56		Pituophis_catenifer 38
																																							  0.00	 27.42	 26.96	 39.24	 38.29	 36.54	 32.02	 23.21	 24.48	 29.65	 32.49	 32.89	 42.11	 35.63	 32.27	 34.40	 29.66	 39.48	 38.08		Plestiodon_gilberti 39
																																								  0.00	 10.03	 39.65	 42.37	 38.54	 33.01	 25.79	 26.38	 32.78	 36.03	 34.19	 41.35	 39.29	 33.12	 31.58	 23.09	 42.16	 41.46		Podarci_raffonei 40
																																									  0.00	 40.79	 43.15	 35.96	 33.20	 25.16	 27.10	 32.33	 36.65	 34.70	 42.33	 40.68	 32.87	 34.96	 22.61	 40.62	 41.55		Podarcis_muralis 41
																																										  0.00	 45.54	 41.01	 41.12	 37.71	 37.35	 42.13	 44.27	 42.89	 45.41	 46.42	 38.92	 38.25	 40.19	 39.93	 42.81		Pogona_vitticeps 42
																																											  0.00	 23.13	 38.53	 36.79	 37.80	 40.47	 40.53	 45.81	 23.12	 48.94	 37.30	 16.29	 39.92	 25.52	 24.55		Protobothrops_mucrosquamatus 43
																																												  0.00	 33.92	 34.53	 35.42	 37.98	 43.62	 43.11	 20.23	 46.71	 37.32	 19.81	 37.28	 21.56	 14.22		Ptyas_mucosa 44
																																													  0.00	 31.16	 31.74	 31.11	 36.01	 35.97	 39.44	 39.02	 32.28	 32.07	 34.50	 36.22	 37.59		Salvator_merianae 45
																																														  0.00	 10.36	 27.00	 32.05	 31.43	 34.94	 37.04	 30.49	 30.18	 29.78	 35.10	 36.40		Sceloporus_occidentalis 46
																																															  0.00	 27.28	 33.69	 32.00	 35.79	 36.35	 30.68	 31.29	 30.62	 33.87	 35.97		Sceloporus_tristichus 47
																																																  0.00	 33.83	 36.86	 43.56	 37.27	 31.29	 34.35	 32.94	 40.76	 40.77		Shinisaurus_crocodilurus 48
																																																	  0.00	 38.45	 42.63	 38.17	 34.52	 34.15	 41.00	 42.33	 42.45		Sphaerodactylus_townsendi 49
																																																		  0.00	 45.86	 44.67	 37.13	 35.30	 39.56	 43.09	 44.60		Sphenodon_punctatus 50
																																																			  0.00	 43.23	 37.10	 21.57	 43.26	 22.05	 21.66		Thermophis_baileyi 51
																																																				  0.00	 19.94	 42.19	 43.37	 40.35	 46.05		Varanus_komodoensis 52
																																																					  0.00	 31.41	 36.12	 37.52	 38.91		Varanus_salvator 53
																																																						  0.00	 32.88	 21.06	 21.69		Vipera_latastei 54
																																																							  0.00	 43.37	 41.36		Zootaca_vivipara 55
																																																								  0.00	 20.09		Thamnophis_elegans 56
																																																									  0.00		Pantherophis_guttatus 57
