Distance Matrix
---------------

Using the Tamura correction method
Using base positions 123 in the codon
Gap weighting is 0.000000

	    1	    2	    3	    4	    5	    6	    7	    8	    9	    10	    11	    12	    13	    14	    15	    16	    17	    18	    19	    20	    21	    22	    23	    24	    25	    26	    27	    28	    29	    30	    31	    32	    33	    34	    35	    36	    37	    38	    39	    40	    41	    42	    43	    44	    45	    46	    47	    48	    49	    50	    51	    52	    53	    54	    55	    56	    57
	  0.00	 81.84	 80.86	 47.37	 82.32	 74.25	 52.48	 55.57	 46.96	 50.53	 27.15	 51.31	 90.96	 75.69	 71.72	 58.18	 46.73	 70.13	 77.86	 78.17	 83.39	 73.12	 45.45	 87.55	 82.68	 81.98	 48.04	 89.66	 76.07	 15.38	 45.81	 47.63	 43.62	 84.77	 90.31	 74.48	 79.64	 48.63	 77.82	 84.50	 81.77	 84.17	 47.77	 45.24	 86.91	 77.78	 78.50	 76.78	 82.84	 72.06	 44.04	 87.93	 82.15	 35.83	 81.46	 43.06	 43.76		Python_bivittatus 1
		  0.00	 29.92	 83.72	 62.56	 60.40	 86.67	 90.94	 86.02	 77.06	 89.36	 98.99	 43.34	 31.18	 33.71	 93.46	 89.97	 44.95	 46.83	 57.10	 47.28	 34.23	 83.90	 45.98	 44.62	 44.21	 99.69	 51.62	 40.16	 80.27	 78.64	 93.89	 81.03	 66.01	 57.64	 33.08	 34.25	 87.05	 44.11	 46.31	 47.68	 58.69	 86.30	 82.25	 57.08	 35.27	 31.55	 41.26	 56.00	 42.87	 86.65	 54.68	 51.72	 70.92	 52.55	 81.87	 87.06		Anolis_carolinensis 2
			  0.00	 79.76	 54.91	 56.41	 87.50	 86.57	 87.45	 69.80	 77.34	 92.66	 45.09	 31.29	 29.84	 87.68	 78.42	 44.57	 43.46	 48.47	 46.90	 32.05	 88.01	 38.90	 43.15	 43.08	 81.66	 48.42	 42.88	 79.15	 78.18	 77.72	 73.47	 56.64	 52.27	 30.16	 29.56	 82.10	 40.42	 41.31	 41.74	 58.27	 87.27	 83.33	 62.48	 33.86	 34.73	 42.47	 48.85	 45.47	 83.22	 54.22	 50.42	 74.33	 43.49	 77.33	 82.57		Anolis_sagrei 3
				  0.00	 86.24	 82.27	 38.46	 36.02	 39.09	 31.95	 45.68	 38.20	 82.03	 76.64	 76.63	 36.88	 28.96	 76.18	 73.93	 82.69	 85.02	 75.49	 30.68	 78.43	 75.45	 76.03	 35.21	 85.28	 75.55	 50.08	 37.25	 34.74	 31.61	 82.67	 87.92	 75.57	 71.02	 19.03	 77.55	 74.86	 74.96	 86.10	 36.69	 16.95	 79.68	 78.68	 78.17	 87.20	 89.63	 78.45	 27.21	 81.03	 79.26	 31.82	 81.69	 29.70	 16.39		Arizona_elegans 4
					  0.00	  8.09	 95.64	 90.95	 94.98	 89.55	 81.37	 91.39	 59.55	 52.77	 50.82	 86.63	 90.83	 64.30	 58.78	 50.34	 59.70	 52.78	 88.32	 59.51	 59.00	 58.98	102.57	 58.11	 59.44	 88.12	 82.65	 95.45	 92.76	 70.67	 65.44	 54.82	 52.59	 95.86	 56.87	 58.39	 59.35	 68.74	 94.36	 87.61	 30.41	 58.24	 57.82	 60.84	 61.15	 66.73	 92.66	 78.01	 66.76	 64.35	 65.65	 92.91	 90.64		Aspidocelis_tigris 5
						  0.00	 97.41	 92.31	 91.39	 91.56	 76.80	 92.32	 60.19	 52.30	 49.06	 87.84	 91.71	 60.51	 56.21	 51.74	 56.05	 53.76	 87.39	 64.30	 61.03	 62.02	100.67	 55.59	 55.97	 80.20	 78.87	 92.36	 93.03	 68.26	 63.21	 54.88	 49.95	 96.83	 57.88	 58.32	 58.30	 67.57	 90.07	 85.74	 25.81	 58.27	 58.41	 60.77	 58.53	 61.90	 87.85	 70.99	 63.38	 59.54	 62.39	 90.34	 86.45		Aspidoscelis_marmoratus 6
							  0.00	 41.88	 26.70	 40.62	 48.96	 30.24	 83.69	 84.12	 89.98	 32.47	 34.17	 86.31	 82.69	 80.11	 81.01	 81.01	 34.14	 81.42	 83.22	 82.37	 41.21	 85.15	 76.31	 49.19	 41.75	 40.94	 38.88	 80.35	 95.53	 88.78	 85.74	 34.05	 77.65	 88.29	 84.73	 97.69	 21.64	 33.21	 90.77	 82.71	 85.56	 81.43	 86.35	 84.35	 35.39	 86.61	 86.26	 21.72	 92.73	 35.86	 35.82		Azemiops_feae 7
								  0.00	 44.56	 39.26	 48.14	 45.01	 84.84	 84.97	 85.52	 45.97	 30.80	 83.33	 81.27	 77.52	 89.55	 82.66	 33.37	 91.05	 85.28	 84.47	 38.36	 87.27	 80.43	 56.10	 42.67	 35.70	 32.96	 94.13	 94.60	 81.99	 86.10	 34.15	 85.48	 84.41	 84.05	109.09	 39.99	 31.49	 90.41	 91.77	 83.93	 94.33	 88.92	 78.58	 28.80	 88.65	 92.73	 31.18	 95.55	 27.86	 32.11		Boaedon_fuliginosus 8
									  0.00	 37.77	 39.31	 24.78	 85.07	 78.93	 78.35	 36.12	 33.27	 79.52	 83.58	 80.32	 85.61	 72.54	 32.58	 82.04	 84.15	 81.94	 42.85	 83.02	 72.24	 48.80	 33.93	 37.69	 35.91	 75.38	 85.67	 86.03	 82.33	 42.14	 75.44	 77.26	 78.62	 81.01	 22.25	 39.14	 85.47	 77.17	 78.25	 80.90	 76.07	 78.96	 33.43	 84.69	 87.28	 12.84	 88.40	 32.64	 33.72		Bothrops_jararaca 9
										  0.00	 46.57	 42.63	 80.60	 74.51	 75.54	 42.65	 31.98	 77.16	 76.76	 79.76	 84.89	 72.51	 33.17	 75.13	 73.07	 74.87	 39.08	 89.74	 72.12	 52.86	 37.94	 26.66	 30.33	 89.42	 87.93	 70.12	 66.89	 36.83	 73.20	 72.33	 70.67	 97.14	 38.43	 35.72	 90.71	 73.74	 74.56	 79.29	 79.97	 76.64	 32.38	 87.29	 84.21	 17.14	 78.92	 31.74	 34.66		Bungarus_multicintus 10
											  0.00	 51.61	 84.24	 77.62	 75.09	 46.00	 44.22	 77.79	 90.49	 79.58	 87.15	 75.22	 44.75	 83.35	 82.39	 80.20	 43.96	 80.78	 73.10	 29.69	 39.65	 44.40	 42.27	 82.45	 87.87	 76.57	 81.01	 45.93	 79.74	 79.76	 81.12	 81.01	 46.88	 47.64	 85.09	 75.00	 69.55	 76.70	 75.98	 76.59	 41.99	 88.68	 86.51	 21.52	 82.93	 41.49	 39.66		Charina_bottae 11
												  0.00	 88.48	 85.97	 82.44	 37.01	 36.13	 83.72	 86.51	 78.83	 84.16	 83.21	 32.55	 79.84	 81.99	 85.48	 40.37	 88.46	 82.26	 52.25	 37.61	 42.68	 41.20	 80.76	 92.16	 86.20	 81.22	 40.38	 80.82	 80.37	 79.20	 91.33	 24.51	 41.09	 87.02	 83.59	 81.60	 80.87	 90.92	 90.55	 37.75	 87.17	 88.98	 14.21	 92.14	 36.07	 39.68		Crotalus_tigris 12
													  0.00	 39.48	 38.67	 80.58	 77.85	 55.02	 45.96	 47.89	 52.18	 37.87	 80.03	 44.62	 41.54	 41.51	 83.39	 41.90	 29.80	 86.96	 73.76	 79.81	 77.97	 60.44	 50.65	 36.76	 41.22	 84.07	 34.80	 42.02	 42.41	 56.42	 78.85	 85.63	 55.07	 38.27	 39.49	 39.05	 44.81	 46.30	 79.82	 57.97	 57.44	 56.48	 51.01	 77.17	 79.41		Cryptoblepharus_egeriae 13
														  0.00	 16.70	 83.28	 78.21	 39.56	 41.32	 44.07	 42.88	 15.22	 74.39	 42.57	 40.01	 38.78	 84.11	 40.70	 32.63	 76.20	 68.81	 82.30	 75.56	 55.55	 52.17	 22.96	 25.66	 79.73	 37.70	 42.48	 42.47	 52.65	 84.51	 81.45	 55.07	 28.61	 25.46	 36.82	 49.71	 39.14	 74.25	 55.72	 49.84	 67.28	 46.47	 79.14	 73.73		Ctenosaura_bakeri 14
															  0.00	 78.94	 80.24	 42.41	 41.63	 41.92	 44.97	 15.76	 77.86	 39.60	 37.17	 37.95	 83.10	 39.93	 30.49	 69.77	 68.71	 83.57	 72.47	 53.10	 53.09	 24.39	 26.18	 78.33	 38.04	 37.95	 37.56	 52.66	 79.77	 81.35	 53.08	 28.86	 26.07	 35.65	 44.42	 37.64	 72.13	 58.60	 50.26	 59.31	 41.22	 76.00	 75.68		Cyclura_pinguis 15
																  0.00	 39.32	 84.92	 85.92	 80.29	 77.99	 81.28	 37.99	 78.68	 79.89	 80.50	 42.82	 80.08	 77.73	 55.38	 42.08	 40.96	 36.05	 88.94	 86.17	 83.01	 81.92	 38.22	 79.80	 79.84	 76.66	 97.89	 33.92	 36.84	 84.21	 86.19	 79.86	 75.85	 86.34	 79.37	 36.32	 82.64	 86.89	  8.66	 83.88	 38.71	 37.91		Daboia_siamensis 16
																	  0.00	 81.12	 85.69	 82.00	 84.54	 77.77	 20.19	 83.12	 81.57	 78.75	 31.75	 78.67	 78.39	 45.30	 32.57	 29.24	 30.54	 76.20	 88.57	 79.08	 78.74	 28.27	 80.38	 79.64	 83.41	 91.63	 33.57	 28.80	 82.78	 78.85	 78.32	 85.49	 75.66	 76.15	 19.05	 87.05	 86.94	 21.71	 85.78	 23.73	 25.47		Diadophis_punctatus 17
																		  0.00	 49.13	 53.59	 52.85	 39.13	 75.68	 45.07	 47.24	 48.13	 87.22	 52.10	 44.66	 76.38	 75.12	 83.11	 75.10	 64.59	 57.64	 41.17	 42.95	 73.31	 38.03	 44.58	 44.61	 58.27	 81.59	 76.16	 63.65	 44.97	 42.82	 43.77	 56.51	 45.90	 78.11	 61.98	 59.73	 56.58	 48.68	 74.53	 72.01		Elgaria_multicarinata 18
																			  0.00	 48.27	 45.75	 40.44	 81.88	 49.00	 49.42	 50.45	 84.50	 48.48	 43.78	 80.38	 74.53	 83.90	 71.82	 59.61	 55.41	 39.66	 41.49	 75.25	 42.60	 51.23	 47.10	 55.91	 83.60	 68.83	 60.48	 43.04	 42.62	 49.60	 52.61	 46.47	 80.61	 56.38	 51.93	 74.20	 49.54	 77.91	 74.56		Eublepharis_macularius 19
																				  0.00	 53.89	 44.04	 72.82	 50.81	 50.80	 53.63	 86.21	 37.23	 46.64	 81.47	 81.72	 89.58	 76.99	 51.63	 61.74	 45.33	 51.82	 86.98	 47.64	 46.68	 48.50	 56.02	 76.59	 80.59	 55.52	 48.42	 46.21	 51.21	 43.57	 51.85	 77.88	 71.03	 62.29	 59.10	 54.20	 81.25	 84.18		Gekko_japonicus 20
																					  0.00	 41.64	 78.88	 49.34	 47.07	 47.11	 84.91	 56.09	 46.78	 83.84	 77.92	 83.51	 81.66	 56.80	 57.83	 43.38	 41.52	 84.96	 45.17	 48.64	 50.94	 60.96	 77.85	 75.79	 57.43	 45.46	 41.75	 44.63	 58.60	 50.53	 77.84	 49.54	 49.54	 56.78	 47.39	 91.12	 79.09		Hemicordylus_capensis 21
																						  0.00	 75.11	 38.85	 35.28	 36.81	 83.38	 42.40	 31.91	 73.58	 64.96	 74.81	 69.98	 54.07	 47.60	 22.13	 23.48	 76.57	 37.95	 37.19	 38.78	 48.07	 76.58	 76.07	 51.70	 26.42	 24.07	 37.19	 45.75	 40.44	 72.20	 52.18	 50.38	 61.69	 40.04	 73.44	 71.05		Iguana_delicatissima 22
																							  0.00	 86.90	 83.03	 80.83	 31.49	 79.87	 74.97	 44.05	 30.32	 30.43	 29.46	 73.81	 85.45	 77.82	 81.57	 26.32	 84.68	 79.46	 81.85	 93.31	 30.47	 26.21	 78.67	 81.15	 77.17	 84.90	 82.32	 78.90	 22.17	 89.56	 89.07	 18.50	 87.24	 22.91	 24.31		Imantodes_cenchoa 23
																								  0.00	 12.06	 12.60	 84.23	 53.63	 42.52	 83.70	 76.41	 83.03	 72.33	 59.38	 59.15	 37.29	 36.59	 78.47	 34.68	 20.13	 18.55	 61.78	 78.50	 77.72	 60.43	 38.97	 38.50	 43.91	 45.73	 50.07	 78.68	 60.13	 59.49	 67.66	 20.96	 75.76	 79.11		Lacerta_agilis 24
																									  0.00	  4.17	 84.02	 53.10	 40.39	 81.36	 71.92	 81.42	 73.48	 63.73	 56.57	 38.01	 36.53	 81.06	 36.54	 20.00	 19.42	 58.83	 74.64	 74.75	 56.30	 38.62	 36.91	 46.82	 43.17	 46.84	 76.03	 58.38	 53.77	 67.80	 25.14	 75.02	 78.24		Lacerta_bilineata 25
																										  0.00	 83.95	 54.56	 38.77	 80.63	 72.98	 81.38	 69.63	 64.81	 55.92	 38.01	 35.75	 81.03	 37.34	 20.26	 20.01	 59.35	 75.13	 74.70	 56.28	 38.13	 35.69	 47.23	 44.42	 47.27	 77.24	 57.88	 54.75	 65.07	 26.91	 71.84	 79.61		Lacerta_viridis 26
																											  0.00	 97.10	 80.57	 49.40	 44.08	 27.41	 28.18	 89.35	 92.78	 79.90	 79.78	 34.97	 85.65	 83.13	 85.56	 91.15	 42.53	 32.80	 91.98	 85.70	 85.84	 88.16	 84.81	 81.50	 29.88	 96.30	 94.52	 24.23	 85.31	 33.00	 34.72		Laticauda_colubrina 27
																												  0.00	 41.94	 82.19	 82.21	 96.00	 85.88	 53.63	 54.99	 42.79	 48.50	 90.61	 47.50	 53.57	 56.10	 59.57	 82.09	 84.69	 57.01	 46.19	 45.31	 45.74	 44.01	 54.64	 80.03	 60.14	 61.70	 59.10	 55.61	 80.32	 78.97		Lepidodactylus_listeri 28
																													  0.00	 75.06	 66.61	 75.80	 67.10	 57.60	 49.38	 34.14	 34.93	 75.09	 24.49	 41.61	 41.63	 50.47	 74.15	 72.18	 54.81	 35.66	 32.27	 38.74	 41.10	 42.90	 73.02	 56.23	 53.63	 59.44	 43.41	 70.65	 70.03		Lerista_edwardsae 29
																														  0.00	 46.34	 52.41	 46.13	 79.50	 88.47	 76.92	 80.80	 49.59	 77.53	 81.99	 80.73	 83.84	 49.37	 47.46	 81.61	 73.56	 74.30	 76.97	 78.90	 70.63	 44.16	 84.84	 80.15	 33.96	 83.92	 44.14	 45.98		Morelia_viridis 30
																															  0.00	 39.10	 37.67	 75.10	 81.26	 70.98	 70.61	 36.86	 73.83	 71.89	 74.52	 79.78	 38.19	 35.49	 81.71	 71.91	 70.27	 73.36	 78.72	 68.46	 31.08	 80.05	 89.66	 18.38	 82.23	 31.70	 31.05		Myanophis_thanlyinensis 31
																																  0.00	 21.95	 85.14	 90.01	 78.87	 81.41	 35.79	 79.60	 74.43	 79.89	102.14	 35.19	 33.34	 94.29	 77.47	 76.91	 92.32	 81.92	 82.48	 25.30	 89.15	 87.56	 26.70	 88.44	 30.92	 30.21		Naja_naja 32
																																	  0.00	 76.19	 83.38	 70.21	 73.44	 33.08	 73.28	 65.54	 68.58	 81.81	 37.82	 30.24	 81.68	 74.89	 67.01	 82.00	 76.01	 81.26	 25.32	 82.55	 80.58	 21.88	 78.40	 26.70	 27.89		Ophiophagus_hannah 33
																																		  0.00	 72.40	 56.69	 60.70	 81.88	 55.84	 58.80	 60.51	 63.45	 77.35	 79.66	 61.78	 53.89	 55.77	 65.72	 59.00	 65.17	 78.05	 66.89	 74.13	 70.34	 62.67	 81.10	 76.31		Paroedura_picta 34
																																			  0.00	 52.20	 53.29	 91.21	 52.43	 51.35	 52.36	 48.69	 84.11	 86.09	 65.48	 53.84	 49.93	 55.64	 56.49	 59.44	 85.73	 73.74	 68.09	 64.50	 56.43	 85.45	 82.16		Phrynocephalus_versicolor 35
																																				  0.00	 13.44	 79.36	 39.69	 37.21	 38.81	 51.76	 80.00	 74.74	 52.73	 24.47	 25.22	 33.78	 43.60	 41.65	 73.24	 51.40	 46.70	 58.07	 38.06	 75.63	 74.08		Phrynosoma_blainvillii 36
																																					  0.00	 84.78	 39.05	 38.49	 39.72	 55.25	 78.74	 74.99	 55.34	 28.81	 29.79	 33.87	 51.14	 42.55	 78.36	 54.53	 48.15	 59.87	 39.85	 79.06	 76.35		Phrynosoma_platyrhinos 37
																																						  0.00	 77.76	 77.70	 79.16	 92.04	 36.69	 19.76	 84.02	 84.75	 81.28	 81.13	 89.84	 76.04	 28.11	 80.61	 83.45	 28.23	 85.37	 30.19	 12.27		Pituophis_catenifer 38
																																							  0.00	 38.18	 35.76	 52.61	 78.07	 78.92	 55.72	 34.16	 33.45	 39.16	 45.26	 44.54	 78.74	 58.09	 51.32	 70.84	 41.09	 77.06	 77.16		Plestiodon_gilberti 39
																																								  0.00	  7.01	 55.20	 76.33	 75.27	 58.82	 35.27	 35.69	 49.95	 46.59	 49.07	 75.06	 61.05	 58.83	 56.72	 22.29	 75.59	 72.84		Podarci_raffonei 40
																																									  0.00	 55.28	 77.73	 73.64	 56.89	 37.23	 36.87	 51.40	 47.04	 48.20	 77.73	 58.91	 56.77	 59.54	 24.31	 75.24	 75.33		Podarcis_muralis 41
																																										  0.00	 87.49	 92.55	 61.62	 49.50	 48.51	 55.12	 50.18	 58.72	 86.62	 68.67	 65.82	 56.67	 55.89	 89.42	 86.38		Pogona_vitticeps 42
																																											  0.00	 34.42	 83.15	 81.76	 79.11	 78.37	 77.24	 82.88	 32.50	 80.24	 85.81	 20.33	 82.30	 32.18	 35.52		Protobothrops_mucrosquamatus 43
																																												  0.00	 84.82	 78.84	 84.04	 82.24	 87.42	 77.18	 25.71	 79.62	 80.38	 28.01	 78.81	 29.57	 17.98		Ptyas_mucosa 44
																																													  0.00	 54.56	 54.15	 59.72	 55.62	 65.67	 80.70	 67.54	 67.94	 61.87	 62.71	 88.82	 82.14		Salvator_merianae 45
																																														  0.00	 15.08	 37.15	 51.58	 42.06	 78.01	 56.23	 48.91	 59.39	 42.00	 78.30	 76.29		Sceloporus_occidentalis 46
																																															  0.00	 36.79	 49.26	 42.49	 73.70	 51.76	 48.06	 61.83	 37.83	 72.62	 75.29		Sceloporus_tristichus 47
																																																  0.00	 53.00	 46.33	 81.00	 55.17	 52.22	 56.74	 49.61	 83.57	 85.87		Shinisaurus_crocodilurus 48
																																																	  0.00	 51.94	 72.86	 64.43	 61.29	 56.50	 49.80	 79.75	 88.33		Sphaerodactylus_townsendi 49
																																																		  0.00	 74.43	 61.94	 56.83	 70.75	 52.04	 75.29	 76.67		Sphenodon_punctatus 50
																																																			  0.00	 85.40	 82.21	 18.69	 78.41	 25.25	 20.96		Thermophis_baileyi 51
																																																				  0.00	 30.42	 62.18	 57.44	 84.23	 85.68		Varanus_komodoensis 52
																																																					  0.00	 70.53	 59.02	 90.15	 82.18		Varanus_salvator 53
																																																						  0.00	 67.49	 21.87	 29.88		Vipera_latastei 54
																																																							  0.00	 81.05	 83.20		Zootaca_vivipara 55
																																																								  0.00	 29.12		Thamnophis_elegans 56
																																																									  0.00		Pantherophis_guttatus 57
