Distance Matrix
---------------

Using the Tamura correction method
Using base positions 123 in the codon
Gap weighting is 0.000000

	    1	    2	    3	    4	    5	    6	    7	    8	    9	    10	    11	    12	    13	    14	    15	    16	    17	    18	    19	    20	    21	    22	    23	    24	    25	    26	    27	    28	    29	    30	    31	    32	    33	    34	    35	    36	    37	    38	    39	    40	    41	    42	    43	    44	    45	    46	    47	    48	    49	    50	    51	    52	    53	    54	    55	    56	    57
	  0.00	 59.12	 61.29	 35.25	 59.17	 57.59	 34.05	 36.05	 37.33	 36.33	 27.73	 34.74	 56.66	 54.61	 56.57	 36.95	 33.06	 50.74	 53.40	 58.41	 55.91	 49.72	 32.52	 53.56	 57.30	 57.99	 38.46	 55.65	 54.16	 18.97	 35.91	 34.50	 34.22	 64.25	 59.34	 54.83	 51.85	 30.48	 56.45	 57.85	 58.24	 56.18	 30.97	 34.35	 52.12	 53.45	 53.23	 56.48	 54.94	 60.10	 33.18	 72.52	 58.90	 20.16	 55.34	 36.00	 33.51		Python_bivittatus 1
		  0.00	 26.07	 62.70	 50.23	 50.19	 65.71	 64.39	 65.58	 59.02	 62.22	 67.94	 44.27	 34.37	 38.48	 64.82	 65.20	 41.26	 45.62	 52.32	 49.32	 40.01	 59.64	 44.44	 51.84	 49.66	 65.28	 52.48	 45.54	 60.03	 60.41	 65.16	 61.50	 56.37	 53.45	 35.38	 31.39	 58.60	 39.91	 46.49	 45.72	 57.68	 64.51	 60.50	 51.32	 34.68	 33.87	 39.93	 49.87	 55.22	 62.88	 62.15	 51.75	 31.00	 46.97	 63.08	 61.89		Anolis_carolinensis 2
			  0.00	 64.37	 50.29	 54.98	 68.11	 63.93	 68.84	 56.01	 65.96	 69.03	 47.19	 39.84	 41.25	 66.47	 69.91	 44.98	 44.67	 54.93	 49.23	 41.66	 64.44	 46.96	 49.81	 48.30	 65.53	 54.59	 48.10	 62.86	 70.51	 64.56	 60.58	 58.75	 55.11	 36.02	 32.83	 61.63	 44.28	 44.91	 46.97	 57.38	 62.89	 62.57	 56.61	 37.33	 34.67	 42.20	 49.51	 64.05	 70.99	 77.05	 52.72	 33.36	 47.23	 65.53	 65.75		Anolis_sagrei 3
				  0.00	 59.86	 61.28	 29.83	 28.62	 32.38	 32.52	 41.04	 35.94	 58.73	 63.19	 62.63	 37.28	 27.22	 56.32	 55.75	 61.49	 58.88	 60.17	 26.08	 63.36	 59.52	 59.21	 34.78	 62.35	 59.61	 35.55	 31.88	 32.85	 28.98	 64.76	 63.35	 58.81	 58.26	 18.31	 57.82	 67.21	 65.32	 64.26	 29.17	 22.03	 54.94	 59.61	 63.94	 53.95	 65.01	 66.38	 27.02	 72.24	 62.21	 18.83	 66.27	 29.05	 15.84		Arizona_elegans 4
					  0.00	 12.28	 62.14	 66.38	 66.70	 63.02	 66.01	 72.24	 54.85	 51.49	 55.41	 63.14	 66.88	 49.69	 54.79	 56.97	 53.05	 49.04	 59.83	 52.08	 54.20	 53.90	 62.42	 60.17	 52.75	 63.68	 61.31	 63.41	 63.88	 60.47	 56.00	 50.15	 49.39	 60.30	 50.84	 47.21	 48.49	 60.14	 61.94	 59.63	 33.74	 49.54	 53.85	 46.38	 58.90	 61.93	 64.88	 72.29	 58.04	 32.62	 50.01	 60.93	 62.10		Aspidocelis_tigris 5
						  0.00	 62.91	 66.51	 67.59	 62.04	 66.91	 71.14	 52.40	 49.48	 53.18	 66.53	 68.47	 49.78	 54.54	 54.17	 52.76	 48.67	 59.17	 53.90	 55.75	 55.44	 63.85	 62.01	 52.69	 61.40	 61.74	 62.44	 64.72	 63.70	 55.15	 50.08	 45.50	 61.67	 48.76	 48.51	 48.29	 60.20	 64.15	 59.02	 33.20	 50.15	 50.70	 47.78	 58.68	 58.80	 61.19	 85.80	 54.93	 30.86	 51.47	 61.02	 61.48		Aspidoscelis_marmoratus 6
							  0.00	 36.22	 23.61	 36.57	 38.87	 25.53	 57.25	 55.42	 63.45	 27.16	 29.54	 54.84	 58.83	 62.31	 61.28	 54.09	 30.63	 57.91	 61.51	 60.44	 37.71	 57.71	 57.04	 34.73	 34.37	 33.62	 29.74	 63.13	 64.30	 58.43	 59.13	 31.10	 59.24	 65.48	 63.31	 59.91	 20.99	 35.57	 55.26	 63.39	 64.83	 53.40	 59.82	 63.82	 31.56	 65.03	 60.13	 15.51	 63.39	 38.72	 31.51		Azemiops_feae 7
								  0.00	 37.34	 31.38	 41.83	 36.63	 57.43	 64.21	 62.56	 40.40	 27.82	 57.91	 58.61	 67.45	 59.88	 63.56	 26.74	 62.65	 66.07	 65.34	 34.42	 63.36	 62.57	 37.07	 33.51	 31.09	 31.49	 68.78	 60.48	 60.09	 56.91	 28.95	 57.94	 68.37	 66.94	 59.15	 34.55	 30.78	 61.75	 64.04	 64.59	 56.41	 60.54	 65.73	 31.47	 67.32	 59.21	 20.96	 60.42	 31.26	 28.50		Boaedon_fuliginosus 8
									  0.00	 35.85	 42.33	 27.95	 58.64	 58.63	 64.75	 34.22	 32.59	 56.05	 60.01	 58.56	 59.17	 55.02	 35.11	 58.77	 63.42	 62.69	 37.54	 57.98	 59.67	 38.16	 34.85	 33.80	 29.77	 64.05	 62.76	 62.79	 61.80	 32.08	 58.54	 65.06	 68.84	 62.92	 23.00	 35.96	 62.67	 64.51	 65.51	 56.75	 62.84	 68.35	 31.56	 76.11	 59.46	 19.11	 63.89	 36.35	 32.86		Bothrops_jararaca 9
										  0.00	 41.77	 38.24	 57.17	 56.59	 60.94	 38.74	 29.56	 53.76	 56.80	 59.20	 61.48	 58.22	 30.72	 63.51	 67.89	 65.05	 31.71	 60.32	 61.73	 37.46	 35.01	 28.15	 28.91	 67.36	 59.63	 57.90	 57.36	 32.65	 61.17	 65.73	 62.83	 65.74	 33.42	 31.43	 61.89	 57.71	 55.26	 52.45	 64.72	 62.67	 28.91	 76.74	 59.92	 19.59	 63.27	 36.09	 30.60		Bungarus_multicintus 10
											  0.00	 43.76	 58.86	 59.29	 64.09	 45.49	 43.56	 58.80	 56.36	 64.74	 61.92	 55.64	 39.52	 62.97	 66.61	 66.58	 43.32	 60.02	 60.79	 29.49	 39.84	 39.69	 39.98	 67.68	 63.75	 59.46	 59.52	 39.23	 56.73	 63.39	 66.60	 58.66	 39.95	 41.31	 60.44	 60.17	 59.75	 58.69	 60.26	 68.79	 39.65	 61.00	 61.35	 25.37	 64.93	 44.41	 39.37		Charina_bottae 11
												  0.00	 58.64	 57.96	 60.62	 36.00	 34.23	 56.81	 68.30	 62.28	 59.90	 58.16	 38.00	 58.20	 61.47	 62.23	 39.00	 60.65	 58.03	 39.67	 36.29	 40.09	 31.75	 68.07	 72.46	 57.79	 59.82	 36.71	 61.28	 64.43	 66.51	 59.26	 22.12	 39.04	 63.81	 59.69	 58.73	 55.23	 64.22	 66.55	 32.51	 70.93	 60.79	 19.88	 62.60	 36.55	 35.83		Crotalus_tigris 12
													  0.00	 39.33	 40.70	 59.95	 56.35	 39.44	 47.97	 45.25	 45.04	 38.81	 57.05	 45.92	 48.27	 47.12	 64.95	 44.52	 32.80	 58.57	 55.40	 52.72	 56.43	 54.08	 52.70	 39.74	 40.39	 57.46	 32.86	 47.92	 49.09	 55.11	 58.06	 59.47	 46.45	 41.76	 41.96	 45.65	 41.26	 58.36	 56.38	 62.99	 47.23	 29.19	 47.87	 57.94	 58.62		Cryptoblepharus_egeriae 13
														  0.00	 25.66	 59.91	 60.36	 37.61	 43.54	 45.63	 46.48	 19.65	 57.57	 38.79	 45.02	 42.83	 59.86	 48.75	 36.83	 55.83	 59.03	 57.42	 54.62	 57.02	 52.12	 31.64	 30.68	 58.15	 37.18	 43.25	 42.60	 48.47	 55.52	 64.40	 53.87	 31.79	 29.96	 37.83	 46.13	 50.63	 59.64	 66.79	 39.38	 30.12	 41.36	 61.68	 62.80		Ctenosaura_bakeri 14
															  0.00	 64.40	 59.05	 39.91	 45.72	 46.73	 45.73	 22.36	 62.58	 43.07	 44.38	 43.01	 62.60	 49.88	 40.25	 60.75	 58.44	 58.76	 61.19	 58.32	 54.73	 34.20	 33.60	 58.57	 37.97	 46.67	 44.33	 50.53	 58.73	 62.03	 56.04	 33.43	 36.68	 40.01	 50.65	 56.81	 57.04	 53.48	 40.91	 29.64	 46.07	 63.82	 60.83		Cyclura_pinguis 15
																  0.00	 36.09	 60.01	 61.33	 64.21	 63.44	 58.32	 39.44	 63.89	 65.83	 64.71	 39.93	 61.24	 62.65	 41.11	 39.43	 38.97	 32.33	 65.46	 66.29	 60.78	 60.55	 36.81	 60.42	 63.94	 63.65	 68.31	 29.55	 36.38	 64.60	 67.35	 63.11	 58.41	 66.78	 64.73	 38.00	 78.00	 59.97	 17.91	 68.55	 37.87	 37.98		Daboia_siamensis 16
																	  0.00	 53.37	 59.98	 64.12	 62.22	 60.47	 22.23	 62.85	 65.45	 64.71	 34.74	 58.78	 62.75	 33.81	 31.64	 29.74	 28.65	 67.52	 64.37	 61.58	 60.60	 27.87	 58.04	 64.89	 66.08	 62.40	 29.81	 31.82	 63.61	 63.60	 67.98	 60.85	 65.01	 64.51	 24.49	 72.87	 61.17	 19.62	 64.92	 30.28	 25.59		Diadophis_punctatus 17
																		  0.00	 45.18	 47.01	 43.35	 37.19	 55.36	 43.26	 46.76	 45.64	 61.68	 51.05	 39.80	 54.36	 56.20	 51.65	 52.00	 55.63	 53.70	 37.98	 37.08	 55.69	 37.87	 44.36	 43.81	 53.73	 54.60	 58.11	 49.06	 38.17	 38.52	 34.96	 45.71	 54.75	 52.42	 52.98	 41.81	 29.20	 44.03	 57.45	 59.56		Elgaria_multicarinata 18
																			  0.00	 48.01	 49.50	 43.68	 54.81	 48.38	 51.87	 50.05	 59.02	 50.32	 46.18	 56.52	 60.16	 56.48	 58.21	 54.95	 53.17	 46.67	 43.40	 51.72	 46.73	 50.41	 47.24	 55.03	 57.04	 55.64	 54.11	 45.50	 43.35	 41.30	 49.68	 57.45	 60.93	 73.64	 52.77	 28.78	 47.88	 62.43	 57.60		Eublepharis_macularius 19
																				  0.00	 49.02	 43.54	 66.38	 50.45	 51.43	 51.72	 65.67	 36.30	 44.88	 60.72	 55.83	 60.69	 63.52	 56.60	 56.41	 47.30	 49.73	 57.83	 41.75	 51.40	 49.86	 60.14	 62.04	 61.93	 50.43	 48.40	 50.01	 45.90	 49.63	 62.05	 62.61	 67.85	 53.82	 27.03	 51.54	 65.16	 61.09		Gekko_japonicus 20
																					  0.00	 44.34	 58.34	 50.13	 49.02	 48.11	 59.27	 51.79	 45.94	 58.37	 57.39	 61.45	 56.63	 49.56	 53.71	 43.85	 45.43	 57.93	 42.92	 49.91	 49.40	 46.86	 59.78	 56.73	 52.84	 46.75	 47.05	 40.99	 52.09	 56.32	 61.51	 54.95	 49.64	 29.55	 51.53	 59.41	 60.94		Hemicordylus_capensis 21
																						  0.00	 61.84	 41.62	 48.05	 46.06	 60.52	 48.15	 32.57	 56.94	 54.44	 56.93	 56.60	 54.95	 51.62	 33.53	 33.49	 56.94	 34.78	 42.03	 42.32	 45.81	 51.72	 60.86	 49.97	 32.97	 33.80	 36.48	 42.81	 55.08	 55.32	 56.38	 37.61	 27.85	 46.95	 58.19	 58.52		Iguana_delicatissima 22
																							  0.00	 59.47	 67.64	 65.70	 34.86	 59.74	 62.60	 32.30	 30.20	 29.70	 28.38	 66.55	 63.60	 58.81	 58.57	 27.67	 57.83	 67.26	 64.97	 64.23	 33.64	 31.18	 54.01	 58.91	 65.25	 57.08	 59.59	 65.44	 25.79	 70.72	 61.87	 20.79	 61.15	 29.85	 23.90		Imantodes_cenchoa 23
																								  0.00	 21.84	 20.14	 62.98	 47.15	 42.32	 58.00	 57.66	 64.51	 61.52	 59.96	 63.42	 41.73	 38.00	 59.25	 40.40	 24.83	 24.73	 57.07	 59.76	 64.72	 51.25	 42.53	 42.93	 45.35	 50.10	 64.81	 61.85	 62.74	 53.95	 30.47	 23.32	 61.37	 64.08		Lacerta_agilis 24
																									  0.00	  3.69	 67.34	 52.51	 45.38	 62.13	 59.84	 64.53	 63.10	 62.32	 61.16	 40.05	 42.30	 59.58	 43.31	 28.53	 30.05	 54.65	 60.85	 61.38	 52.18	 47.37	 43.99	 42.61	 54.18	 58.75	 68.61	 70.04	 53.56	 33.81	 30.21	 67.01	 63.83		Lacerta_bilineata 25
																										  0.00	 67.40	 51.84	 44.81	 61.85	 58.46	 62.66	 63.44	 61.59	 61.12	 39.57	 40.15	 58.57	 43.09	 28.37	 28.97	 54.61	 58.75	 61.03	 50.65	 45.07	 43.48	 42.63	 53.33	 59.97	 68.23	 65.47	 53.30	 33.08	 28.53	 66.65	 62.01		Lacerta_viridis 26
																											  0.00	 64.07	 63.01	 42.94	 40.17	 32.75	 30.98	 68.08	 65.50	 64.42	 59.62	 34.58	 60.43	 63.72	 65.00	 67.54	 33.92	 37.31	 68.70	 69.50	 68.50	 57.76	 68.30	 64.86	 33.71	 67.53	 62.66	 23.30	 62.59	 39.09	 36.17		Laticauda_colubrina 27
																												  0.00	 44.62	 58.51	 55.30	 61.12	 64.34	 55.02	 53.30	 52.17	 51.82	 59.01	 44.43	 55.70	 54.97	 59.83	 58.78	 60.42	 54.43	 47.72	 51.30	 50.53	 48.26	 65.72	 60.97	 57.78	 54.03	 29.85	 51.08	 68.95	 60.57		Lepidodactylus_listeri 28
																													  0.00	 58.82	 58.11	 55.88	 60.83	 53.91	 51.93	 36.41	 33.32	 54.85	 28.05	 45.71	 45.30	 53.45	 53.39	 57.79	 46.90	 37.84	 35.96	 39.21	 42.71	 55.19	 56.42	 52.88	 42.91	 30.11	 44.14	 65.24	 62.21		Lerista_edwardsae 29
																														  0.00	 36.95	 31.75	 34.35	 66.50	 57.35	 54.82	 54.87	 34.27	 54.93	 57.46	 60.27	 59.36	 32.46	 35.11	 58.61	 56.25	 55.37	 57.65	 57.92	 63.19	 34.85	 68.59	 58.45	 20.98	 55.27	 39.07	 34.13		Morelia_viridis 30
																															  0.00	 33.27	 34.03	 65.55	 61.37	 59.25	 61.38	 35.00	 56.44	 62.67	 60.01	 62.03	 32.49	 34.40	 56.95	 60.77	 65.03	 58.57	 65.31	 60.79	 31.85	 56.24	 58.87	 20.72	 64.90	 34.91	 30.73		Myanophis_thanlyinensis 31
																																  0.00	 24.64	 72.64	 60.97	 58.94	 58.69	 31.03	 57.21	 66.05	 64.12	 62.41	 32.26	 31.96	 57.28	 58.46	 59.54	 52.28	 63.91	 64.17	 30.09	 66.58	 56.33	 21.49	 59.54	 35.09	 31.42		Naja_naja 32
																																	  0.00	 66.85	 61.59	 55.49	 56.53	 27.77	 54.59	 63.35	 62.68	 64.87	 30.72	 34.53	 57.72	 61.21	 57.34	 54.49	 62.56	 67.24	 30.32	 59.52	 56.31	 19.68	 58.73	 31.94	 28.10		Ophiophagus_hannah 33
																																		  0.00	 61.96	 56.03	 56.31	 66.43	 52.55	 63.44	 60.84	 62.63	 66.76	 67.48	 61.56	 56.02	 56.85	 52.29	 57.38	 69.74	 64.11	 94.80	 64.97	 33.97	 62.76	 72.71	 67.71		Paroedura_picta 34
																																			  0.00	 48.53	 49.74	 61.21	 53.52	 56.87	 58.00	 51.84	 60.25	 61.15	 54.11	 54.07	 53.25	 48.28	 55.08	 62.87	 65.39	 80.92	 58.64	 33.58	 55.18	 67.30	 63.93		Phrynocephalus_versicolor 35
																																				  0.00	 13.58	 54.33	 38.77	 40.46	 40.05	 51.31	 58.61	 58.05	 48.32	 26.03	 25.54	 38.21	 47.11	 57.31	 61.77	 71.25	 47.28	 31.44	 38.65	 62.28	 58.07		Phrynosoma_blainvillii 36
																																					  0.00	 52.28	 36.83	 40.70	 36.57	 52.64	 57.32	 54.29	 48.98	 25.76	 22.23	 38.32	 44.19	 57.87	 59.46	 71.64	 45.32	 32.82	 37.42	 62.71	 56.22		Phrynosoma_platyrhinos 37
																																						  0.00	 56.94	 66.46	 61.82	 63.53	 28.70	 22.36	 52.85	 57.97	 58.40	 55.18	 63.62	 62.38	 29.22	 84.77	 60.20	 19.59	 58.80	 30.29	 15.84		Pituophis_catenifer 38
																																							  0.00	 46.27	 45.97	 53.10	 55.47	 59.43	 52.78	 36.53	 36.94	 39.54	 45.21	 57.04	 55.15	 51.65	 42.03	 28.51	 46.22	 58.67	 58.11		Plestiodon_gilberti 39
																																								  0.00	 12.42	 60.40	 61.97	 64.85	 51.20	 44.95	 39.62	 42.96	 55.17	 58.30	 66.76	 56.92	 54.61	 31.90	 25.75	 65.06	 66.08		Podarci_raffonei 40
																																									  0.00	 60.91	 63.32	 61.98	 48.47	 43.77	 43.09	 43.37	 57.80	 59.32	 69.22	 58.34	 55.41	 33.40	 25.00	 67.33	 66.19		Podarcis_muralis 41
																																										  0.00	 57.69	 61.36	 59.60	 52.40	 50.60	 49.69	 58.21	 57.72	 61.24	 81.72	 49.10	 32.55	 51.95	 68.83	 62.79		Pogona_vitticeps 42
																																											  0.00	 33.06	 61.20	 56.85	 58.50	 56.60	 62.18	 63.13	 30.15	 63.48	 55.03	 16.27	 62.80	 32.65	 28.45		Protobothrops_mucrosquamatus 43
																																												  0.00	 57.36	 58.75	 62.31	 55.63	 65.76	 65.93	 32.79	 70.24	 62.63	 20.22	 62.41	 34.31	 24.93		Ptyas_mucosa 44
																																													  0.00	 52.66	 54.24	 47.98	 53.55	 56.95	 61.75	 74.19	 55.80	 31.88	 52.90	 61.91	 55.16		Salvator_merianae 45
																																														  0.00	 14.99	 38.51	 44.94	 57.55	 58.73	 59.74	 47.47	 30.08	 42.40	 63.50	 60.21		Sceloporus_occidentalis 46
																																															  0.00	 35.36	 45.37	 55.37	 61.39	 66.88	 46.12	 31.70	 43.32	 65.04	 62.72		Sceloporus_tristichus 47
																																																  0.00	 42.97	 53.61	 56.18	 45.93	 41.97	 29.59	 44.11	 57.59	 56.74		Shinisaurus_crocodilurus 48
																																																	  0.00	 60.16	 62.62	 64.59	 50.95	 31.38	 54.07	 62.88	 62.90		Sphaerodactylus_townsendi 49
																																																		  0.00	 65.89	 86.97	 56.66	 31.45	 63.40	 68.15	 67.08		Sphenodon_punctatus 50
																																																			  0.00	 71.84	 57.55	 18.42	 66.64	 30.20	 26.39		Thermophis_baileyi 51
																																																				  0.00	 26.74	 81.54	 68.18	 59.34	 77.77		Varanus_komodoensis 52
																																																					  0.00	 28.82	 56.53	 60.16	 57.36		Varanus_salvator 53
																																																						  0.00	 32.11	 19.21	 18.60		Vipera_latastei 54
																																																							  0.00	 67.90	 62.89		Zootaca_vivipara 55
																																																								  0.00	 30.36		Thamnophis_elegans 56
																																																									  0.00		Pantherophis_guttatus 57
