Distance Matrix
---------------

Using the Tamura correction method
Using base positions 123 in the codon
Gap weighting is 0.000000

	    1	    2	    3	    4	    5	    6	    7	    8	    9	    10	    11	    12	    13	    14	    15	    16	    17	    18	    19	    20	    21	    22	    23	    24	    25	    26	    27	    28	    29	    30	    31	    32	    33	    34	    35	    36	    37	    38	    39	    40	    41	    42	    43	    44	    45	    46	    47	    48	    49	    50	    51	    52	    53	    54	    55	    56	    57
	  0.00	 36.11	 33.80	 21.99	 33.24	 34.40	 22.11	 23.18	 22.47	 22.74	 19.34	 24.91	 36.43	 36.54	 32.80	 22.57	 22.71	 34.56	 38.94	 37.10	 33.59	 32.73	 20.52	 36.22	 35.19	 34.99	 23.76	 34.27	 35.29	 17.87	 22.34	 23.37	 23.13	 36.60	 38.41	 34.94	 34.82	 23.11	 36.66	 37.64	 38.01	 39.71	 19.73	 23.19	 34.80	 33.58	 35.38	 36.59	 34.30	 37.16	 20.91	 36.96	 36.45	 19.20	 36.78	 21.30	 23.28		Python_bivittatus 1
		  0.00	 19.70	 35.96	 26.72	 25.52	 36.65	 36.02	 38.65	 37.56	 37.77	 38.20	 27.02	 29.03	 25.17	 38.11	 36.44	 26.87	 28.06	 29.73	 27.03	 24.91	 36.55	 25.82	 25.81	 24.48	 35.98	 31.90	 24.44	 37.57	 38.74	 38.70	 34.85	 33.93	 39.93	 22.29	 22.98	 35.06	 24.41	 24.45	 25.82	 42.32	 38.19	 37.51	 26.17	 22.97	 23.79	 27.04	 30.08	 33.48	 38.85	 30.74	 31.51	 32.18	 25.43	 38.89	 35.44		Anolis_carolinensis 2
			  0.00	 34.94	 26.22	 25.67	 35.80	 33.88	 36.01	 34.81	 37.18	 37.35	 24.88	 27.39	 22.90	 36.93	 34.35	 27.46	 26.71	 30.61	 26.08	 23.25	 34.77	 25.80	 25.54	 24.94	 34.37	 30.35	 23.75	 34.87	 36.92	 36.06	 33.96	 33.64	 37.95	 21.22	 21.78	 33.32	 23.97	 24.86	 25.90	 40.28	 36.02	 34.64	 26.91	 21.94	 23.30	 26.03	 29.60	 29.61	 35.38	 30.44	 31.28	 31.70	 25.00	 35.01	 34.74		Anolis_sagrei 3
				  0.00	 33.71	 33.89	 21.64	 19.75	 22.79	 21.48	 23.85	 22.91	 36.82	 40.27	 33.30	 22.34	 18.88	 34.25	 35.38	 37.11	 33.91	 35.63	 18.35	 35.53	 35.14	 34.18	 21.66	 33.71	 32.23	 21.45	 20.80	 22.06	 20.69	 39.15	 39.42	 33.40	 33.19	 13.97	 34.42	 34.05	 34.97	 38.75	 21.19	 14.56	 35.26	 34.01	 35.17	 35.77	 34.78	 35.02	 18.65	 36.53	 35.67	 18.22	 36.32	 18.42	 13.41		Arizona_elegans 4
					  0.00	  9.19	 35.63	 35.13	 35.74	 37.81	 34.53	 37.26	 28.07	 30.88	 25.94	 35.03	 34.83	 27.47	 30.84	 32.53	 27.16	 27.35	 35.11	 28.57	 29.11	 30.55	 36.73	 29.71	 26.21	 34.02	 33.68	 35.14	 34.02	 33.49	 40.24	 25.09	 25.76	 32.90	 27.93	 29.07	 29.59	 39.43	 35.02	 34.80	 20.19	 29.00	 29.08	 27.90	 29.15	 30.72	 35.71	 28.99	 31.01	 29.17	 27.33	 33.65	 32.85		Aspidocelis_tigris 5
						  0.00	 35.32	 33.51	 35.78	 38.43	 35.39	 37.98	 29.82	 30.32	 26.26	 36.40	 34.92	 27.80	 31.77	 32.75	 26.82	 27.64	 34.88	 28.30	 28.48	 28.69	 36.27	 29.70	 25.53	 35.26	 35.36	 35.02	 35.04	 34.36	 39.69	 26.99	 25.63	 34.23	 26.17	 27.41	 27.73	 41.38	 36.97	 35.63	 21.20	 28.17	 28.60	 29.32	 30.06	 30.94	 36.50	 30.07	 32.33	 30.21	 26.64	 35.58	 33.40		Aspidoscelis_marmoratus 6
							  0.00	 21.37	 17.81	 24.05	 22.82	 19.20	 36.77	 38.22	 33.33	 20.73	 22.67	 34.37	 36.34	 36.69	 35.03	 33.59	 21.47	 37.17	 36.85	 35.75	 22.90	 36.15	 34.67	 21.26	 21.51	 22.63	 19.65	 40.32	 40.93	 33.81	 34.61	 21.25	 37.89	 35.78	 37.49	 38.62	 16.66	 22.12	 36.92	 33.30	 35.29	 38.23	 34.15	 37.47	 21.57	 37.62	 37.27	 16.25	 36.68	 21.32	 20.62		Azemiops_feae 7
								  0.00	 20.92	 22.01	 20.55	 23.96	 36.83	 38.69	 32.43	 22.23	 21.12	 36.41	 34.90	 38.50	 36.54	 33.07	 19.17	 36.85	 34.42	 34.32	 22.25	 34.43	 33.05	 21.79	 21.39	 21.15	 20.63	 39.63	 37.72	 35.69	 34.46	 19.23	 35.81	 36.18	 36.68	 40.47	 22.84	 20.03	 33.53	 35.84	 35.35	 36.03	 36.60	 37.14	 20.25	 38.46	 37.14	 18.68	 36.93	 17.97	 18.31		Boaedon_fuliginosus 8
									  0.00	 24.38	 21.93	 18.49	 34.51	 38.44	 34.34	 20.45	 21.99	 34.90	 39.02	 37.40	 34.50	 33.05	 22.12	 38.61	 37.62	 37.38	 23.79	 33.10	 33.61	 22.62	 23.85	 21.36	 20.81	 39.40	 40.91	 34.14	 36.58	 22.97	 35.68	 36.52	 39.05	 38.51	 15.47	 23.71	 36.14	 33.33	 34.68	 38.69	 32.87	 37.66	 20.89	 37.09	 35.78	 17.52	 38.80	 22.14	 23.66		Bothrops_jararaca 9
										  0.00	 24.00	 25.39	 39.07	 40.14	 35.81	 22.64	 21.48	 35.66	 37.68	 39.83	 36.04	 34.35	 20.66	 38.56	 37.08	 37.56	 17.12	 34.78	 35.53	 23.16	 23.43	 20.56	 20.33	 40.15	 43.91	 35.65	 35.59	 20.39	 38.89	 36.59	 37.52	 40.53	 22.50	 20.98	 37.67	 34.69	 36.91	 36.82	 38.00	 37.63	 22.37	 38.96	 38.34	 20.04	 36.25	 21.76	 20.68		Bungarus_multicintus 10
											  0.00	 24.38	 35.43	 38.59	 34.86	 24.14	 23.19	 34.59	 37.95	 38.36	 36.37	 33.61	 22.51	 37.86	 37.38	 37.03	 24.34	 35.44	 36.11	 20.69	 22.08	 23.60	 22.36	 36.43	 39.61	 35.56	 37.01	 23.47	 37.26	 37.30	 39.58	 39.50	 22.28	 23.96	 36.89	 35.34	 37.60	 37.36	 35.09	 39.02	 20.19	 38.01	 36.76	 21.51	 37.52	 21.00	 22.97		Charina_bottae 11
												  0.00	 37.10	 39.77	 35.53	 24.22	 23.36	 38.96	 38.43	 37.39	 34.90	 34.81	 24.49	 40.44	 37.65	 36.19	 24.70	 36.95	 36.72	 24.33	 24.83	 23.55	 23.37	 41.18	 41.99	 36.46	 36.08	 24.56	 36.99	 38.29	 38.37	 38.26	 18.49	 24.90	 39.73	 35.98	 36.34	 40.06	 36.22	 39.09	 22.65	 37.52	 36.86	 18.12	 40.77	 22.66	 24.91		Crotalus_tigris 12
													  0.00	 26.49	 23.38	 38.13	 37.94	 26.92	 30.56	 32.08	 25.34	 22.64	 37.22	 27.42	 26.31	 26.00	 37.32	 29.36	 23.21	 36.45	 37.91	 36.30	 35.18	 33.94	 43.82	 24.30	 25.56	 39.55	 23.60	 26.88	 29.44	 39.11	 36.75	 38.31	 29.98	 22.08	 23.13	 25.05	 25.61	 31.04	 38.09	 31.41	 30.93	 30.98	 28.52	 35.78	 38.73		Cryptoblepharus_egeriae 13
														  0.00	 18.02	 38.93	 38.63	 29.39	 30.27	 35.53	 28.02	 18.19	 39.31	 29.15	 28.27	 27.27	 39.93	 32.08	 25.20	 38.96	 40.04	 38.04	 39.14	 37.94	 44.31	 24.61	 25.25	 39.86	 25.14	 29.41	 31.16	 45.95	 37.15	 39.72	 31.01	 20.56	 22.39	 31.01	 28.31	 36.25	 38.23	 31.96	 31.52	 30.70	 30.88	 37.49	 40.20		Ctenosaura_bakeri 14
															  0.00	 35.43	 34.64	 25.76	 27.22	 30.17	 22.75	 15.70	 34.01	 25.91	 24.26	 24.07	 32.95	 26.49	 22.84	 34.15	 34.31	 33.77	 31.24	 33.62	 36.77	 20.98	 22.87	 33.47	 23.53	 23.88	 25.16	 37.68	 33.36	 33.79	 26.96	 20.58	 21.57	 26.10	 24.78	 28.48	 31.41	 27.24	 26.24	 29.97	 24.03	 32.91	 33.47		Cyclura_pinguis 15
																  0.00	 22.32	 35.88	 37.98	 40.02	 35.69	 35.13	 21.69	 39.26	 38.45	 38.60	 23.38	 36.48	 34.61	 23.11	 24.42	 23.84	 22.71	 40.82	 43.00	 34.45	 34.97	 21.29	 36.50	 38.68	 38.25	 43.03	 20.73	 21.60	 36.93	 35.82	 36.05	 38.07	 38.33	 39.30	 24.29	 37.30	 37.68	 14.22	 37.77	 22.19	 22.37		Daboia_siamensis 16
																	  0.00	 35.82	 36.78	 39.42	 35.60	 33.92	 19.71	 38.22	 37.59	 36.57	 24.16	 36.43	 34.99	 24.19	 22.24	 21.63	 22.57	 40.01	 38.25	 34.26	 34.42	 20.30	 36.61	 35.61	 36.62	 40.13	 21.30	 19.81	 34.48	 35.57	 35.81	 38.23	 34.37	 36.26	 17.52	 36.35	 37.63	 17.85	 37.01	 20.48	 20.16		Diadophis_punctatus 17
																		  0.00	 26.14	 31.41	 26.50	 27.29	 35.18	 27.88	 27.23	 26.55	 35.19	 26.44	 23.75	 34.56	 36.27	 37.37	 36.17	 34.44	 39.60	 26.03	 25.45	 35.50	 26.18	 27.24	 26.89	 39.37	 35.71	 36.28	 28.09	 26.57	 27.31	 25.35	 27.91	 32.49	 36.62	 29.71	 29.59	 29.81	 28.67	 36.48	 34.10		Elgaria_multicarinata 18
																			  0.00	 31.18	 27.79	 27.43	 36.60	 29.36	 28.49	 28.39	 35.90	 29.98	 24.82	 37.24	 38.37	 38.19	 37.91	 35.13	 39.19	 27.08	 26.99	 34.72	 27.70	 26.50	 26.03	 41.48	 37.27	 35.44	 29.16	 29.35	 30.16	 29.42	 31.77	 31.77	 39.74	 30.42	 32.08	 31.66	 27.23	 38.75	 34.86		Eublepharis_macularius 19
																				  0.00	 28.42	 29.99	 36.57	 30.63	 31.20	 30.36	 38.89	 24.18	 29.41	 38.72	 38.99	 37.20	 36.93	 31.24	 43.56	 30.30	 30.61	 37.73	 28.97	 30.58	 31.86	 44.20	 37.18	 38.62	 32.99	 29.99	 30.10	 31.77	 30.07	 36.15	 37.41	 33.35	 33.32	 31.93	 30.89	 37.46	 37.58		Gekko_japonicus 20
																					  0.00	 24.68	 34.13	 28.51	 28.08	 27.57	 34.65	 27.58	 24.81	 34.17	 34.45	 34.01	 33.74	 34.14	 40.89	 24.47	 25.55	 35.73	 24.05	 28.29	 27.92	 38.61	 34.95	 35.08	 27.02	 24.17	 25.32	 25.50	 28.58	 27.64	 35.08	 29.08	 28.91	 29.81	 26.50	 33.50	 36.76		Hemicordylus_capensis 21
																						  0.00	 35.95	 25.31	 25.02	 24.62	 34.04	 26.99	 24.21	 34.71	 34.23	 33.80	 31.45	 33.16	 39.10	 22.46	 23.24	 34.42	 24.61	 24.42	 26.12	 38.70	 32.79	 34.53	 27.70	 22.14	 22.43	 26.07	 24.49	 31.78	 33.64	 27.36	 28.99	 28.63	 26.54	 33.09	 35.71		Iguana_delicatissima 22
																							  0.00	 37.70	 37.02	 36.34	 21.51	 36.10	 33.43	 22.09	 21.92	 22.08	 20.11	 40.45	 38.89	 34.87	 35.57	 18.97	 35.01	 35.71	 37.19	 39.73	 20.91	 19.15	 35.98	 35.06	 35.55	 36.27	 36.21	 36.07	 18.11	 36.11	 34.90	 18.57	 36.92	 18.22	 18.85		Imantodes_cenchoa 23
																								  0.00	 17.05	 17.50	 36.91	 30.30	 25.66	 36.49	 36.79	 37.43	 35.64	 34.47	 40.91	 25.25	 24.76	 38.03	 27.83	 20.62	 19.60	 42.78	 37.06	 38.41	 28.56	 27.82	 25.99	 27.45	 31.06	 33.41	 38.50	 32.72	 32.68	 31.59	 21.42	 39.06	 36.95		Lacerta_agilis 24
																									  0.00	  5.31	 35.09	 30.19	 24.53	 38.05	 38.25	 37.70	 36.82	 34.27	 39.55	 25.20	 23.96	 36.55	 26.20	 18.77	 19.35	 39.56	 37.15	 36.32	 29.78	 26.01	 25.19	 27.36	 30.62	 32.48	 37.68	 31.75	 33.55	 30.52	 21.71	 37.16	 36.30		Lacerta_bilineata 25
																										  0.00	 34.66	 30.38	 25.01	 37.03	 37.22	 37.12	 36.14	 34.46	 38.85	 25.31	 23.50	 35.45	 25.78	 17.62	 19.92	 40.03	 35.36	 34.87	 29.87	 25.24	 25.01	 27.46	 29.14	 32.16	 36.52	 31.00	 32.89	 30.12	 21.18	 37.07	 36.99		Lacerta_viridis 26
																											  0.00	 35.98	 35.55	 21.41	 22.78	 19.67	 20.34	 39.89	 40.14	 33.52	 33.38	 20.96	 34.79	 34.69	 35.76	 39.97	 23.17	 20.90	 34.80	 33.61	 36.33	 36.56	 36.58	 37.87	 22.80	 38.48	 38.77	 19.41	 35.66	 22.48	 21.32		Laticauda_colubrina 27
																												  0.00	 28.02	 35.02	 35.69	 36.23	 35.13	 33.47	 42.32	 27.65	 27.64	 36.31	 28.74	 29.47	 28.91	 40.18	 34.03	 34.19	 28.93	 27.48	 28.46	 28.16	 29.00	 32.67	 36.15	 33.47	 31.34	 29.65	 28.94	 35.75	 34.58		Lepidodactylus_listeri 28
																													  0.00	 34.94	 36.36	 34.25	 34.20	 35.22	 39.61	 21.47	 22.14	 33.24	 21.23	 24.95	 25.62	 41.43	 36.41	 33.51	 28.15	 25.09	 23.76	 24.91	 28.22	 29.70	 35.28	 30.26	 29.85	 29.75	 25.05	 34.35	 32.88		Lerista_edwardsae 29
																														  0.00	 23.24	 21.96	 22.24	 38.59	 38.78	 35.74	 37.42	 21.56	 35.40	 36.93	 36.88	 39.71	 22.01	 22.72	 36.48	 35.81	 36.48	 38.55	 34.74	 37.93	 21.45	 37.35	 36.88	 20.63	 37.34	 21.10	 22.23		Morelia_viridis 30
																															  0.00	 22.28	 20.28	 40.03	 41.77	 37.97	 35.70	 21.56	 35.47	 37.96	 38.31	 39.62	 21.32	 22.33	 36.23	 34.45	 37.22	 37.77	 35.11	 35.72	 21.88	 39.02	 36.56	 19.03	 37.52	 20.15	 21.74		Myanophis_thanlyinensis 31
																																  0.00	 18.08	 41.23	 40.98	 36.11	 36.05	 22.13	 34.81	 36.97	 38.42	 41.10	 22.36	 22.35	 37.05	 35.59	 36.68	 37.15	 34.53	 35.58	 19.71	 37.81	 36.43	 19.64	 38.25	 21.64	 22.69		Naja_naja 32
																																	  0.00	 41.06	 39.77	 35.29	 34.23	 19.63	 36.55	 36.74	 38.39	 38.48	 19.32	 21.62	 34.99	 33.98	 34.61	 36.31	 33.88	 34.65	 19.39	 36.03	 35.37	 17.71	 35.37	 20.48	 21.72		Ophiophagus_hannah 33
																																		  0.00	 43.39	 32.54	 33.65	 39.10	 34.39	 32.49	 33.52	 44.41	 38.73	 40.91	 35.35	 33.68	 32.89	 35.95	 33.26	 38.32	 38.66	 35.93	 35.76	 33.17	 35.17	 38.67	 38.82		Paroedura_picta 34
																																			  0.00	 40.46	 40.47	 38.18	 40.01	 39.96	 39.08	 31.40	 40.42	 39.40	 39.18	 41.54	 41.69	 44.48	 40.51	 42.00	 41.49	 42.22	 41.34	 35.54	 40.47	 38.75	 38.10		Phrynocephalus_versicolor 35
																																				  0.00	 13.12	 34.31	 23.83	 23.68	 25.47	 39.42	 33.74	 36.06	 24.29	 19.89	 20.81	 25.71	 28.48	 30.49	 36.58	 29.10	 28.78	 30.54	 24.11	 36.36	 34.37		Phrynosoma_blainvillii 36
																																					  0.00	 33.55	 23.59	 23.36	 23.38	 41.76	 33.97	 35.29	 25.85	 21.00	 20.48	 25.74	 28.24	 31.56	 38.14	 28.97	 30.16	 29.58	 23.53	 35.90	 32.99		Phrynosoma_platyrhinos 37
																																						  0.00	 36.06	 37.11	 36.83	 41.14	 21.10	 14.38	 36.81	 34.83	 36.03	 37.37	 36.75	 36.06	 20.55	 37.35	 37.59	 18.93	 36.72	 18.73	 11.89		Pituophis_catenifer 38
																																							  0.00	 25.53	 24.96	 41.46	 35.62	 36.27	 28.07	 23.64	 23.93	 24.67	 27.22	 33.55	 35.23	 28.80	 29.87	 30.31	 26.81	 37.49	 35.11		Plestiodon_gilberti 39
																																								  0.00	 10.86	 40.48	 37.72	 34.29	 28.12	 25.36	 23.84	 27.59	 30.37	 32.70	 36.71	 30.75	 31.25	 31.48	 17.27	 37.93	 36.29		Podarci_raffonei 40
																																									  0.00	 41.98	 39.14	 36.17	 28.91	 26.66	 25.99	 28.85	 32.07	 33.73	 39.77	 32.53	 33.06	 32.90	 17.70	 39.18	 36.90		Podarcis_muralis 41
																																										  0.00	 38.02	 40.34	 39.18	 36.78	 38.36	 40.79	 38.83	 38.28	 40.28	 40.70	 38.44	 34.56	 42.29	 38.06	 39.72		Pogona_vitticeps 42
																																											  0.00	 23.05	 35.03	 33.72	 34.00	 38.93	 33.48	 34.63	 20.51	 37.52	 32.48	 16.00	 38.22	 21.04	 22.28		Protobothrops_mucrosquamatus 43
																																												  0.00	 35.61	 35.25	 36.06	 37.62	 36.55	 36.99	 19.94	 39.26	 39.39	 18.72	 35.11	 20.17	 16.05		Ptyas_mucosa 44
																																													  0.00	 28.34	 28.19	 28.27	 29.75	 30.33	 36.71	 30.55	 31.37	 32.62	 28.54	 36.39	 33.69		Salvator_merianae 45
																																														  0.00	 11.52	 28.11	 26.07	 30.22	 34.61	 30.21	 28.14	 29.12	 26.04	 34.32	 35.36		Sceloporus_occidentalis 46
																																															  0.00	 27.49	 26.78	 32.51	 36.78	 28.87	 29.08	 30.14	 25.92	 35.62	 35.22		Sceloporus_tristichus 47
																																																  0.00	 28.79	 32.27	 37.72	 29.21	 27.23	 31.19	 29.12	 37.38	 35.92		Shinisaurus_crocodilurus 48
																																																	  0.00	 32.87	 33.05	 29.99	 28.03	 31.16	 31.96	 33.40	 36.69		Sphaerodactylus_townsendi 49
																																																		  0.00	 37.06	 33.17	 31.28	 29.95	 31.86	 36.45	 35.75		Sphenodon_punctatus 50
																																																			  0.00	 36.22	 36.66	 17.70	 38.83	 17.92	 21.38		Thermophis_baileyi 51
																																																				  0.00	 19.23	 31.63	 33.47	 36.40	 37.88		Varanus_komodoensis 52
																																																					  0.00	 30.32	 33.76	 34.93	 35.90		Varanus_salvator 53
																																																						  0.00	 31.93	 18.62	 17.63		Vipera_latastei 54
																																																							  0.00	 37.19	 36.72		Zootaca_vivipara 55
																																																								  0.00	 19.09		Thamnophis_elegans 56
																																																									  0.00		Pantherophis_guttatus 57
