Distance Matrix
---------------

Using the Tamura correction method
Using base positions 123 in the codon
Gap weighting is 0.000000

	    1	    2	    3	    4	    5	    6	    7	    8	    9	    10	    11	    12	    13	    14	    15	    16	    17	    18	    19	    20	    21	    22	    23	    24	    25	    26	    27	    28	    29	    30	    31	    32	    33	    34	    35	    36	    37	    38	    39	    40	    41	    42	    43	    44	    45	    46	    47	    48	    49	    50	    51	    52	    53	    54	    55	    56	    57
	  0.00	 46.87	 42.02	 28.17	 47.50	 49.47	 27.31	 28.85	 29.87	 32.99	 22.32	 29.49	 42.86	 42.69	 39.89	 30.69	 26.55	 47.03	 45.60	 47.03	 44.79	 43.05	 26.90	 42.53	 42.69	 44.97	 32.72	 42.68	 46.88	 14.39	 28.15	 30.17	 26.45	 45.21	 52.32	 44.72	 45.05	 26.38	 40.89	 46.06	 48.38	 54.37	 29.58	 25.95	 46.80	 40.45	 42.73	 43.52	 41.74	 47.16	 27.30	 49.60	 47.27	 28.68	 46.53	 20.95	 28.03		Python_bivittatus 1
		  0.00	 26.79	 49.79	 38.17	 37.83	 44.44	 49.77	 49.50	 52.80	 47.95	 48.26	 30.70	 30.04	 31.61	 47.50	 51.37	 38.27	 34.22	 34.88	 32.14	 28.84	 47.40	 30.86	 30.73	 31.09	 47.27	 33.39	 30.15	 49.56	 47.32	 47.36	 47.71	 40.12	 46.55	 28.40	 26.95	 47.69	 32.92	 31.90	 32.38	 53.60	 51.19	 48.00	 39.18	 29.05	 29.73	 34.44	 33.62	 37.65	 52.37	 42.45	 39.15	 48.64	 31.69	 40.64	 47.46		Anolis_carolinensis 2
			  0.00	 47.38	 37.61	 39.01	 48.03	 48.30	 48.27	 47.50	 46.66	 48.75	 30.65	 29.86	 29.81	 47.47	 47.23	 36.81	 31.60	 34.93	 29.89	 26.82	 47.44	 31.74	 29.74	 31.83	 48.46	 29.27	 29.06	 42.50	 45.85	 49.20	 47.40	 38.57	 44.49	 25.75	 27.19	 48.01	 30.97	 32.89	 31.71	 47.70	 49.78	 45.39	 36.51	 26.18	 28.22	 30.35	 35.20	 36.34	 47.38	 39.65	 38.29	 49.13	 34.29	 40.36	 46.40		Anolis_sagrei 3
				  0.00	 55.05	 55.23	 28.23	 26.70	 29.14	 28.77	 29.98	 27.89	 51.86	 50.12	 48.27	 28.35	 24.62	 51.66	 47.62	 53.79	 49.30	 47.10	 27.09	 51.29	 48.36	 50.15	 31.12	 49.37	 48.87	 29.15	 30.35	 30.30	 25.65	 49.61	 54.70	 47.99	 48.10	 16.37	 47.12	 47.45	 47.89	 56.97	 28.35	 17.54	 52.28	 46.86	 49.29	 49.92	 45.74	 51.75	 27.66	 54.58	 54.61	 30.59	 48.98	 25.92	 15.16		Arizona_elegans 4
					  0.00	 11.47	 52.57	 55.26	 51.67	 52.60	 52.57	 54.69	 38.06	 37.71	 33.89	 50.41	 53.65	 41.76	 39.07	 40.88	 41.63	 36.65	 51.81	 40.37	 38.85	 40.55	 53.57	 34.85	 37.33	 50.65	 49.92	 51.03	 48.83	 43.25	 46.99	 39.29	 38.93	 55.58	 39.37	 36.10	 41.39	 53.96	 55.79	 50.03	 26.77	 38.08	 39.54	 40.09	 39.81	 42.11	 51.81	 40.04	 40.20	 51.82	 40.92	 47.49	 53.23		Aspidocelis_tigris 5
						  0.00	 49.67	 54.82	 51.43	 51.89	 51.82	 54.85	 36.66	 38.28	 34.99	 47.74	 54.08	 42.09	 36.87	 40.93	 40.07	 35.92	 51.45	 41.08	 39.50	 38.68	 54.32	 35.63	 35.52	 51.68	 49.00	 51.38	 48.85	 45.93	 44.60	 37.83	 38.23	 55.36	 37.73	 36.63	 42.09	 52.37	 54.86	 48.58	 24.87	 37.19	 38.52	 38.00	 37.75	 42.80	 52.93	 38.95	 38.31	 52.67	 38.85	 44.42	 51.63		Aspidoscelis_marmoratus 6
							  0.00	 27.68	 19.96	 32.40	 28.13	 21.48	 47.12	 45.31	 42.26	 22.93	 25.85	 47.25	 45.22	 46.41	 49.81	 44.36	 25.09	 46.12	 46.35	 48.28	 32.45	 45.64	 45.59	 29.80	 31.08	 28.78	 27.15	 50.19	 52.79	 48.75	 46.85	 25.72	 48.31	 48.64	 48.31	 58.02	 19.35	 27.13	 50.30	 44.92	 46.72	 46.05	 44.70	 47.56	 27.07	 49.96	 48.78	 24.73	 50.60	 19.08	 27.73		Azemiops_feae 7
								  0.00	 29.69	 30.23	 30.05	 26.59	 45.07	 49.79	 48.27	 28.78	 27.16	 49.05	 49.89	 51.14	 50.18	 47.86	 24.82	 50.71	 48.79	 49.64	 32.27	 49.45	 50.94	 28.58	 26.01	 28.68	 27.61	 52.65	 53.06	 46.40	 47.40	 25.06	 46.86	 51.43	 52.27	 58.29	 29.37	 24.67	 52.54	 46.94	 47.92	 49.82	 45.76	 50.87	 26.34	 53.09	 50.98	 27.57	 50.67	 18.98	 23.99		Boaedon_fuliginosus 8
									  0.00	 31.80	 27.15	 20.59	 47.78	 46.20	 45.67	 25.80	 25.99	 51.31	 49.04	 47.34	 54.20	 45.90	 26.96	 47.05	 47.83	 49.70	 30.63	 49.74	 48.18	 29.98	 31.41	 29.11	 25.38	 50.36	 54.11	 51.43	 49.57	 26.42	 48.85	 47.40	 49.92	 59.69	 21.07	 27.13	 51.06	 48.07	 50.59	 49.30	 44.78	 51.75	 28.77	 50.26	 51.49	 22.83	 51.75	 20.31	 26.64		Bothrops_jararaca 9
										  0.00	 31.52	 31.94	 53.16	 50.32	 47.55	 27.79	 27.72	 54.43	 49.28	 49.51	 50.39	 47.29	 29.82	 49.86	 49.13	 47.76	 26.08	 49.37	 49.79	 30.71	 31.70	 26.70	 24.28	 50.33	 56.12	 50.02	 49.79	 28.86	 54.37	 46.80	 48.71	 62.38	 30.24	 25.49	 53.05	 50.21	 49.61	 53.61	 51.67	 53.39	 26.98	 55.00	 53.42	 31.10	 49.98	 22.25	 28.48		Bungarus_multicintus 10
											  0.00	 27.73	 43.81	 44.02	 42.99	 28.80	 27.07	 45.92	 47.53	 46.51	 50.34	 43.72	 26.13	 44.26	 46.88	 47.48	 31.74	 45.80	 46.30	 23.54	 27.74	 28.79	 27.52	 47.66	 50.67	 45.65	 47.18	 28.06	 46.46	 44.39	 50.43	 55.29	 28.04	 27.27	 49.48	 44.17	 44.39	 48.85	 44.27	 47.49	 25.45	 49.87	 46.16	 28.72	 49.56	 22.23	 29.33		Charina_bottae 11
												  0.00	 49.91	 45.32	 46.69	 24.55	 25.71	 50.64	 50.30	 47.77	 47.87	 45.80	 26.53	 49.27	 47.85	 49.74	 32.86	 47.74	 47.29	 30.13	 31.14	 29.51	 24.82	 49.92	 54.54	 48.59	 49.12	 27.39	 48.31	 48.54	 48.32	 61.09	 23.04	 26.70	 49.97	 45.78	 48.83	 48.96	 44.18	 49.69	 24.72	 52.85	 51.44	 25.56	 46.49	 22.63	 28.19		Crotalus_tigris 12
													  0.00	 24.59	 27.68	 48.72	 49.38	 38.37	 37.26	 33.35	 29.37	 24.33	 44.38	 32.29	 30.48	 31.91	 51.69	 32.30	 23.05	 42.24	 46.19	 45.91	 45.27	 35.93	 45.88	 26.90	 30.90	 49.95	 26.10	 29.10	 32.01	 47.23	 48.96	 47.75	 34.88	 27.24	 26.58	 30.39	 31.21	 35.79	 44.65	 39.80	 36.02	 45.34	 34.53	 39.88	 48.80		Cryptoblepharus_egeriae 13
														  0.00	 21.12	 48.32	 46.96	 34.66	 35.22	 30.13	 30.18	 16.88	 43.46	 29.94	 27.98	 31.15	 47.76	 31.59	 27.00	 44.58	 44.90	 45.80	 43.38	 35.94	 42.67	 26.72	 29.55	 51.19	 26.86	 27.39	 30.97	 44.38	 45.59	 46.22	 36.81	 22.55	 23.63	 31.24	 28.78	 32.17	 44.98	 35.03	 35.28	 47.42	 33.18	 40.95	 46.81		Ctenosaura_bakeri 14
															  0.00	 42.88	 46.23	 34.47	 34.13	 30.82	 35.63	 18.68	 43.79	 30.85	 30.73	 32.29	 48.84	 30.42	 27.27	 40.04	 41.35	 42.15	 41.48	 34.44	 41.24	 29.35	 30.84	 48.75	 29.04	 28.24	 32.07	 44.97	 43.74	 45.20	 36.69	 28.27	 27.99	 29.29	 30.71	 33.24	 47.14	 37.33	 35.32	 45.94	 36.06	 36.17	 47.50		Cyclura_pinguis 15
																  0.00	 25.27	 50.02	 46.33	 45.78	 52.98	 47.35	 28.53	 51.53	 47.55	 48.71	 29.96	 46.77	 48.06	 31.95	 30.61	 29.02	 26.00	 49.99	 54.13	 46.23	 46.51	 26.70	 50.31	 45.62	 48.44	 60.92	 24.93	 27.59	 52.34	 46.96	 46.07	 48.53	 46.83	 50.94	 28.72	 51.85	 52.23	 20.37	 50.11	 21.77	 28.19		Daboia_siamensis 16
																	  0.00	 50.23	 50.63	 48.90	 51.31	 46.80	 22.45	 48.95	 47.52	 48.27	 27.30	 47.67	 49.41	 27.97	 27.94	 26.88	 23.46	 51.78	 53.57	 48.99	 48.06	 19.74	 47.23	 49.14	 47.28	 61.95	 26.22	 21.39	 52.48	 46.95	 47.83	 50.55	 45.10	 52.01	 20.44	 55.68	 50.52	 29.74	 49.04	 21.22	 22.89		Diadophis_punctatus 17
																		  0.00	 37.76	 38.96	 37.49	 33.51	 50.44	 38.76	 39.60	 39.78	 55.00	 38.64	 34.72	 48.23	 50.93	 48.37	 47.62	 40.63	 48.84	 38.10	 35.26	 49.35	 37.73	 38.14	 40.26	 51.66	 50.95	 50.95	 42.70	 35.07	 35.42	 38.63	 39.05	 40.51	 51.06	 41.27	 38.09	 50.43	 40.22	 42.23	 48.90		Elgaria_multicarinata 18
																			  0.00	 34.60	 34.69	 33.50	 51.86	 34.50	 35.59	 36.26	 47.96	 35.27	 35.41	 46.96	 49.70	 49.42	 47.30	 42.49	 43.65	 34.58	 33.61	 51.01	 38.18	 36.49	 35.84	 54.51	 51.48	 46.23	 37.03	 35.99	 37.27	 35.47	 37.10	 35.13	 52.55	 41.97	 41.98	 52.10	 36.39	 36.72	 48.43		Eublepharis_macularius 19
																				  0.00	 38.03	 28.92	 48.10	 34.60	 35.29	 35.63	 51.08	 28.71	 31.86	 47.48	 50.79	 50.20	 45.79	 39.52	 46.57	 34.42	 35.47	 49.99	 32.60	 31.29	 34.39	 51.09	 47.08	 47.66	 38.40	 33.95	 33.61	 37.67	 32.46	 39.78	 45.75	 42.96	 40.72	 48.11	 37.43	 45.48	 49.75		Gekko_japonicus 20
																					  0.00	 30.70	 49.74	 33.83	 32.88	 32.44	 51.32	 34.33	 29.74	 47.05	 48.00	 47.80	 48.08	 39.85	 47.70	 32.49	 34.09	 51.80	 33.22	 35.23	 36.06	 51.41	 51.93	 44.50	 37.23	 29.85	 32.07	 30.97	 32.27	 37.42	 49.55	 42.24	 40.77	 53.46	 33.75	 42.60	 49.66		Hemicordylus_capensis 21
																						  0.00	 43.96	 30.71	 26.70	 28.45	 50.35	 27.58	 23.63	 42.37	 45.29	 49.12	 44.98	 35.29	 40.84	 26.09	 27.93	 50.37	 27.49	 27.72	 30.10	 45.54	 46.09	 47.33	 34.08	 24.66	 25.11	 30.63	 28.93	 32.55	 46.22	 36.51	 33.64	 47.79	 32.56	 38.11	 45.89		Iguana_delicatissima 22
																							  0.00	 49.07	 48.13	 49.18	 26.24	 45.80	 47.18	 26.83	 26.14	 27.81	 24.00	 49.21	 52.49	 44.83	 45.17	 24.26	 48.20	 48.84	 50.11	 58.62	 26.68	 24.27	 51.43	 45.31	 45.36	 45.20	 43.42	 47.63	 21.66	 51.44	 49.21	 28.24	 51.74	 18.99	 24.62		Imantodes_cenchoa 23
																								  0.00	 15.94	 16.23	 50.46	 36.07	 29.95	 46.24	 47.15	 47.47	 48.42	 40.68	 45.98	 31.75	 29.38	 50.33	 31.70	 23.39	 22.34	 53.87	 50.44	 50.01	 41.86	 31.00	 30.13	 30.58	 34.66	 37.22	 50.79	 41.34	 37.73	 51.84	 24.93	 41.13	 50.41		Lacerta_agilis 24
																									  0.00	  6.81	 48.45	 35.46	 29.03	 46.05	 45.47	 48.38	 45.78	 38.94	 46.81	 30.40	 28.40	 51.88	 30.07	 22.27	 23.42	 52.20	 50.07	 50.19	 38.78	 27.50	 29.20	 30.85	 30.55	 36.39	 50.97	 39.17	 39.87	 49.38	 23.85	 41.13	 49.26		Lacerta_bilineata 25
																										  0.00	 49.58	 34.67	 29.39	 44.32	 47.30	 48.75	 47.98	 39.86	 46.42	 30.59	 28.56	 52.19	 30.86	 22.42	 25.18	 53.36	 49.49	 49.43	 40.09	 29.20	 30.00	 31.49	 33.80	 37.60	 51.73	 41.00	 39.57	 49.91	 25.71	 43.68	 50.11		Lacerta_viridis 26
																											  0.00	 49.14	 50.48	 31.64	 30.95	 26.94	 25.96	 52.26	 53.68	 49.51	 47.69	 28.25	 50.51	 47.51	 45.70	 57.28	 33.59	 27.58	 51.89	 46.24	 50.28	 52.30	 46.07	 50.62	 28.87	 51.70	 53.64	 31.10	 49.92	 24.38	 29.39		Laticauda_colubrina 27
																												  0.00	 29.06	 44.83	 48.30	 48.11	 47.68	 38.27	 44.58	 30.03	 32.54	 48.66	 31.98	 31.52	 34.37	 48.56	 48.58	 47.61	 36.08	 29.37	 30.10	 34.21	 29.98	 35.65	 47.49	 39.64	 37.84	 45.89	 36.55	 41.91	 45.88		Lepidodactylus_listeri 28
																													  0.00	 48.14	 47.26	 46.04	 44.77	 37.91	 44.67	 28.30	 29.28	 49.39	 25.25	 27.74	 29.90	 45.39	 49.49	 49.34	 32.54	 26.48	 25.72	 31.81	 29.90	 34.92	 49.72	 42.20	 38.24	 48.15	 33.74	 41.85	 50.94		Lerista_edwardsae 29
																														  0.00	 29.85	 29.99	 25.12	 48.50	 48.54	 43.60	 47.47	 26.60	 44.11	 45.65	 48.53	 54.63	 28.47	 26.44	 46.28	 41.82	 42.13	 45.42	 43.29	 48.32	 27.38	 49.31	 47.28	 30.13	 49.55	 23.48	 27.71		Morelia_viridis 30
																															  0.00	 28.55	 23.50	 47.77	 53.70	 48.19	 49.50	 29.10	 46.68	 48.93	 52.23	 54.04	 30.91	 27.90	 49.30	 45.39	 45.35	 47.29	 44.03	 47.16	 25.53	 49.44	 48.58	 29.94	 49.00	 20.75	 29.45		Myanophis_thanlyinensis 31
																																  0.00	 19.60	 53.68	 50.72	 47.22	 45.98	 29.51	 49.65	 46.79	 49.09	 55.20	 28.79	 26.76	 49.97	 46.98	 47.37	 47.12	 44.23	 51.08	 28.42	 51.72	 52.45	 28.89	 53.46	 22.79	 29.85		Naja_naja 32
																																	  0.00	 49.05	 50.21	 46.45	 45.96	 24.37	 46.45	 46.95	 48.60	 54.87	 24.24	 21.75	 47.62	 47.00	 46.16	 48.81	 41.56	 50.11	 23.11	 46.73	 46.66	 25.51	 49.87	 20.72	 23.71		Ophiophagus_hannah 33
																																		  0.00	 49.88	 38.07	 39.60	 50.18	 37.79	 36.09	 39.02	 52.28	 50.73	 49.48	 41.49	 36.40	 36.06	 36.84	 36.11	 41.24	 50.85	 39.21	 38.87	 46.94	 38.75	 40.91	 48.51		Paroedura_picta 34
																																			  0.00	 42.31	 40.81	 55.24	 43.95	 45.59	 46.42	 48.53	 52.57	 49.76	 46.46	 41.31	 43.56	 45.07	 42.69	 44.02	 52.25	 46.15	 45.89	 55.57	 45.38	 50.81	 53.34		Phrynocephalus_versicolor 35
																																				  0.00	 16.22	 51.52	 26.72	 28.65	 31.04	 46.42	 48.03	 44.10	 38.11	 23.69	 22.11	 31.53	 33.41	 34.08	 47.65	 38.73	 38.35	 49.05	 33.61	 41.68	 47.48		Phrynosoma_blainvillii 36
																																					  0.00	 50.34	 27.27	 28.98	 29.61	 52.26	 48.56	 44.50	 38.49	 23.66	 27.98	 32.13	 35.77	 35.47	 49.27	 39.99	 39.24	 47.82	 31.91	 37.90	 48.13		Phrynosoma_platyrhinos 37
																																						  0.00	 48.82	 50.34	 49.22	 55.09	 27.42	 16.19	 51.77	 47.47	 47.66	 50.55	 47.04	 52.17	 24.80	 56.31	 54.73	 28.73	 48.78	 19.59	 11.97		Pituophis_catenifer 38
																																							  0.00	 30.16	 33.27	 50.73	 52.52	 45.51	 39.68	 25.80	 25.93	 32.37	 31.36	 37.48	 45.93	 43.94	 39.36	 49.81	 33.57	 42.47	 43.86		Plestiodon_gilberti 39
																																								  0.00	 13.91	 50.41	 48.70	 48.52	 36.45	 30.17	 30.69	 31.43	 32.38	 36.67	 49.06	 39.43	 39.29	 47.90	 27.01	 42.25	 47.61		Podarci_raffonei 40
																																									  0.00	 51.80	 50.34	 49.15	 40.03	 30.63	 31.53	 34.89	 35.86	 38.36	 50.64	 42.32	 44.03	 52.16	 25.15	 45.11	 47.21		Podarcis_muralis 41
																																										  0.00	 59.53	 57.24	 47.57	 47.07	 49.33	 53.81	 49.14	 48.52	 57.27	 49.58	 50.75	 57.26	 55.91	 49.68	 53.47		Pogona_vitticeps 42
																																											  0.00	 28.65	 50.46	 47.86	 47.76	 50.98	 45.51	 49.77	 26.82	 50.13	 50.61	 24.99	 52.75	 21.57	 28.18		Protobothrops_mucrosquamatus 43
																																												  0.00	 52.43	 45.99	 46.47	 47.36	 47.30	 51.14	 25.05	 51.56	 49.64	 27.53	 48.67	 18.88	 16.08		Ptyas_mucosa 44
																																													  0.00	 36.54	 35.95	 38.06	 37.90	 42.48	 49.56	 40.07	 42.24	 47.40	 40.54	 43.54	 49.79		Salvator_merianae 45
																																														  0.00	 14.73	 32.38	 31.51	 33.46	 47.28	 36.84	 37.60	 49.32	 30.99	 38.72	 47.16		Sceloporus_occidentalis 46
																																															  0.00	 32.31	 31.05	 31.84	 46.13	 38.63	 38.42	 49.51	 32.11	 44.37	 46.50		Sceloporus_tristichus 47
																																																  0.00	 33.97	 35.04	 51.23	 37.53	 39.21	 48.67	 34.15	 43.07	 48.08		Shinisaurus_crocodilurus 48
																																																	  0.00	 33.54	 44.44	 38.00	 37.10	 48.08	 36.49	 35.98	 44.72		Sphaerodactylus_townsendi 49
																																																		  0.00	 49.97	 45.73	 45.45	 52.58	 39.58	 43.58	 49.76		Sphenodon_punctatus 50
																																																			  0.00	 53.30	 51.58	 27.26	 52.87	 22.10	 26.45		Thermophis_baileyi 51
																																																				  0.00	 20.40	 52.72	 41.93	 47.09	 52.97		Varanus_komodoensis 52
																																																					  0.00	 50.30	 42.19	 42.57	 52.99		Varanus_salvator 53
																																																						  0.00	 52.14	 20.64	 28.65		Vipera_latastei 54
																																																							  0.00	 48.45	 48.23		Zootaca_vivipara 55
																																																								  0.00	 21.67		Thamnophis_elegans 56
																																																									  0.00		Pantherophis_guttatus 57
