Distance Matrix
---------------

Uncorrected for Multiple Substitutions
Using base positions 123 in the codon
Gap weighting is 0.000000

	    1	    2	    3	    4	    5	    6	    7	    8	    9	    10	    11	    12	    13	    14	    15	    16	    17	    18	    19	    20	    21	    22	    23	    24	    25	    26	    27	    28	    29	    30	    31	    32	    33	    34	    35	    36	    37	    38	    39	    40	    41	    42	    43	    44	    45	    46	    47	    48	    49	    50	    51	    52	    53	    54	    55	    56	    57
	  0.00	 34.52	 31.95	 23.18	 34.91	 35.90	 22.78	 23.77	 24.46	 26.33	 19.13	 24.26	 32.54	 32.45	 30.77	 24.95	 22.09	 34.81	 33.83	 34.71	 33.43	 32.64	 22.49	 32.25	 32.35	 33.53	 26.13	 32.35	 34.71	 12.92	 23.37	 24.56	 22.19	 33.83	 37.38	 33.43	 33.53	 21.99	 31.26	 34.16	 35.31	 38.56	 24.26	 21.70	 34.62	 31.07	 32.35	 32.74	 31.85	 34.81	 22.68	 36.09	 34.91	 24.65	 34.32	 18.18	 23.18		Python_bivittatus 1
		  0.00	 22.29	 35.90	 29.59	 29.39	 33.23	 35.90	 35.90	 37.18	 35.11	 35.21	 24.95	 24.56	 25.54	 34.62	 36.69	 29.59	 27.22	 27.61	 25.94	 23.77	 34.81	 25.05	 24.95	 25.15	 34.71	 26.73	 24.65	 35.60	 34.81	 34.62	 34.81	 30.77	 34.22	 23.37	 22.29	 34.81	 26.33	 25.77	 26.04	 37.67	 36.59	 35.01	 30.18	 23.87	 24.36	 27.32	 26.92	 29.19	 37.18	 31.95	 30.18	 36.29	 25.44	 31.24	 34.71		Anolis_carolinensis 2
			  0.00	 34.71	 29.29	 30.08	 35.21	 35.21	 35.31	 34.71	 34.42	 35.60	 24.95	 24.46	 24.36	 34.81	 34.71	 28.90	 25.44	 27.71	 24.36	 22.39	 34.81	 25.64	 24.36	 25.64	 35.21	 24.06	 23.87	 32.15	 34.02	 35.50	 34.71	 29.88	 33.23	 21.60	 22.49	 35.01	 25.15	 26.36	 25.64	 35.01	 36.09	 33.63	 28.70	 21.99	 23.37	 24.75	 27.91	 28.50	 34.91	 30.47	 29.68	 36.59	 27.22	 31.00	 34.22		Anolis_sagrei 3
				  0.00	 38.46	 38.56	 23.18	 22.09	 23.77	 23.47	 24.36	 22.88	 37.08	 36.19	 35.31	 23.27	 20.51	 36.88	 34.81	 37.97	 35.60	 34.81	 22.39	 36.59	 35.31	 36.09	 24.95	 35.80	 35.60	 23.77	 24.56	 24.46	 21.40	 36.00	 38.36	 35.01	 34.91	 14.30	 34.42	 34.75	 34.91	 39.55	 23.27	 15.19	 37.18	 34.42	 35.60	 36.00	 33.93	 36.88	 22.58	 38.46	 38.46	 25.74	 35.40	 21.45	 13.31		Arizona_elegans 4
					  0.00	 10.36	 37.38	 38.66	 36.98	 37.28	 37.48	 38.56	 29.59	 29.49	 27.12	 36.19	 37.87	 31.85	 30.08	 31.36	 31.66	 28.70	 37.08	 30.97	 30.08	 30.97	 37.77	 27.61	 29.09	 36.49	 36.09	 36.59	 35.60	 32.64	 34.62	 30.28	 30.08	 38.76	 30.18	 28.49	 31.46	 38.17	 38.95	 36.09	 22.29	 29.59	 30.47	 30.77	 30.67	 31.95	 37.08	 30.87	 30.97	 37.97	 31.16	 34.97	 37.67		Aspidocelis_tigris 5
						  0.00	 36.09	 38.46	 36.88	 36.98	 37.08	 38.56	 28.80	 29.78	 27.81	 34.91	 37.97	 32.05	 28.90	 31.36	 30.77	 28.30	 36.88	 31.26	 30.37	 29.88	 38.07	 28.11	 28.01	 36.98	 35.60	 36.79	 35.60	 34.02	 33.33	 29.49	 29.68	 38.66	 29.29	 28.72	 31.76	 37.38	 38.56	 35.40	 21.01	 29.09	 29.88	 29.59	 29.49	 32.35	 37.57	 30.28	 29.88	 38.36	 29.98	 33.33	 36.98		Aspidoscelis_marmoratus 6
							  0.00	 22.88	 17.26	 25.64	 23.27	 18.24	 34.81	 33.83	 32.15	 19.43	 21.60	 34.91	 33.63	 34.42	 36.09	 33.33	 21.10	 34.22	 34.32	 35.31	 25.84	 34.02	 34.02	 24.26	 25.25	 23.57	 22.39	 36.39	 37.57	 35.50	 34.42	 21.50	 35.31	 35.46	 35.21	 40.14	 16.77	 22.49	 36.29	 33.53	 34.52	 34.12	 33.53	 35.01	 22.39	 36.19	 35.60	 21.70	 36.29	 16.78	 22.88		Azemiops_feae 7
								  0.00	 24.26	 24.16	 24.46	 22.19	 33.73	 36.09	 35.31	 23.57	 22.49	 35.70	 36.00	 36.79	 36.09	 35.11	 20.91	 36.49	 35.50	 35.90	 25.64	 35.80	 36.69	 23.57	 21.70	 23.37	 22.78	 37.48	 37.67	 34.02	 34.42	 21.01	 34.42	 36.76	 37.08	 40.14	 24.06	 20.71	 37.38	 34.62	 35.01	 36.00	 33.93	 36.59	 21.89	 37.67	 36.69	 23.77	 36.39	 16.55	 20.32		Boaedon_fuliginosus 8
									  0.00	 25.54	 22.58	 17.65	 35.11	 34.32	 33.93	 21.50	 21.60	 36.98	 35.60	 34.91	 38.17	 34.12	 22.39	 34.62	 35.01	 35.90	 24.85	 36.09	 35.31	 24.46	 25.44	 23.87	 21.30	 36.49	 38.26	 36.79	 35.80	 21.99	 35.60	 34.75	 36.00	 40.93	 18.05	 22.49	 36.69	 35.11	 36.39	 35.80	 33.53	 37.08	 23.47	 36.39	 36.98	 20.51	 36.88	 17.72	 22.19		Bothrops_jararaca 9
										  0.00	 25.35	 25.54	 37.67	 36.29	 34.91	 22.88	 22.78	 38.36	 35.60	 36.00	 36.09	 34.81	 24.06	 36.00	 35.60	 34.91	 21.40	 35.60	 36.00	 24.85	 25.35	 21.70	 20.22	 36.29	 38.86	 35.90	 35.70	 23.47	 37.87	 34.52	 35.40	 41.81	 24.56	 21.30	 37.38	 36.19	 35.90	 37.77	 36.79	 37.57	 22.19	 38.56	 37.77	 25.94	 36.09	 18.88	 23.27		Bungarus_multicintus 10
											  0.00	 22.98	 33.04	 33.14	 32.54	 23.67	 22.49	 34.12	 34.81	 34.52	 36.29	 32.94	 21.89	 33.23	 34.52	 34.81	 25.54	 34.02	 34.42	 19.92	 23.08	 23.67	 22.88	 35.11	 36.49	 34.02	 34.62	 23.18	 34.32	 33.33	 36.39	 38.95	 23.18	 22.68	 36.00	 33.14	 33.23	 35.60	 33.23	 35.01	 21.40	 36.19	 34.32	 24.56	 35.90	 19.11	 24.06		Charina_bottae 11
												  0.00	 36.29	 33.83	 34.52	 20.71	 21.50	 36.59	 36.29	 35.11	 35.11	 34.12	 22.09	 35.80	 35.11	 36.00	 26.13	 35.11	 34.81	 24.56	 25.25	 24.06	 20.91	 36.29	 38.26	 35.50	 35.60	 22.58	 35.40	 35.34	 35.21	 41.42	 19.23	 22.19	 36.09	 33.93	 35.50	 35.60	 33.23	 36.00	 20.91	 37.57	 36.98	 22.39	 34.32	 19.35	 23.18		Crotalus_tigris 12
													  0.00	 20.91	 23.08	 35.50	 35.90	 29.78	 29.09	 26.82	 24.16	 20.71	 33.43	 26.04	 24.85	 25.74	 37.08	 26.04	 19.72	 32.15	 34.42	 34.12	 33.83	 28.40	 34.12	 22.39	 24.95	 36.19	 21.89	 24.00	 25.74	 34.91	 35.70	 35.11	 27.81	 22.78	 22.29	 24.85	 25.44	 28.40	 33.53	 30.77	 28.50	 34.81	 27.42	 30.77	 35.60		Cryptoblepharus_egeriae 13
														  0.00	 18.24	 35.31	 34.62	 27.61	 27.91	 24.75	 24.75	 14.99	 32.84	 24.56	 23.27	 25.35	 35.01	 25.54	 22.58	 33.43	 33.53	 33.93	 32.74	 28.40	 32.35	 22.39	 24.16	 36.79	 22.49	 22.81	 25.15	 33.43	 33.93	 34.22	 28.99	 19.43	 20.22	 25.35	 23.87	 26.04	 33.63	 27.81	 28.01	 35.90	 26.63	 31.47	 34.62		Ctenosaura_bakeri 14
															  0.00	 32.45	 34.22	 27.51	 27.22	 25.15	 28.11	 16.37	 33.04	 25.15	 25.05	 26.04	 35.60	 24.85	 22.78	 30.87	 31.66	 32.05	 31.76	 27.51	 31.56	 24.16	 25.05	 35.60	 23.87	 23.40	 25.84	 33.73	 32.94	 33.73	 28.90	 23.37	 23.18	 23.96	 25.15	 26.63	 34.71	 29.29	 28.11	 35.01	 28.30	 28.67	 34.91		Cyclura_pinguis 15
																  0.00	 21.20	 36.19	 34.22	 34.02	 37.57	 34.81	 23.37	 36.79	 34.81	 35.31	 24.26	 34.42	 35.21	 25.64	 24.85	 23.67	 21.70	 36.19	 38.07	 34.12	 34.12	 22.19	 36.19	 33.81	 35.11	 41.32	 20.91	 22.78	 37.28	 34.62	 34.12	 35.31	 34.52	 36.59	 23.47	 37.08	 37.28	 18.34	 36.00	 18.65	 23.18		Daboia_siamensis 16
																	  0.00	 36.39	 36.39	 35.70	 36.69	 34.62	 19.03	 35.60	 34.91	 35.21	 22.39	 35.01	 35.90	 22.98	 22.98	 22.19	 19.92	 36.98	 37.97	 35.60	 35.01	 17.06	 34.71	 35.70	 34.71	 41.81	 21.79	 18.24	 37.28	 34.62	 35.01	 36.29	 33.63	 37.18	 17.55	 38.86	 36.49	 25.15	 35.50	 18.18	 19.43		Diadophis_punctatus 17
																		  0.00	 29.49	 30.28	 29.29	 26.82	 36.39	 29.98	 30.47	 30.57	 38.56	 29.98	 27.71	 35.40	 36.69	 35.40	 35.11	 31.16	 35.60	 29.39	 27.71	 35.90	 29.29	 29.67	 30.77	 37.08	 36.79	 36.59	 32.45	 27.71	 28.01	 29.88	 30.28	 31.07	 36.88	 31.46	 29.68	 37.38	 30.77	 32.17	 35.60		Elgaria_multicarinata 18
																			  0.00	 27.42	 27.51	 26.82	 36.98	 27.32	 28.01	 28.40	 35.01	 27.81	 28.01	 34.42	 36.00	 35.80	 34.71	 32.15	 32.74	 27.42	 26.82	 36.49	 29.49	 28.61	 28.11	 38.46	 36.79	 34.12	 28.99	 28.30	 29.09	 28.01	 28.90	 27.81	 37.38	 31.76	 31.76	 38.07	 28.40	 28.90	 35.21		Eublepharis_macularius 19
																				  0.00	 29.68	 23.87	 35.40	 27.51	 27.91	 28.11	 36.79	 23.77	 25.84	 34.91	 36.79	 36.29	 34.12	 30.47	 34.52	 27.42	 28.01	 36.19	 26.23	 25.41	 27.32	 36.88	 34.81	 35.11	 29.98	 27.22	 27.02	 29.29	 26.23	 30.57	 34.12	 32.54	 31.26	 36.29	 29.19	 34.03	 36.09		Gekko_japonicus 20
																					  0.00	 25.05	 36.00	 27.02	 26.43	 26.13	 36.69	 27.22	 24.46	 34.62	 35.21	 35.01	 35.21	 30.67	 34.81	 26.04	 27.02	 36.88	 26.63	 27.90	 28.30	 36.88	 37.08	 33.23	 29.19	 24.46	 25.94	 25.15	 26.04	 29.19	 36.00	 31.95	 31.16	 38.66	 26.92	 32.17	 35.80		Hemicordylus_capensis 21
																						  0.00	 33.14	 25.05	 22.39	 23.57	 36.39	 22.98	 20.22	 32.25	 33.83	 35.60	 33.63	 28.01	 31.26	 21.89	 23.08	 36.49	 22.88	 23.05	 24.56	 34.02	 34.22	 34.91	 27.32	 20.91	 21.20	 24.95	 23.96	 26.23	 34.32	 28.70	 27.02	 36.09	 26.23	 29.84	 34.22		Iguana_delicatissima 22
																							  0.00	 35.80	 35.31	 35.80	 21.70	 34.12	 34.81	 22.39	 21.89	 22.78	 20.22	 35.90	 37.48	 33.43	 33.53	 20.41	 35.21	 35.70	 36.19	 40.43	 22.19	 20.41	 36.79	 33.83	 33.83	 33.73	 32.74	 35.01	 18.54	 36.98	 35.90	 24.16	 36.98	 16.55	 20.71		Imantodes_cenchoa 23
																								  0.00	 14.00	 14.20	 36.39	 28.40	 24.46	 34.02	 34.71	 34.91	 35.40	 31.16	 34.02	 25.64	 24.06	 36.19	 25.35	 19.74	 19.03	 38.17	 36.39	 36.19	 31.85	 25.15	 24.65	 24.85	 27.51	 29.09	 36.49	 31.46	 29.49	 38.07	 20.61	 31.47	 36.29		Lacerta_agilis 24
																									  0.00	  6.41	 35.40	 28.01	 23.87	 34.02	 33.83	 35.21	 34.02	 30.18	 34.42	 24.75	 23.37	 36.98	 24.46	 18.91	 19.72	 37.38	 36.19	 36.29	 30.08	 22.88	 24.06	 25.05	 24.95	 28.60	 36.59	 30.18	 30.67	 36.79	 20.02	 31.47	 35.80		Lacerta_bilineata 25
																										  0.00	 35.90	 27.51	 24.06	 33.14	 34.71	 35.40	 35.11	 30.67	 34.22	 24.85	 23.47	 37.08	 24.95	 19.03	 20.91	 37.87	 35.90	 35.90	 30.77	 23.96	 24.56	 25.44	 26.92	 29.29	 36.88	 31.16	 30.47	 36.98	 21.20	 32.87	 36.19		Lacerta_viridis 26
																											  0.00	 35.60	 36.39	 25.44	 24.95	 21.99	 21.40	 37.28	 37.87	 35.80	 34.81	 22.98	 36.19	 34.87	 33.83	 39.74	 26.63	 22.58	 36.98	 34.22	 36.19	 37.18	 34.12	 36.39	 23.47	 37.08	 37.97	 26.04	 36.09	 20.51	 23.87		Laticauda_colubrina 27
																												  0.00	 23.96	 33.53	 35.40	 35.11	 35.01	 29.78	 33.33	 24.56	 26.13	 35.40	 25.74	 25.53	 27.32	 35.60	 35.50	 34.81	 28.50	 24.16	 24.65	 27.32	 24.56	 28.21	 34.91	 30.47	 29.49	 35.01	 28.60	 31.93	 34.02		Lepidodactylus_listeri 28
																													  0.00	 35.31	 34.81	 34.12	 33.53	 29.59	 33.33	 23.37	 23.96	 35.90	 21.20	 23.05	 24.46	 33.93	 36.00	 35.90	 26.23	 22.19	 21.70	 25.74	 24.56	 27.71	 36.19	 32.05	 29.78	 36.29	 26.82	 31.93	 36.69		Lerista_edwardsae 29
																														  0.00	 24.46	 24.46	 21.20	 35.50	 35.50	 32.84	 34.71	 22.09	 32.94	 33.92	 35.31	 38.66	 23.47	 21.99	 34.22	 31.85	 31.95	 33.73	 32.74	 35.31	 22.58	 35.90	 34.81	 25.54	 35.70	 20.05	 22.88		Morelia_viridis 30
																															  0.00	 23.37	 20.02	 35.11	 37.97	 35.21	 35.70	 23.77	 34.42	 35.58	 37.08	 38.36	 25.05	 22.98	 35.80	 33.83	 33.83	 34.81	 33.14	 34.71	 21.40	 36.00	 35.60	 25.44	 35.60	 17.95	 24.06		Myanophis_thanlyinensis 31
																																  0.00	 16.86	 37.97	 36.59	 34.62	 33.83	 23.87	 35.80	 34.52	 35.50	 38.86	 23.67	 21.99	 36.09	 34.52	 34.71	 34.71	 33.14	 36.59	 23.27	 37.08	 37.48	 24.65	 37.67	 19.35	 24.06		Naja_naja 32
																																	  0.00	 35.70	 36.29	 34.22	 33.83	 20.51	 34.32	 34.63	 35.31	 38.66	 20.41	 18.64	 34.91	 34.62	 34.22	 35.60	 31.76	 36.19	 19.63	 34.62	 34.62	 22.39	 36.09	 17.95	 20.12		Ophiophagus_hannah 33
																																		  0.00	 36.19	 29.49	 30.28	 36.29	 29.39	 28.49	 30.18	 37.48	 36.59	 36.00	 31.76	 28.70	 28.50	 28.90	 28.50	 31.56	 36.69	 30.28	 30.18	 35.60	 29.98	 31.47	 35.50		Paroedura_picta 34
																																			  0.00	 32.05	 31.16	 38.76	 32.94	 33.92	 34.22	 35.50	 37.48	 36.09	 34.42	 31.56	 32.74	 33.43	 32.45	 33.04	 37.38	 34.22	 34.12	 39.84	 33.63	 36.60	 37.87		Phrynocephalus_versicolor 35
																																				  0.00	 14.20	 36.79	 22.29	 23.64	 25.15	 34.42	 35.21	 33.04	 29.68	 20.12	 19.03	 25.54	 26.82	 27.22	 35.01	 29.98	 29.68	 36.49	 26.73	 31.70	 34.81		Phrynosoma_blainvillii 36
																																					  0.00	 36.09	 22.58	 23.88	 24.26	 37.18	 35.31	 33.14	 29.88	 20.02	 22.88	 25.94	 28.21	 28.01	 35.70	 30.67	 30.18	 35.80	 25.64	 29.60	 35.01		Phrynosoma_platyrhinos 37
																																						  0.00	 35.31	 36.17	 35.50	 38.76	 22.68	 14.20	 36.98	 34.81	 34.91	 36.39	 34.62	 37.18	 20.71	 39.25	 38.56	 24.56	 35.31	 17.02	 10.85		Pituophis_catenifer 38
																																							  0.00	 24.59	 26.53	 36.69	 37.38	 33.73	 30.57	 21.70	 21.79	 25.84	 25.44	 29.19	 34.02	 32.94	 30.37	 36.98	 26.53	 32.17	 32.84		Plestiodon_gilberti 39
																																								  0.00	 12.41	 36.41	 35.46	 35.34	 28.72	 24.70	 25.06	 25.41	 26.12	 28.84	 35.70	 30.38	 30.38	 36.17	 22.22	 32.17	 34.87		Podarci_raffonei 40
																																									  0.00	 36.98	 36.19	 35.60	 30.77	 24.95	 25.54	 27.51	 28.11	 29.68	 36.39	 31.95	 32.84	 37.97	 21.01	 33.57	 34.62		Podarcis_muralis 41
																																										  0.00	 40.93	 39.64	 35.11	 34.81	 36.00	 38.17	 35.90	 35.50	 39.84	 36.09	 36.69	 40.83	 39.05	 36.13	 37.97		Pogona_vitticeps 42
																																											  0.00	 23.47	 36.39	 35.01	 35.01	 36.49	 33.93	 36.09	 22.19	 36.29	 36.59	 21.89	 37.28	 18.65	 23.27		Protobothrops_mucrosquamatus 43
																																												  0.00	 37.28	 34.02	 34.22	 34.71	 34.71	 36.59	 20.91	 36.98	 36.09	 23.77	 35.40	 16.55	 14.10		Ptyas_mucosa 44
																																													  0.00	 28.80	 28.40	 29.68	 29.68	 32.25	 35.90	 30.97	 32.15	 35.80	 31.07	 32.87	 36.00		Salvator_merianae 45
																																														  0.00	 13.12	 26.13	 25.64	 26.82	 34.81	 28.90	 29.39	 36.79	 25.15	 30.07	 34.62		Sceloporus_occidentalis 46
																																															  0.00	 26.04	 25.35	 25.84	 34.22	 29.98	 29.88	 36.79	 25.84	 33.10	 34.32		Sceloporus_tristichus 47
																																																  0.00	 27.12	 27.81	 36.69	 29.29	 30.18	 36.29	 27.02	 32.63	 35.11		Shinisaurus_crocodilurus 48
																																																	  0.00	 26.82	 33.33	 29.68	 29.19	 36.19	 28.50	 28.44	 33.43		Sphaerodactylus_townsendi 49
																																																		  0.00	 36.19	 34.02	 33.93	 38.46	 30.18	 32.87	 36.00		Sphenodon_punctatus 50
																																																			  0.00	 37.77	 36.88	 23.57	 37.48	 18.88	 21.89		Thermophis_baileyi 51
																																																				  0.00	 17.55	 38.36	 31.85	 34.73	 37.77		Varanus_komodoensis 52
																																																					  0.00	 37.28	 31.95	 32.40	 37.77		Varanus_salvator 53
																																																						  0.00	 38.07	 20.28	 24.56		Vipera_latastei 54
																																																							  0.00	 35.20	 35.11		Zootaca_vivipara 55
																																																								  0.00	 18.65		Thamnophis_elegans 56
																																																									  0.00		Pantherophis_guttatus 57
