Distance Matrix
---------------

Uncorrected for Multiple Substitutions
Using base positions 123 in the codon
Gap weighting is 0.000000

	    1	    2	    3	    4	    5	    6	    7	    8	    9	    10	    11	    12	    13	    14	    15	    16	    17	    18	    19	    20	    21	    22	    23	    24	    25	    26	    27	    28	    29	    30	    31	    32	    33	    34	    35	    36	    37	    38	    39	    40	    41	    42	    43	    44	    45	    46	    47	    48	    49	    50	    51	    52	    53	    54	    55	    56	    57
	  0.00	 49.53	 49.06	 34.43	 49.29	 46.23	 37.03	 38.68	 34.67	 36.08	 22.17	 36.79	 52.59	 47.41	 45.99	 39.39	 34.43	 45.28	 47.88	 48.35	 49.76	 46.46	 33.73	 50.94	 49.53	 49.29	 34.91	 52.12	 47.41	 13.68	 33.96	 34.67	 32.55	 50.47	 52.12	 46.93	 48.58	 35.38	 48.11	 50.24	 49.29	 50.24	 35.14	 33.49	 50.71	 48.11	 48.35	 47.64	 50.00	 45.99	 33.02	 51.42	 49.53	 29.07	 49.06	 32.31	 32.78		Python_bivittatus 1
		  0.00	 24.53	 50.00	 42.22	 41.27	 50.94	 52.36	 50.94	 47.88	 51.89	 54.72	 32.78	 25.47	 27.12	 53.07	 52.12	 33.73	 34.67	 39.86	 34.91	 27.36	 50.24	 34.20	 33.49	 33.25	 54.72	 37.26	 30.90	 49.06	 48.35	 53.30	 49.29	 43.63	 40.09	 26.65	 27.36	 51.18	 33.25	 34.43	 35.14	 40.57	 50.94	 49.53	 39.86	 28.07	 25.71	 31.60	 39.39	 32.55	 51.18	 38.68	 37.26	 46.51	 37.50	 49.53	 51.18		Anolis_carolinensis 2
			  0.00	 48.35	 38.68	 39.39	 50.94	 50.71	 51.18	 45.05	 47.88	 52.83	 33.73	 25.47	 24.53	 50.71	 48.11	 33.49	 32.78	 35.61	 34.67	 25.94	 51.18	 30.19	 32.55	 32.55	 49.29	 35.61	 32.55	 48.58	 48.11	 48.11	 46.46	 39.62	 37.50	 24.76	 24.29	 49.29	 31.13	 31.60	 31.84	 40.33	 50.94	 49.53	 42.22	 27.12	 27.59	 32.31	 35.85	 33.96	 49.76	 38.44	 36.56	 47.67	 32.78	 47.64	 49.53		Anolis_sagrei 3
				  0.00	 49.76	 48.35	 29.48	 27.83	 29.95	 25.47	 33.25	 29.72	 49.76	 47.64	 47.64	 28.77	 23.35	 47.41	 46.23	 49.76	 50.00	 47.17	 24.53	 47.88	 46.93	 47.17	 27.59	 50.71	 47.17	 35.85	 28.77	 27.36	 25.47	 49.53	 51.18	 47.17	 45.28	 16.27	 47.88	 46.70	 46.70	 50.71	 28.54	 14.86	 48.35	 48.35	 48.11	 50.94	 51.89	 48.11	 22.41	 49.06	 48.35	 26.74	 48.82	 24.06	 14.39		Arizona_elegans 4
					  0.00	  7.55	 53.07	 51.65	 52.36	 51.18	 49.06	 51.65	 41.04	 37.74	 36.79	 50.47	 51.65	 42.92	 40.33	 36.56	 40.80	 37.74	 50.47	 40.57	 40.33	 40.33	 54.25	 40.33	 40.80	 51.18	 48.82	 53.07	 51.89	 45.52	 43.40	 38.68	 37.50	 52.83	 39.62	 40.09	 40.57	 44.58	 52.59	 50.00	 24.76	 40.33	 40.09	 41.27	 41.75	 43.87	 52.12	 48.11	 43.87	 44.19	 43.16	 52.12	 51.42		Aspidocelis_tigris 5
						  0.00	 53.77	 51.89	 51.18	 51.65	 47.41	 51.89	 41.27	 37.50	 35.85	 50.94	 51.89	 41.27	 39.15	 37.26	 39.15	 38.21	 50.24	 42.69	 41.27	 41.75	 53.77	 39.15	 39.15	 48.58	 47.17	 52.12	 51.89	 44.58	 42.45	 38.68	 36.08	 53.07	 40.09	 40.09	 40.09	 44.10	 51.18	 49.76	 21.70	 40.33	 40.33	 41.27	 40.57	 41.75	 50.47	 45.52	 42.45	 41.86	 41.75	 50.94	 50.00		Aspidoscelis_marmoratus 6
							  0.00	 31.60	 21.70	 30.90	 35.14	 24.29	 50.24	 50.24	 52.12	 25.71	 27.12	 50.94	 49.53	 48.82	 49.06	 49.06	 27.12	 49.06	 49.76	 49.53	 30.90	 50.71	 47.64	 35.61	 31.60	 30.90	 29.72	 49.06	 53.54	 51.42	 50.47	 27.12	 48.11	 51.42	 50.24	 54.25	 18.40	 26.42	 51.89	 49.76	 50.71	 49.29	 50.94	 50.24	 27.83	 50.71	 50.47	 19.77	 52.36	 28.07	 28.07		Azemiops_feae 7
								  0.00	 32.78	 29.72	 34.91	 33.25	 50.71	 50.47	 50.71	 33.73	 24.76	 50.00	 49.06	 48.11	 51.65	 49.76	 26.42	 52.12	 50.47	 50.24	 29.48	 51.42	 49.06	 38.92	 32.08	 27.83	 26.18	 53.30	 53.07	 49.53	 50.71	 26.89	 50.71	 50.24	 50.00	 57.08	 30.42	 25.24	 52.12	 52.59	 50.00	 53.30	 51.89	 48.35	 23.58	 51.65	 52.83	 25.58	 53.30	 22.88	 25.71		Boaedon_fuliginosus 8
									  0.00	 29.25	 30.42	 20.52	 50.71	 48.58	 48.35	 28.07	 26.42	 48.82	 50.00	 48.82	 50.71	 45.99	 26.18	 49.53	 50.24	 49.53	 31.60	 50.00	 46.23	 35.61	 27.12	 29.01	 28.07	 47.41	 50.71	 50.71	 49.53	 31.60	 47.41	 47.88	 48.35	 49.29	 18.63	 29.95	 49.53	 47.88	 48.35	 49.29	 47.41	 48.58	 26.65	 50.47	 51.18	 12.79	 51.42	 26.18	 26.89		Bothrops_jararaca 9
										  0.00	 33.96	 32.08	 49.29	 46.93	 47.41	 32.08	 25.47	 47.88	 47.41	 48.82	 50.24	 46.23	 26.42	 46.93	 46.23	 46.93	 29.25	 52.12	 45.99	 37.26	 29.25	 21.93	 24.06	 51.89	 51.42	 45.28	 43.87	 28.30	 46.46	 45.99	 45.28	 54.01	 29.72	 27.83	 51.89	 46.70	 46.93	 48.58	 48.82	 47.64	 25.71	 51.18	 50.24	 16.28	 48.11	 25.24	 27.12		Bungarus_multicintus 10
											  0.00	 36.79	 50.47	 48.11	 47.17	 33.73	 33.02	 48.11	 51.89	 48.82	 50.94	 47.17	 33.25	 49.76	 49.53	 48.82	 32.78	 49.29	 46.46	 23.82	 30.42	 33.02	 31.84	 49.76	 51.42	 47.64	 49.06	 33.73	 48.82	 48.58	 49.06	 49.06	 34.43	 34.43	 50.24	 47.17	 45.05	 47.64	 47.64	 47.64	 31.84	 51.65	 50.94	 19.77	 49.53	 31.37	 30.42		Charina_bottae 11
												  0.00	 51.89	 50.94	 49.76	 28.77	 28.30	 50.24	 50.94	 48.58	 50.24	 50.00	 26.18	 48.82	 49.53	 50.71	 30.42	 51.65	 49.76	 37.26	 29.25	 31.84	 31.13	 49.29	 52.83	 50.94	 49.29	 30.90	 49.29	 49.06	 48.58	 52.59	 20.28	 31.13	 50.47	 50.24	 49.53	 49.29	 52.59	 52.12	 29.25	 51.18	 51.42	 13.95	 52.59	 28.30	 30.42		Crotalus_tigris 12
													  0.00	 30.66	 30.19	 49.29	 48.35	 38.92	 34.20	 35.38	 37.50	 29.72	 49.06	 33.49	 31.84	 31.84	 50.24	 32.08	 24.53	 51.42	 46.70	 49.06	 48.35	 41.27	 36.79	 29.01	 31.60	 50.47	 27.59	 32.08	 32.31	 39.62	 48.58	 50.94	 38.92	 29.95	 30.66	 30.42	 33.73	 34.43	 49.06	 40.33	 40.09	 40.70	 36.79	 48.11	 48.82		Cryptoblepharus_egeriae 13
														  0.00	 14.86	 50.00	 48.35	 30.66	 31.60	 33.25	 32.55	 13.68	 46.93	 32.31	 30.90	 30.19	 50.24	 31.37	 26.42	 47.64	 44.81	 49.76	 47.41	 39.15	 37.50	 19.58	 21.46	 48.82	 29.48	 32.31	 32.31	 37.74	 50.47	 49.29	 38.92	 23.58	 21.46	 29.01	 36.32	 30.42	 46.93	 39.15	 36.32	 45.35	 34.43	 48.58	 46.70		Ctenosaura_bakeri 14
															  0.00	 48.58	 49.06	 32.31	 31.84	 32.08	 33.73	 14.15	 48.11	 30.66	 29.25	 29.72	 50.00	 30.90	 25.00	 45.28	 44.58	 50.24	 46.23	 37.97	 37.97	 20.75	 21.93	 48.35	 29.72	 29.72	 29.48	 37.74	 48.82	 49.29	 37.97	 23.82	 21.93	 28.30	 33.49	 29.48	 45.99	 40.57	 36.56	 41.86	 31.60	 47.41	 47.41		Cyclura_pinguis 15
																  0.00	 30.19	 50.47	 50.47	 49.06	 47.88	 49.29	 29.48	 48.11	 48.58	 48.82	 32.08	 49.06	 48.11	 38.44	 31.84	 31.13	 28.30	 51.65	 50.71	 49.76	 49.29	 29.72	 48.82	 48.58	 47.41	 54.25	 26.89	 28.77	 50.00	 50.94	 48.82	 47.41	 51.18	 48.58	 28.54	 49.53	 50.94	  9.30	 49.76	 29.95	 29.48		Daboia_siamensis 16
																	  0.00	 49.29	 50.47	 49.53	 50.24	 48.11	 17.45	 49.76	 49.29	 48.35	 25.47	 48.58	 48.35	 33.73	 26.18	 23.82	 24.53	 47.64	 51.65	 48.58	 48.35	 23.11	 49.06	 48.58	 49.76	 52.59	 26.65	 23.35	 49.53	 48.58	 48.35	 50.71	 47.17	 47.41	 16.51	 51.18	 50.94	 19.77	 50.47	 20.05	 21.23		Diadophis_punctatus 17
																		  0.00	 35.85	 38.21	 37.74	 30.42	 47.41	 33.73	 34.91	 35.38	 51.18	 37.50	 33.49	 47.64	 47.17	 50.00	 47.17	 43.16	 40.09	 31.60	 32.55	 46.46	 29.72	 33.49	 33.49	 40.33	 49.53	 47.41	 42.69	 33.73	 32.55	 33.02	 39.62	 34.20	 48.35	 41.98	 41.04	 40.70	 35.61	 46.93	 45.99		Elgaria_multicarinata 18
																			  0.00	 35.38	 33.96	 31.13	 49.29	 35.61	 35.85	 36.32	 50.00	 35.61	 33.02	 48.82	 46.70	 50.00	 45.75	 40.80	 38.92	 30.66	 31.60	 46.93	 32.31	 36.79	 34.67	 39.15	 50.00	 44.34	 41.27	 32.55	 32.31	 36.08	 37.74	 34.43	 49.06	 39.39	 37.26	 47.67	 35.85	 47.88	 46.70		Eublepharis_macularius 19
																				  0.00	 38.21	 33.25	 46.23	 36.79	 36.79	 38.21	 50.94	 29.25	 34.67	 49.53	 49.06	 52.12	 47.88	 37.26	 41.98	 33.96	 37.26	 51.18	 35.14	 34.67	 35.61	 39.39	 47.64	 49.06	 39.15	 35.61	 34.43	 37.03	 33.02	 37.26	 48.11	 45.75	 42.22	 41.86	 38.44	 49.29	 50.24		Gekko_japonicus 20
																					  0.00	 31.84	 48.35	 35.85	 34.67	 34.67	 50.24	 39.39	 34.67	 50.00	 47.88	 50.00	 49.29	 39.62	 40.09	 32.78	 31.60	 50.24	 33.73	 35.38	 36.56	 41.51	 48.11	 46.93	 39.86	 33.96	 31.84	 33.49	 40.57	 36.56	 48.11	 36.08	 36.08	 40.70	 34.67	 52.12	 48.35		Hemicordylus_capensis 21
																						  0.00	 47.17	 30.19	 28.07	 29.01	 50.00	 32.31	 25.94	 46.70	 42.92	 47.17	 45.28	 38.44	 35.14	 19.10	 20.05	 47.64	 29.72	 29.25	 30.19	 35.38	 47.64	 47.41	 37.26	 22.17	 20.52	 29.25	 34.20	 31.13	 45.99	 37.50	 36.56	 43.02	 30.90	 46.46	 45.52		Iguana_delicatissima 22
																							  0.00	 50.94	 49.76	 49.06	 25.24	 48.82	 47.17	 33.02	 24.76	 24.76	 24.06	 46.70	 50.47	 48.11	 49.29	 21.93	 50.47	 48.58	 49.29	 53.07	 24.76	 21.70	 48.11	 49.29	 47.88	 50.47	 49.53	 48.35	 18.87	 51.89	 51.42	 17.44	 50.94	 19.58	 20.52		Imantodes_cenchoa 23
																								  0.00	 10.85	 11.32	 50.00	 38.21	 32.31	 50.00	 47.41	 49.76	 45.99	 40.80	 40.57	 29.25	 28.77	 48.11	 27.59	 17.22	 16.04	 41.75	 48.35	 47.64	 41.27	 30.19	 29.95	 33.02	 34.20	 36.32	 48.35	 41.04	 40.80	 45.35	 17.92	 47.17	 48.35		Lacerta_agilis 24
																									  0.00	  4.01	 50.00	 37.97	 31.13	 49.29	 45.75	 49.29	 46.46	 42.69	 39.39	 29.72	 28.77	 49.06	 28.77	 17.22	 16.75	 40.57	 46.93	 46.70	 39.39	 29.95	 29.01	 34.67	 32.78	 34.67	 47.41	 40.33	 38.21	 45.35	 20.75	 46.93	 48.11		Lacerta_bilineata 25
																										  0.00	 50.00	 38.68	 30.19	 49.06	 46.23	 49.29	 45.05	 43.16	 39.15	 29.72	 28.30	 49.06	 29.25	 17.45	 17.22	 40.80	 47.17	 46.70	 39.39	 29.72	 28.30	 34.91	 33.49	 34.91	 47.88	 40.09	 38.68	 44.19	 21.93	 45.75	 48.58		Lacerta_viridis 26
																											  0.00	 54.25	 49.06	 35.61	 32.55	 22.17	 22.88	 51.89	 52.83	 48.82	 48.58	 27.59	 50.71	 49.76	 50.47	 52.36	 31.37	 26.18	 52.36	 50.71	 50.71	 51.42	 50.47	 49.29	 24.29	 53.77	 53.30	 20.93	 50.24	 26.18	 27.36		Laticauda_colubrina 27
																												  0.00	 32.08	 49.76	 49.29	 54.01	 50.94	 38.21	 38.92	 32.55	 35.61	 52.36	 35.14	 38.21	 39.39	 41.04	 49.76	 50.47	 39.86	 34.43	 33.96	 34.20	 33.25	 38.68	 49.06	 41.27	 41.98	 41.86	 39.15	 49.06	 48.58		Lepidodactylus_listeri 28
																													  0.00	 47.17	 43.87	 47.41	 44.10	 40.09	 36.08	 27.36	 27.83	 47.17	 20.75	 31.84	 31.84	 36.56	 46.93	 45.99	 38.68	 28.30	 26.18	 30.19	 31.60	 32.55	 46.46	 39.39	 38.21	 41.86	 32.78	 45.52	 45.28		Lerista_edwardsae 29
																														  0.00	 34.20	 37.03	 33.96	 48.82	 51.65	 47.88	 49.06	 35.85	 48.11	 49.53	 49.06	 50.24	 35.85	 34.67	 49.06	 46.70	 46.93	 47.88	 48.58	 45.52	 33.02	 50.47	 48.82	 27.91	 50.00	 33.02	 33.96		Morelia_viridis 30
																															  0.00	 29.95	 29.25	 46.93	 49.29	 45.52	 45.28	 28.54	 46.70	 45.52	 46.46	 48.82	 29.72	 27.83	 48.35	 45.99	 45.28	 46.46	 48.11	 44.58	 25.24	 48.82	 51.89	 17.44	 49.29	 25.71	 25.24		Myanophis_thanlyinensis 31
																																  0.00	 18.40	 50.71	 52.12	 48.58	 49.29	 28.07	 48.82	 46.93	 48.82	 55.42	 27.83	 26.42	 53.07	 48.11	 47.88	 52.83	 49.76	 49.76	 21.23	 51.89	 51.42	 23.26	 51.42	 24.76	 24.53		Naja_naja 32
																																	  0.00	 47.64	 50.00	 45.28	 46.46	 26.42	 46.46	 43.40	 44.58	 49.53	 29.25	 24.53	 49.06	 47.17	 44.10	 49.53	 47.64	 49.29	 21.23	 49.76	 49.06	 19.77	 48.11	 22.17	 23.11		Ophiophagus_hannah 33
																																		  0.00	 46.23	 39.62	 41.27	 49.53	 39.15	 40.57	 41.27	 42.69	 48.11	 48.58	 41.98	 38.21	 39.15	 43.63	 40.80	 43.40	 48.35	 44.10	 46.93	 46.51	 42.22	 49.29	 47.64		Paroedura_picta 34
																																			  0.00	 37.50	 37.97	 52.36	 37.50	 37.03	 37.50	 35.61	 50.24	 50.71	 43.40	 38.21	 36.32	 39.15	 39.62	 40.80	 50.71	 46.70	 44.58	 44.19	 39.39	 50.47	 49.53		Phrynocephalus_versicolor 35
																																				  0.00	 12.03	 48.58	 30.66	 29.25	 30.19	 37.26	 48.58	 46.70	 37.74	 20.75	 21.23	 27.12	 33.02	 31.84	 46.46	 37.03	 34.67	 40.70	 29.72	 47.17	 46.70		Phrynosoma_blainvillii 36
																																					  0.00	 50.24	 30.19	 29.95	 30.66	 38.92	 48.35	 46.70	 38.92	 23.58	 24.06	 27.12	 37.03	 32.31	 48.35	 38.44	 35.38	 41.86	 30.66	 48.35	 47.41		Phrynosoma_platyrhinos 37
																																						  0.00	 48.11	 47.88	 48.35	 52.59	 28.54	 16.98	 49.76	 50.47	 49.29	 49.06	 51.89	 47.41	 23.11	 49.06	 50.00	 24.42	 50.24	 24.53	 11.08		Pituophis_catenifer 38
																																							  0.00	 29.72	 28.30	 37.50	 48.35	 48.35	 39.15	 27.36	 26.89	 30.42	 33.96	 33.49	 48.58	 40.09	 37.03	 46.51	 31.37	 47.88	 47.88		Plestiodon_gilberti 39
																																								  0.00	  6.60	 38.92	 47.64	 46.93	 40.57	 28.07	 28.30	 36.32	 34.67	 35.85	 46.93	 41.51	 40.57	 40.70	 18.63	 47.17	 45.99		Podarci_raffonei 40
																																									  0.00	 38.92	 48.11	 46.23	 39.62	 29.25	 29.01	 37.03	 34.91	 35.38	 47.88	 40.57	 39.62	 41.86	 20.05	 46.93	 46.93		Podarcis_muralis 41
																																										  0.00	 51.42	 52.59	 41.75	 36.08	 35.61	 38.92	 36.56	 40.57	 51.18	 44.81	 43.63	 40.70	 39.15	 51.89	 50.94		Pogona_vitticeps 42
																																											  0.00	 27.12	 49.06	 49.53	 48.58	 48.35	 47.88	 49.76	 26.18	 48.82	 50.47	 18.60	 49.53	 25.94	 27.83		Protobothrops_mucrosquamatus 43
																																												  0.00	 50.00	 48.35	 50.00	 49.29	 51.18	 47.64	 21.46	 48.58	 48.82	 24.42	 47.88	 24.06	 15.57		Ptyas_mucosa 44
																																													  0.00	 38.68	 38.44	 41.04	 39.15	 43.40	 48.82	 44.10	 44.10	 43.02	 42.22	 51.18	 49.06		Salvator_merianae 45
																																														  0.00	 13.44	 29.25	 37.26	 32.08	 48.35	 39.39	 35.85	 41.86	 31.84	 48.35	 47.64		Sceloporus_occidentalis 46
																																															  0.00	 29.01	 36.08	 32.31	 46.70	 37.26	 35.38	 43.02	 29.48	 46.23	 47.17		Sceloporus_tristichus 47
																																																  0.00	 37.97	 34.43	 49.29	 38.92	 37.50	 40.70	 36.08	 50.00	 50.71		Shinisaurus_crocodilurus 48
																																																	  0.00	 37.26	 46.23	 43.16	 41.75	 40.70	 36.32	 48.58	 51.65		Sphaerodactylus_townsendi 49
																																																		  0.00	 46.93	 41.98	 39.62	 46.51	 37.26	 47.17	 47.64		Sphenodon_punctatus 50
																																																			  0.00	 50.71	 49.53	 17.44	 48.11	 21.23	 18.16		Thermophis_baileyi 51
																																																				  0.00	 24.06	 43.02	 39.86	 50.24	 50.71		Varanus_komodoensis 52
																																																					  0.00	 46.51	 40.57	 51.89	 49.53		Varanus_salvator 53
																																																						  0.00	 45.35	 19.77	 25.58		Vipera_latastei 54
																																																							  0.00	 48.82	 49.53		Zootaca_vivipara 55
																																																								  0.00	 23.82		Thamnophis_elegans 56
																																																									  0.00		Pantherophis_guttatus 57
