Distance Matrix
---------------

Uncorrected for Multiple Substitutions
Using base positions 123 in the codon
Gap weighting is 0.000000

	    1	    2	    3	    4	    5	    6	    7	    8	    9	    10	    11	    12	    13	    14	    15	    16	    17	    18	    19	    20	    21	    22	    23	    24	    25	    26	    27	    28	    29	    30	    31	    32	    33	    34	    35	    36	    37	    38	    39	    40	    41	    42	    43	    44	    45	    46	    47	    48	    49	    50	    51	    52	    53	    54	    55	    56	    57
	  0.00	 31.54	 29.74	 20.38	 32.18	 31.79	 21.03	 22.05	 22.44	 23.72	 18.33	 21.41	 30.38	 28.97	 29.87	 21.03	 21.67	 31.67	 31.54	 34.87	 29.23	 27.82	 19.62	 31.67	 32.05	 31.15	 24.49	 32.31	 31.41	 12.56	 21.67	 23.21	 20.77	 33.97	 34.49	 29.49	 29.74	 20.64	 30.38	 32.44	 32.82	 31.41	 20.51	 20.00	 31.41	 30.00	 29.36	 30.64	 32.31	 32.05	 22.05	 33.33	 30.38	 34.36	 32.82	 21.03	 21.79		Python_bivittatus 1
		  0.00	 19.10	 31.79	 26.79	 26.03	 31.15	 32.56	 32.69	 32.56	 32.44	 30.26	 22.31	 22.31	 22.69	 32.31	 30.77	 27.05	 26.67	 27.56	 23.08	 22.44	 31.15	 25.00	 25.77	 24.87	 31.67	 26.54	 22.18	 31.15	 31.67	 32.44	 30.26	 28.97	 31.92	 20.77	 19.62	 31.54	 21.54	 24.87	 24.62	 31.03	 29.87	 31.28	 23.46	 21.54	 21.41	 22.95	 29.36	 28.85	 31.67	 27.94	 28.21	 42.44	 26.03	 31.67	 32.95		Anolis_carolinensis 2
			  0.00	 30.13	 24.36	 24.10	 30.51	 30.90	 30.77	 30.13	 30.00	 30.90	 25.13	 22.69	 22.56	 29.74	 30.00	 24.23	 25.26	 27.95	 21.67	 23.46	 27.82	 24.23	 23.33	 22.82	 30.77	 27.31	 20.77	 30.51	 27.82	 30.38	 28.85	 28.59	 31.67	 18.33	 18.72	 30.64	 21.54	 22.95	 23.08	 33.97	 29.74	 28.72	 23.08	 20.26	 21.41	 24.87	 28.72	 25.77	 31.54	 29.34	 28.21	 41.03	 23.72	 30.51	 31.28		Anolis_sagrei 3
				  0.00	 31.54	 31.03	 21.92	 20.77	 21.54	 21.92	 22.18	 21.41	 30.77	 29.23	 28.72	 19.87	 18.33	 30.26	 28.72	 33.21	 29.36	 29.23	 17.56	 32.31	 31.79	 31.15	 23.85	 30.38	 28.97	 22.95	 20.64	 23.21	 20.26	 33.72	 33.59	 28.21	 29.23	 15.64	 29.36	 31.79	 31.41	 33.97	 21.79	 15.00	 29.49	 28.72	 29.23	 30.38	 33.08	 33.97	 20.51	 33.13	 30.26	 33.72	 31.79	 18.72	 13.59		Arizona_elegans 4
					  0.00	  9.74	 31.15	 30.26	 32.44	 31.67	 32.31	 30.38	 27.69	 24.62	 24.87	 30.90	 31.41	 25.51	 26.67	 28.72	 26.92	 26.28	 29.74	 26.28	 26.03	 26.41	 32.69	 27.69	 25.13	 31.28	 32.44	 32.05	 31.15	 31.03	 32.18	 24.62	 25.26	 32.18	 25.90	 25.90	 26.41	 32.44	 32.05	 30.90	 19.10	 26.03	 25.51	 25.90	 28.72	 28.33	 30.26	 31.54	 27.31	 41.79	 28.59	 32.05	 33.08		Aspidocelis_tigris 5
						  0.00	 30.77	 31.92	 32.69	 32.95	 33.97	 32.05	 27.18	 26.28	 25.51	 30.90	 30.51	 24.74	 25.51	 28.97	 27.44	 26.28	 30.00	 26.28	 27.05	 26.03	 32.56	 26.79	 26.28	 31.79	 31.67	 32.95	 32.18	 30.90	 33.72	 25.13	 25.13	 31.79	 26.15	 26.92	 26.92	 31.41	 31.79	 30.64	 18.33	 24.87	 25.38	 27.18	 28.33	 27.69	 32.05	 32.73	 28.72	 41.79	 27.95	 33.08	 33.21		Aspidoscelis_marmoratus 6
							  0.00	 22.31	 16.03	 21.41	 20.64	 16.92	 29.87	 30.26	 29.74	 19.74	 20.51	 32.44	 31.67	 30.90	 31.15	 29.10	 20.51	 32.31	 32.56	 30.77	 22.31	 32.56	 30.00	 20.77	 21.79	 22.44	 20.51	 33.72	 34.62	 29.49	 29.10	 20.26	 30.90	 30.38	 31.41	 34.62	 16.54	 18.59	 28.85	 29.49	 29.74	 32.82	 33.08	 33.85	 20.00	 33.33	 30.64	 31.28	 30.00	 20.51	 20.26		Azemiops_feae 7
								  0.00	 21.03	 22.69	 21.79	 22.18	 30.00	 30.77	 30.38	 21.54	 19.36	 32.69	 30.64	 33.08	 30.00	 28.72	 17.82	 31.41	 31.41	 30.77	 22.82	 30.38	 30.26	 22.69	 21.67	 21.41	 18.97	 33.59	 31.92	 27.44	 26.67	 19.62	 29.10	 30.64	 31.67	 34.10	 20.77	 18.72	 30.51	 27.69	 28.59	 31.67	 33.21	 31.41	 18.21	 33.33	 30.77	 33.85	 30.90	 17.82	 18.21		Boaedon_fuliginosus 8
									  0.00	 21.92	 21.67	 16.54	 30.38	 30.90	 29.74	 18.97	 21.15	 33.33	 32.56	 33.08	 30.77	 28.85	 20.13	 34.62	 33.46	 32.82	 22.05	 33.46	 29.10	 22.18	 19.87	 21.67	 19.10	 33.33	 34.10	 29.23	 30.51	 20.77	 30.51	 31.41	 31.67	 33.72	 14.23	 19.36	 31.03	 28.97	 28.97	 31.28	 32.31	 33.72	 20.38	 33.33	 30.00	 31.92	 33.72	 21.15	 21.28		Bothrops_jararaca 9
										  0.00	 24.23	 20.77	 29.87	 29.62	 29.49	 21.54	 20.64	 31.54	 30.90	 31.92	 29.74	 30.00	 20.00	 29.87	 30.13	 29.23	 21.28	 34.23	 30.38	 24.62	 22.18	 18.85	 18.46	 34.74	 34.49	 28.85	 29.36	 20.26	 31.15	 31.28	 30.13	 34.74	 21.92	 19.62	 30.64	 28.59	 29.74	 31.15	 34.87	 34.23	 20.64	 33.13	 30.64	 35.13	 30.77	 21.41	 20.64		Bungarus_multicintus 10
											  0.00	 21.28	 29.74	 27.69	 30.00	 21.15	 20.51	 32.05	 31.67	 32.05	 30.13	 28.08	 19.49	 32.05	 31.28	 31.28	 23.85	 32.05	 30.90	 19.36	 20.64	 23.21	 20.51	 31.79	 33.72	 28.21	 29.74	 22.95	 30.77	 30.90	 30.38	 32.44	 20.64	 21.03	 31.03	 28.97	 30.26	 31.67	 30.90	 34.10	 20.00	 34.73	 28.85	 35.26	 31.41	 20.77	 22.05		Charina_bottae 11
												  0.00	 30.13	 28.33	 30.00	 18.21	 20.51	 31.15	 31.15	 32.31	 28.97	 27.95	 20.38	 31.79	 31.54	 31.92	 21.03	 32.69	 28.72	 21.79	 21.92	 21.92	 20.00	 33.72	 33.72	 28.72	 30.13	 19.10	 28.85	 30.90	 32.05	 32.56	 15.26	 19.36	 28.85	 29.36	 29.49	 30.13	 31.15	 31.92	 19.74	 35.53	 30.00	 32.18	 30.90	 20.51	 21.67		Crotalus_tigris 12
													  0.00	 22.31	 21.03	 32.44	 30.00	 25.51	 28.85	 25.38	 23.85	 20.51	 29.10	 26.67	 27.44	 26.03	 30.51	 25.51	 21.15	 30.38	 28.59	 28.85	 28.21	 28.21	 31.28	 21.03	 21.92	 30.00	 20.77	 25.00	 26.41	 32.18	 30.26	 30.64	 26.41	 19.49	 19.49	 24.10	 27.31	 26.92	 28.72	 28.54	 25.51	 40.51	 28.33	 29.23	 30.77		Cryptoblepharus_egeriae 13
														  0.00	 14.87	 30.00	 27.18	 23.59	 25.26	 26.15	 21.67	 14.36	 29.36	 23.97	 23.97	 23.33	 30.00	 25.26	 20.77	 29.74	 27.56	 31.67	 28.59	 25.77	 28.59	 17.82	 19.62	 29.62	 22.18	 23.08	 23.46	 29.62	 29.36	 26.67	 23.33	 20.00	 20.64	 23.97	 27.18	 26.15	 28.72	 27.94	 23.97	 42.18	 26.67	 27.69	 29.10		Ctenosaura_bakeri 14
															  0.00	 29.74	 28.08	 23.08	 25.13	 27.18	 22.31	 15.26	 29.10	 25.90	 25.38	 25.13	 29.74	 27.69	 20.51	 30.13	 28.33	 30.90	 27.56	 27.69	 29.74	 19.62	 20.13	 30.38	 19.62	 22.82	 24.23	 29.62	 29.49	 28.85	 25.00	 19.74	 20.90	 24.23	 27.18	 26.28	 30.00	 26.75	 23.72	 42.31	 26.67	 28.97	 29.49		Cyclura_pinguis 15
																  0.00	 19.74	 31.67	 29.10	 30.64	 29.49	 29.10	 20.26	 31.79	 31.28	 31.67	 22.31	 31.41	 30.64	 21.15	 20.26	 23.85	 20.00	 34.87	 35.00	 28.08	 29.74	 20.90	 30.38	 31.79	 30.77	 32.82	 17.95	 18.21	 30.51	 29.74	 28.59	 30.13	 32.31	 33.59	 21.54	 33.53	 30.90	 31.54	 30.77	 20.77	 20.13		Daboia_siamensis 16
																	  0.00	 30.64	 29.49	 32.82	 29.74	 26.92	 14.87	 31.15	 30.90	 29.49	 20.13	 30.13	 30.26	 23.08	 20.13	 21.67	 17.18	 31.92	 33.72	 28.21	 28.59	 18.46	 30.77	 31.67	 30.38	 33.21	 18.97	 15.77	 28.97	 27.95	 29.74	 32.05	 32.56	 33.59	 16.79	 32.34	 28.72	 33.33	 31.03	 18.33	 17.31		Diadophis_punctatus 17
																		  0.00	 26.28	 28.33	 24.49	 22.95	 30.77	 26.28	 27.18	 26.79	 30.64	 28.97	 24.23	 33.21	 31.15	 33.85	 31.41	 30.26	 31.28	 23.33	 23.97	 30.77	 24.62	 24.87	 25.38	 30.00	 32.05	 29.23	 26.54	 24.62	 24.36	 23.33	 27.18	 27.82	 32.05	 30.54	 25.51	 42.95	 24.49	 32.69	 30.51		Elgaria_multicarinata 18
																			  0.00	 26.41	 26.15	 26.41	 30.26	 27.05	 27.95	 25.26	 30.13	 26.03	 26.28	 31.28	 30.00	 32.05	 29.87	 28.97	 31.92	 24.49	 25.13	 31.03	 25.90	 26.28	 26.28	 31.28	 31.28	 28.46	 27.31	 25.51	 26.41	 28.08	 29.87	 30.38	 30.90	 32.53	 29.36	 42.18	 25.00	 31.67	 30.38		Eublepharis_macularius 19
																				  0.00	 27.31	 25.90	 33.08	 28.97	 29.23	 27.44	 32.44	 21.28	 25.26	 32.05	 30.00	 34.10	 32.69	 29.49	 31.03	 25.13	 26.41	 32.95	 23.97	 28.46	 27.31	 31.28	 31.67	 30.64	 27.69	 24.62	 25.26	 28.85	 27.18	 30.64	 30.77	 29.94	 28.08	 43.97	 28.21	 32.69	 31.54		Gekko_japonicus 20
																					  0.00	 21.15	 29.36	 24.23	 23.72	 22.82	 30.38	 26.92	 22.44	 30.51	 30.38	 30.00	 28.21	 27.82	 28.33	 20.00	 21.79	 30.38	 22.18	 22.95	 22.31	 30.64	 30.26	 28.59	 26.41	 21.54	 22.56	 21.67	 27.69	 27.56	 30.64	 28.54	 26.54	 41.41	 23.46	 31.15	 30.13		Hemicordylus_capensis 21
																						  0.00	 27.95	 26.92	 25.51	 25.38	 29.74	 25.64	 20.26	 28.72	 26.92	 30.64	 26.67	 26.67	 29.23	 19.36	 19.74	 28.59	 21.28	 24.10	 23.72	 30.13	 27.44	 26.79	 25.00	 18.97	 19.62	 22.44	 26.41	 27.95	 28.85	 26.15	 22.95	 41.92	 26.67	 27.95	 28.59		Iguana_delicatissima 22
																							  0.00	 31.03	 30.64	 30.26	 18.46	 34.49	 28.21	 21.92	 19.10	 19.74	 17.44	 34.87	 31.54	 27.82	 29.10	 18.33	 30.77	 29.36	 29.36	 31.28	 19.62	 16.79	 28.21	 26.41	 27.18	 31.41	 31.92	 32.31	 16.41	 33.93	 30.51	 32.31	 30.77	 15.00	 17.18		Imantodes_cenchoa 23
																								  0.00	 10.77	 12.44	 29.74	 27.56	 25.00	 31.67	 31.28	 30.00	 29.10	 31.79	 30.51	 21.92	 23.46	 30.00	 23.85	 20.64	 19.87	 31.03	 33.46	 29.49	 26.41	 25.00	 26.03	 24.87	 30.51	 29.36	 32.95	 30.94	 29.10	 43.85	 18.21	 31.54	 31.54		Lacerta_agilis 24
																									  0.00	  6.54	 30.38	 26.79	 24.10	 31.41	 29.74	 30.64	 30.64	 32.05	 31.28	 21.92	 24.49	 30.26	 24.23	 20.64	 18.97	 29.87	 31.92	 30.00	 28.08	 24.23	 25.26	 25.13	 29.10	 29.74	 32.95	 30.34	 28.21	 42.82	 18.33	 31.03	 31.41		Lacerta_bilineata 25
																										  0.00	 30.26	 26.54	 24.10	 31.41	 28.59	 29.23	 29.87	 31.03	 30.51	 21.28	 23.46	 30.38	 23.85	 18.72	 18.21	 29.49	 31.41	 29.74	 27.44	 23.33	 25.26	 25.00	 28.59	 27.95	 32.18	 30.14	 28.46	 41.41	 17.95	 30.64	 30.13		Lacerta_viridis 26
																											  0.00	 33.85	 30.77	 23.59	 23.33	 19.62	 17.18	 34.23	 31.67	 27.69	 28.46	 20.77	 32.05	 30.90	 31.03	 33.59	 22.69	 19.87	 30.38	 28.59	 28.46	 31.41	 33.46	 32.18	 20.26	 33.33	 31.54	 34.49	 31.54	 21.15	 19.74		Laticauda_colubrina 27
																												  0.00	 27.69	 31.92	 30.77	 33.21	 32.69	 28.33	 31.67	 25.13	 25.00	 31.28	 27.31	 29.74	 27.82	 30.77	 32.69	 29.49	 27.18	 25.51	 26.15	 26.79	 26.15	 29.74	 31.28	 28.94	 27.56	 42.95	 28.21	 33.08	 30.77		Lepidodactylus_listeri 28
																													  0.00	 29.23	 27.82	 31.28	 29.10	 26.54	 29.62	 19.74	 20.38	 29.62	 19.10	 23.33	 22.95	 28.97	 29.62	 28.08	 23.46	 20.26	 20.38	 22.82	 25.38	 27.95	 30.51	 27.15	 25.38	 42.82	 24.74	 28.46	 28.72		Lerista_edwardsae 29
																														  0.00	 21.79	 23.21	 20.90	 33.08	 33.46	 29.62	 28.59	 21.92	 31.03	 31.67	 32.18	 33.33	 21.79	 20.26	 32.05	 29.36	 28.85	 31.28	 33.59	 31.92	 19.74	 33.53	 30.38	 35.13	 33.59	 22.69	 22.18		Morelia_viridis 30
																															  0.00	 22.69	 21.54	 32.69	 34.62	 26.15	 28.46	 18.97	 29.23	 30.38	 30.64	 30.77	 20.64	 18.46	 30.64	 26.79	 27.82	 29.36	 32.18	 33.33	 20.26	 33.13	 29.74	 33.59	 30.38	 19.62	 19.23		Myanophis_thanlyinensis 31
																																  0.00	 16.54	 32.95	 31.92	 29.10	 28.59	 22.18	 31.41	 31.67	 30.90	 34.10	 21.41	 23.08	 31.03	 28.46	 29.36	 31.67	 32.56	 32.95	 21.28	 31.54	 30.38	 34.10	 32.44	 20.13	 22.69		Naja_naja 32
																																	  0.00	 32.69	 31.79	 27.69	 28.21	 19.23	 30.64	 29.36	 29.62	 33.33	 19.62	 17.95	 28.59	 26.41	 27.44	 30.51	 31.41	 31.28	 17.44	 31.94	 29.23	 32.56	 31.92	 18.08	 19.10		Ophiophagus_hannah 33
																																		  0.00	 33.08	 27.18	 28.21	 34.10	 27.69	 28.46	 28.72	 33.85	 33.33	 33.59	 30.26	 27.69	 26.28	 30.64	 28.46	 32.05	 31.67	 31.34	 30.13	 45.13	 32.69	 32.18	 33.08		Paroedura_picta 34
																																			  0.00	 29.87	 29.23	 33.46	 30.13	 30.64	 29.62	 26.41	 34.62	 32.56	 32.82	 27.56	 29.10	 31.92	 34.74	 32.44	 31.41	 35.53	 32.05	 43.97	 30.64	 31.92	 31.54		Phrynocephalus_versicolor 35
																																				  0.00	 11.03	 27.82	 19.62	 20.64	 20.38	 30.13	 29.62	 26.03	 24.36	 16.67	 15.90	 21.92	 27.56	 24.74	 28.85	 28.54	 25.77	 41.41	 20.77	 26.79	 27.82		Phrynosoma_blainvillii 36
																																					  0.00	 27.95	 21.67	 21.67	 21.67	 29.87	 29.87	 26.67	 24.87	 17.18	 16.79	 22.82	 27.18	 23.59	 29.62	 27.35	 25.00	 40.38	 22.56	 27.56	 28.08		Phrynosoma_platyrhinos 37
																																						  0.00	 30.64	 32.82	 32.44	 31.79	 20.38	 13.85	 29.87	 28.72	 28.33	 29.49	 32.82	 33.72	 18.85	 35.13	 31.41	 35.64	 30.13	 18.21	 10.51		Pituophis_catenifer 38
																																							  0.00	 22.69	 22.44	 30.38	 29.87	 28.72	 25.90	 19.74	 20.64	 24.10	 26.15	 26.28	 32.05	 28.34	 26.67	 43.08	 24.10	 30.51	 29.74		Plestiodon_gilberti 39
																																								  0.00	  9.23	 30.64	 32.18	 29.87	 26.54	 21.67	 22.05	 26.28	 28.46	 27.18	 31.67	 30.54	 27.18	 41.28	 19.49	 32.05	 31.67		Podarci_raffonei 40
																																									  0.00	 31.28	 32.56	 28.33	 26.67	 21.28	 22.56	 26.03	 28.85	 27.56	 32.18	 31.34	 27.05	 43.33	 19.23	 31.15	 31.67		Podarcis_muralis 41
																																										  0.00	 33.97	 31.41	 31.54	 29.49	 29.23	 32.05	 33.21	 32.44	 33.85	 34.53	 30.77	 45.38	 30.90	 30.77	 32.31		Pogona_vitticeps 42
																																											  0.00	 19.74	 30.00	 28.97	 29.62	 31.15	 31.15	 33.97	 19.74	 35.73	 29.87	 30.13	 30.77	 21.41	 20.77		Protobothrops_mucrosquamatus 43
																																												  0.00	 27.18	 27.56	 28.08	 29.62	 32.82	 32.44	 17.56	 34.73	 29.87	 32.95	 29.10	 18.59	 12.82		Ptyas_mucosa 44
																																													  0.00	 25.38	 25.77	 25.26	 28.46	 28.46	 30.51	 30.34	 26.67	 41.67	 27.44	 28.59	 29.36		Salvator_merianae 45
																																														  0.00	  9.49	 22.56	 25.90	 25.38	 27.82	 29.14	 25.51	 40.38	 24.36	 27.95	 28.72		Sceloporus_occidentalis 46
																																															  0.00	 22.69	 26.92	 25.77	 28.33	 28.74	 25.64	 41.15	 24.87	 27.18	 28.46		Sceloporus_tristichus 47
																																																  0.00	 27.05	 28.59	 32.95	 29.34	 26.03	 43.08	 26.28	 31.28	 31.28		Shinisaurus_crocodilurus 48
																																																	  0.00	 29.87	 32.31	 29.74	 28.08	 42.95	 31.28	 32.18	 32.18		Sphaerodactylus_townsendi 49
																																																		  0.00	 33.97	 33.53	 29.62	 43.59	 30.38	 32.56	 33.33		Sphenodon_punctatus 50
																																																			  0.00	 32.73	 29.74	 34.23	 32.69	 18.85	 18.59		Thermophis_baileyi 51
																																																				  0.00	 17.37	 42.12	 32.73	 31.14	 34.33		Varanus_komodoensis 52
																																																					  0.00	 41.54	 28.97	 30.00	 30.77		Varanus_salvator 53
																																																						  0.00	 42.05	 33.85	 34.36		Vipera_latastei 54
																																																							  0.00	 32.56	 31.54		Zootaca_vivipara 55
																																																								  0.00	 17.44		Thamnophis_elegans 56
																																																									  0.00		Pantherophis_guttatus 57
