Distance Matrix
---------------

Uncorrected for Multiple Substitutions
Using base positions 123 in the codon
Gap weighting is 0.000000

	    1	    2	    3	    4	    5	    6	    7	    8	    9	    10	    11	    12	    13	    14	    15	    16	    17	    18	    19	    20	    21	    22	    23	    24	    25	    26	    27	    28	    29	    30	    31	    32	    33	    34	    35	    36	    37	    38	    39	    40	    41	    42	    43	    44	    45	    46	    47	    48	    49	    50	    51	    52	    53	    54	    55	    56
	  0.00	 22.22	 39.70	 23.70	 40.89	 24.30	 28.89	 31.26	 38.52	 23.70	 42.81	 41.04	 21.63	 42.52	 40.74	 41.78	 42.37	 25.63	 42.81	 42.37	 18.52	 41.04	 42.07	 25.93	 46.21	 43.41	 28.00	 22.37	 13.93	 41.55	 40.89	 23.41	 40.44	 25.93	 42.81	 42.81	 23.85	 42.81	 41.78	 43.41	 25.93	 43.11	 28.15	 43.11	 43.85	 40.74	 15.70	 27.26	 38.67	 38.96	 40.89	 40.00	 27.41	 41.48	 42.22	 44.15		Arizona_elegans 1
		  0.00	 38.05	 24.59	 43.26	 25.52	 29.33	 30.52	 39.97	 24.48	 46.17	 44.69	 21.53	 43.51	 40.12	 40.27	 43.07	 25.81	 41.00	 41.45	 25.81	 40.27	 41.63	 25.66	 45.45	 45.43	 27.56	 20.44	 21.98	 41.67	 44.54	 25.33	 41.59	 24.34	 42.33	 42.18	 24.63	 41.59	 42.33	 42.48	 23.56	 42.77	 26.40	 43.51	 44.25	 42.63	 23.75	 23.11	 41.93	 41.59	 42.52	 39.38	 26.70	 41.59	 39.97	 44.54		Thermophis_baileyi 2
			  0.00	 40.30	 35.70	 39.23	 41.48	 41.04	 27.58	 38.20	 33.48	 34.51	 39.53	 38.62	 30.40	 29.37	 31.57	 39.82	 30.69	 29.37	 40.56	 30.54	 36.59	 39.82	 37.78	 33.33	 38.81	 38.22	 41.59	 36.01	 33.92	 40.30	 29.07	 38.05	 29.96	 32.60	 39.23	 38.62	 35.25	 33.78	 38.52	 39.23	 40.27	 38.77	 33.19	 29.66	 39.38	 37.33	 35.70	 34.07	 32.89	 29.52	 42.33	 29.81	 32.31	 33.33		Elgaria_multicarinata 3
				  0.00	 41.48	 29.78	 29.19	 33.19	 40.74	 25.63	 43.26	 44.15	 24.15	 44.15	 40.15	 41.04	 42.81	 27.56	 43.26	 41.93	 26.96	 43.26	 44.89	 28.59	 46.21	 44.00	 30.22	 24.44	 24.59	 41.55	 44.00	 25.04	 42.81	 27.70	 43.70	 42.07	 26.22	 44.30	 43.41	 42.52	 28.00	 46.37	 28.59	 44.30	 44.44	 42.52	 24.59	 27.11	 41.93	 42.07	 40.89	 40.89	 29.78	 43.26	 41.93	 43.26		Thamnophis_elegans 4
					  0.00	 42.07	 42.37	 43.70	 34.37	 42.67	 36.15	 38.52	 40.89	 38.67	 38.52	 35.56	 36.00	 41.63	 38.37	 36.59	 40.74	 37.63	 41.19	 44.00	 43.94	 35.26	 42.67	 44.00	 41.93	 11.06	 38.37	 43.70	 35.56	 42.52	 37.63	 37.19	 41.93	 40.74	 39.70	 40.74	 42.22	 41.33	 46.07	 41.48	 36.00	 35.70	 41.04	 41.63	 26.96	 38.52	 37.48	 36.44	 41.93	 35.70	 39.70	 34.67		Aspidocelis_tigris 5
						  0.00	 22.22	 30.07	 38.94	 24.19	 44.84	 42.04	 24.78	 43.51	 40.27	 39.23	 43.66	 27.29	 42.92	 39.68	 27.58	 40.12	 40.15	 19.91	 45.45	 42.77	 27.41	 24.15	 25.22	 42.26	 41.59	 28.44	 41.00	 26.55	 43.66	 40.71	 17.85	 41.45	 42.18	 41.45	 28.59	 42.48	 21.39	 42.92	 43.07	 41.00	 24.93	 27.56	 38.96	 40.71	 42.22	 41.30	 29.06	 43.07	 41.59	 43.66		Azemiops_feae 6
							  0.00	 33.78	 40.44	 25.78	 43.70	 43.70	 30.07	 43.41	 41.78	 40.74	 43.11	 30.37	 43.11	 41.63	 28.30	 42.37	 41.63	 26.67	 44.70	 42.52	 31.11	 28.15	 29.19	 43.80	 43.26	 30.67	 41.63	 29.48	 42.52	 42.67	 23.85	 44.44	 42.96	 44.15	 29.63	 43.41	 28.00	 43.11	 44.15	 41.63	 28.59	 31.11	 42.96	 41.48	 42.67	 41.63	 30.07	 44.44	 40.74	 42.67		Daboia_siamensis 7
								  0.00	 41.04	 30.67	 43.56	 44.00	 30.37	 42.81	 41.04	 40.15	 42.22	 30.67	 43.70	 41.19	 31.26	 41.93	 41.19	 32.00	 43.94	 44.15	 24.00	 32.59	 30.37	 44.10	 44.00	 31.70	 41.48	 30.52	 41.93	 42.67	 30.67	 40.74	 43.26	 41.33	 31.70	 44.44	 32.74	 44.89	 43.70	 41.48	 30.22	 30.22	 41.33	 39.41	 42.96	 40.15	 32.44	 42.07	 42.37	 42.81		Charina_bottae 8
									  0.00	 39.53	 31.86	 32.60	 40.27	 36.14	 33.92	 29.06	 30.68	 40.86	 30.68	 29.50	 39.68	 30.53	 36.59	 40.41	 34.85	 32.89	 40.59	 42.07	 40.27	 35.42	 32.60	 39.70	 29.79	 38.35	 28.32	 33.92	 40.41	 37.02	 34.22	 32.30	 37.78	 37.61	 39.53	 38.50	 33.19	 29.94	 39.23	 39.11	 35.56	 31.71	 31.56	 30.97	 40.41	 29.94	 32.60	 32.60		Shinisaurus_crocodilurus 9
										  0.00	 41.74	 42.77	 23.16	 42.18	 39.82	 40.86	 42.63	 26.99	 42.33	 39.38	 26.84	 41.59	 42.96	 24.34	 43.94	 42.33	 27.26	 23.41	 23.01	 42.86	 42.92	 25.33	 40.56	 20.50	 40.71	 42.33	 24.63	 43.36	 42.63	 42.63	 23.26	 43.95	 25.66	 44.54	 40.86	 39.68	 22.86	 24.00	 40.00	 40.27	 40.15	 39.68	 24.63	 42.18	 40.27	 42.63		Ophiophagus_hannah 10
											  0.00	 35.99	 42.92	 38.91	 34.80	 31.57	 21.59	 45.58	 31.42	 30.69	 42.48	 34.95	 38.37	 45.28	 46.67	 34.37	 42.37	 45.19	 43.51	 38.99	 35.25	 42.81	 26.28	 43.81	 27.31	 34.37	 42.63	 39.94	 38.35	 35.84	 39.41	 40.86	 45.28	 42.58	 34.37	 28.19	 41.89	 42.96	 39.26	 33.19	 35.69	 33.04	 43.95	 28.93	 37.74	 33.04		Anolis_sagrei 11
												  0.00	 44.40	 42.04	 35.40	 35.55	 37.02	 41.30	 33.04	 33.78	 42.04	 34.07	 37.78	 43.22	 47.73	 24.04	 42.22	 43.56	 42.92	 39.29	  3.54	 43.85	 32.15	 43.22	 33.48	 18.14	 41.74	 39.23	 37.46	 38.50	 44.44	 42.04	 42.18	 40.71	 23.89	 31.12	 41.15	 44.30	 37.78	 37.32	 35.70	 33.19	 44.54	 34.96	 38.50	 23.16		Lacerta_bilineata 12
													  0.00	 42.63	 40.41	 42.63	 41.30	 24.48	 42.77	 40.12	 24.78	 42.63	 40.89	 27.73	 46.97	 43.36	 26.07	 18.81	 20.06	 40.48	 43.66	 22.22	 40.71	 24.04	 43.66	 41.30	 26.70	 42.48	 43.81	 41.30	 24.74	 43.81	 29.50	 43.36	 42.04	 41.00	 22.57	 22.22	 38.22	 38.64	 40.30	 40.56	 27.29	 41.30	 41.89	 44.25		Imantodes_cenchoa 13
														  0.00	 38.18	 37.74	 38.33	 41.89	 39.06	 37.89	 41.89	 37.74	 38.67	 43.22	 49.63	 40.41	 40.15	 43.11	 42.63	 38.54	 42.04	 42.07	 36.27	 42.04	 38.18	 42.77	 41.45	 37.30	 39.23	 39.23	 41.33	 42.04	 46.90	 42.58	 38.94	 35.68	 41.45	 41.04	 38.37	 37.32	 38.05	 38.62	 43.81	 38.62	 40.68	 39.97		Phrynocephalus_versicolor 14
															  0.00	 30.40	 33.33	 39.38	 31.28	 30.40	 41.15	 25.99	 33.19	 40.71	 42.22	 36.28	 40.74	 39.70	 41.00	 37.65	 34.81	 40.15	 30.84	 38.50	 31.86	 34.22	 40.71	 39.35	 34.22	 31.56	 40.30	 38.64	 41.15	 40.38	 35.55	 30.54	 40.12	 38.81	 34.07	 35.40	 33.78	 26.28	 43.66	 31.57	 35.39	 35.40		Cryptoblepharus_egeriae 15
																  0.00	 30.54	 39.23	 19.38	 17.18	 42.18	 26.58	 35.41	 39.68	 38.52	 32.45	 40.30	 42.07	 41.45	 35.86	 34.51	 43.11	 26.87	 40.86	 27.17	 32.01	 38.05	 34.80	 33.04	 33.04	 41.19	 39.23	 41.15	 39.06	 34.37	 26.87	 40.27	 37.33	 36.59	 33.19	 33.48	 27.75	 42.18	 26.58	 29.81	 32.01		Iguana_delicatissima 16
																	  0.00	 41.74	 29.81	 27.46	 41.59	 33.77	 37.33	 44.10	 40.74	 33.92	 41.19	 43.56	 42.48	 36.46	 35.99	 43.11	 25.40	 44.10	 27.02	 33.19	 43.36	 40.09	 37.91	 36.58	 41.04	 39.38	 44.99	 38.77	 34.37	 27.90	 40.56	 41.93	 36.59	 33.63	 35.69	 30.69	 43.95	 27.46	 37.30	 34.07		Anolis_carolinensis 17
																		  0.00	 41.00	 40.71	 27.14	 40.41	 38.96	 27.73	 37.88	 41.30	 28.89	 25.48	 24.93	 41.67	 40.71	 26.81	 42.04	 26.55	 43.66	 40.41	 26.11	 41.89	 39.23	 43.81	 27.70	 43.36	 28.61	 41.59	 43.51	 41.15	 27.43	 27.11	 39.70	 41.15	 40.15	 39.97	 30.53	 42.04	 40.56	 42.48		Myanophis_thanlyinensis 18
																			  0.00	 21.44	 42.48	 30.98	 35.56	 43.66	 37.78	 33.33	 41.63	 40.89	 42.33	 37.80	 32.30	 42.37	 26.87	 41.74	 28.78	 32.45	 40.86	 37.15	 34.81	 36.87	 41.93	 39.97	 42.04	 39.79	 34.22	 27.31	 41.15	 37.78	 39.41	 33.92	 34.07	 29.66	 42.63	 26.87	 31.86	 34.22		Cyclura_pinguis 19
																				  0.00	 43.07	 28.78	 35.41	 40.86	 42.96	 32.60	 39.56	 41.63	 42.48	 35.86	 32.60	 42.96	 24.96	 40.27	 24.52	 30.38	 39.82	 36.12	 33.92	 34.22	 40.00	 39.97	 40.86	 36.71	 31.56	 25.55	 39.97	 38.52	 37.93	 33.19	 34.22	 29.07	 41.45	 25.70	 30.98	 32.60		Ctenosaura_bakeri 20
																					  0.00	 39.97	 41.19	 28.02	 43.18	 42.18	 27.70	 25.19	 20.50	 40.33	 41.89	 24.74	 38.50	 25.37	 41.89	 43.51	 26.11	 41.89	 41.89	 43.95	 25.19	 44.10	 29.94	 43.22	 42.33	 40.27	 18.73	 27.85	 39.70	 38.94	 40.00	 40.56	 28.61	 40.86	 42.33	 43.36		Ptyas_mucosa 21
																						  0.00	 33.33	 41.00	 37.78	 34.37	 40.30	 42.37	 42.18	 37.65	 33.78	 42.22	 26.58	 39.68	 28.34	 32.45	 38.20	 38.47	 33.78	 32.15	 42.07	 38.64	 40.56	 38.91	 33.33	 28.49	 38.94	 41.19	 34.81	 34.66	 34.07	 23.20	 42.48	 29.37	 33.04	 34.22		Lerista_edwardsae 22
																							  0.00	 40.30	 40.91	 38.96	 40.44	 40.59	 41.33	 42.00	 37.48	 42.52	 36.74	 41.63	 36.74	 35.11	 40.59	 41.19	 28.59	 35.41	 41.19	 38.67	 41.48	 43.41	 36.89	 37.04	 40.59	 41.04	 38.52	 36.44	 37.19	 33.48	 42.81	 34.81	 38.37	 39.26		Lepidodactylus_listeri 23
																								  0.00	 47.73	 45.43	 29.48	 26.07	 26.40	 44.35	 42.92	 29.19	 42.33	 26.84	 43.66	 41.45	 19.32	 42.63	 40.71	 42.77	 28.15	 43.07	 22.71	 44.69	 43.36	 42.77	 25.81	 27.70	 42.37	 41.45	 41.04	 40.86	 29.20	 43.36	 41.30	 43.95		Bothrops_jararaca 24
																									  0.00	 40.15	 44.70	 46.97	 47.73	 48.41	 46.21	 46.97	 44.44	 43.94	 42.22	 44.70	 43.94	 50.37	 41.67	 41.67	 48.48	 49.24	 47.73	 50.37	 46.21	 44.44	 48.48	 37.88	 50.00	 42.42	 39.26	 37.04	 43.18	 40.00	 22.22	 41.67		Varanus_komodoensis 25
																										  0.00	 41.19	 44.00	 43.66	 35.57	 23.30	 44.30	 29.06	 43.22	 32.89	 20.50	 42.63	 41.74	 36.14	 40.27	 42.52	 41.59	 44.54	 41.00	 20.35	 31.12	 41.89	 43.26	 35.56	 34.51	 36.15	 34.81	 43.36	 33.19	 38.79	 11.06		Podarcis_muralis 26
																											  0.00	 26.96	 27.11	 41.70	 42.07	 29.04	 39.26	 25.63	 39.11	 40.59	 26.07	 41.19	 41.48	 40.30	 29.19	 43.85	 30.37	 42.52	 39.56	 38.96	 27.11	 27.26	 40.44	 39.41	 41.04	 38.52	 32.15	 39.56	 40.89	 40.00		Morelia_viridis 27
																												  0.00	 21.33	 44.69	 43.26	 22.96	 42.07	 24.15	 44.74	 42.67	 24.30	 41.78	 42.96	 43.41	 24.00	 44.30	 27.11	 42.67	 43.70	 42.07	 22.81	 22.52	 42.67	 41.04	 42.07	 40.44	 27.41	 42.96	 42.22	 43.56		Diadophis_punctatus 28
																													  0.00	 41.52	 42.18	 23.41	 40.12	 24.93	 42.63	 43.22	 23.30	 42.04	 41.59	 42.77	 24.74	 44.25	 28.32	 43.66	 42.92	 40.86	 13.86	 25.04	 38.81	 39.97	 41.78	 40.56	 28.02	 42.04	 40.27	 43.66		Pantherophis_guttatus 29
																														  0.00	 39.14	 43.80	 33.93	 41.96	 36.31	 38.39	 42.71	 40.92	 38.39	 40.92	 41.85	 42.71	 45.68	 40.33	 37.05	 36.01	 41.52	 42.15	 26.61	 38.54	 37.67	 35.57	 42.41	 36.31	 38.39	 35.71		Aspidoscelis_marmoratus 30
																															  0.00	 43.56	 30.97	 42.48	 33.19	 16.96	 40.86	 39.23	 37.61	 38.05	 43.41	 41.74	 42.48	 41.15	 22.86	 30.83	 40.71	 43.85	 37.04	 36.43	 35.26	 33.04	 44.54	 33.78	 38.35	 23.01		Lacerta_viridis 31
																																  0.00	 39.70	 25.04	 43.11	 42.67	 27.41	 41.19	 44.30	 41.48	 25.19	 44.74	 28.74	 43.70	 41.48	 41.04	 23.70	 24.44	 41.78	 40.30	 41.48	 40.44	 27.26	 42.81	 41.19	 44.89		Boaedon_fuliginosus 32
																																	  0.00	 41.30	 18.94	 29.65	 40.41	 38.03	 36.28	 33.48	 40.30	 39.38	 41.45	 40.09	 29.20	 12.04	 37.46	 41.04	 35.56	 32.60	 33.63	 28.93	 41.45	 21.29	 34.21	 31.12		Phrynosoma_platyrhinos 33
																																		  0.00	 41.30	 43.36	 25.81	 42.18	 41.45	 43.22	 22.81	 46.17	 30.68	 43.22	 41.45	 41.30	 24.63	 24.30	 39.85	 39.53	 42.81	 40.41	 25.66	 41.15	 39.53	 43.95		Naja_naja 34
																																			  0.00	 32.74	 41.00	 37.15	 36.58	 34.07	 39.41	 39.68	 41.30	 39.06	 32.74	 21.29	 40.27	 40.89	 38.52	 32.74	 34.66	 29.07	 44.84	 13.22	 34.65	 30.83		Sceloporus_tristichus 35
																																				  0.00	 41.45	 40.27	 36.87	 36.58	 42.96	 40.86	 41.00	 43.07	 19.32	 31.86	 41.00	 41.78	 37.33	 35.40	 36.30	 31.56	 42.77	 32.30	 38.50	 20.50		Lacerta_agilis 36
																																					  0.00	 40.27	 42.04	 42.48	 26.67	 43.95	 18.88	 42.48	 42.77	 41.00	 23.45	 27.70	 41.63	 39.82	 40.89	 39.53	 26.84	 40.12	 39.23	 42.18		Protobothrops_mucrosquamatus 37
																																						  0.00	 40.71	 40.41	 43.70	 42.04	 41.15	 40.53	 37.91	 37.44	 42.48	 40.15	 41.04	 39.23	 34.81	 38.18	 44.40	 38.03	 36.12	 41.59		Pogona_vitticeps 38
																																							  0.00	 36.43	 40.74	 39.38	 42.33	 41.89	 37.17	 35.25	 40.12	 42.07	 36.59	 35.40	 35.70	 32.15	 43.51	 35.99	 37.61	 36.87		Gekko_japonicus 39
																																								  0.00	 43.26	 40.12	 43.36	 41.15	 38.50	 34.81	 43.07	 42.52	 38.22	 36.28	 37.33	 33.92	 44.99	 33.92	 37.02	 39.09		Sphaerodactylus_townsendi 40
																																									  0.00	 44.15	 29.63	 42.37	 42.52	 40.44	 25.93	 23.70	 41.78	 39.41	 42.07	 42.22	 25.19	 40.59	 41.63	 43.70		Bungarus_multicintus 41
																																										  0.00	 44.69	 45.58	 42.33	 39.38	 43.66	 44.15	 41.78	 38.79	 35.56	 37.91	 44.40	 38.94	 42.92	 42.63		Paroedura_picta 42
																																											  0.00	 44.25	 42.63	 40.56	 28.76	 29.48	 42.81	 44.84	 41.33	 42.63	 30.09	 41.45	 41.59	 43.81		Crotalus_tigris 43
																																												  0.00	 42.33	 39.79	 41.74	 40.89	 39.41	 39.82	 39.38	 39.65	 43.66	 40.09	 39.79	 40.41		Sphenodon_punctatus 44
																																													  0.00	 30.09	 40.71	 42.22	 37.63	 35.25	 37.04	 34.22	 42.18	 32.30	 39.23	 20.80		Zootoca_vivipara 45
																																														  0.00	 38.50	 40.44	 35.26	 34.51	 33.04	 30.10	 43.07	 21.59	 35.24	 31.12		Phrynosoma_blainvillii 46
																																															  0.00	 26.07	 37.63	 37.17	 40.30	 39.53	 27.14	 40.56	 41.00	 43.66		Pituophis_catenifer 47
																																																  0.00	 40.74	 40.30	 40.74	 38.37	 27.70	 40.00	 40.30	 42.52		Tropidonophis_doriae 48
																																																	  0.00	 38.22	 37.93	 37.48	 44.59	 37.78	 39.70	 36.89		Salvator_merianae 49
																																																		  0.00	 36.00	 34.37	 40.56	 33.92	 38.05	 35.99		Eublepharis_macularius 50
																																																			  0.00	 32.45	 40.89	 34.51	 36.43	 36.15		Hemicordylus_capensis 51
																																																				  0.00	 42.04	 28.78	 32.45	 34.51		Plestiodon_gilberti 52
																																																					  0.00	 44.99	 42.33	 42.92		Laticauda_colubrina 53
																																																						  0.00	 35.39	 33.48		Sceloporus_occidentalis 54
																																																							  0.00	 38.50		Varanus_salvator 55
																																																								  0.00		Podarci_raffonei 56
