Distance Matrix
---------------

Uncorrected for Multiple Substitutions
Using base positions 123 in the codon
Gap weighting is 0.000000

	    1	    2	    3	    4	    5	    6	    7	    8	    9	    10	    11	    12	    13	    14	    15	    16	    17	    18	    19	    20	    21	    22	    23	    24	    25	    26	    27	    28	    29	    30	    31	    32	    33	    34	    35	    36	    37	    38	    39	    40	    41	    42	    43	    44	    45	    46	    47	    48	    49	    50	    51	    52	    53	    54	    55
	  0.00	 24.35	 42.32	 23.62	 40.74	 29.34	 27.84	 31.14	 42.32	 25.85	 42.81	 43.44	 23.45	 40.04	 43.01	 42.02	 41.82	 26.85	 42.32	 17.86	 41.32	 42.27	 29.34	 42.51	 43.04	 31.64	 22.06	 14.67	 41.54	 43.14	 27.33	 41.12	 25.25	 41.22	 44.04	 28.64	 42.24	 42.57	 43.84	 28.63	 43.24	 28.54	 42.44	 43.14	 40.12	 16.17	 27.54	 42.04	 43.14	 41.21	 40.68	 26.35	 40.62	 43.01	 42.14		Arizona_elegans 1
		  0.00	 42.62	 23.02	 43.04	 28.47	 28.18	 29.93	 42.95	 25.36	 44.80	 42.30	 22.84	 42.69	 42.86	 41.21	 42.95	 27.60	 40.33	 22.64	 40.35	 42.03	 29.15	 45.38	 43.96	 29.93	 17.99	 22.64	 43.96	 42.50	 27.03	 43.83	 26.53	 41.01	 45.22	 27.60	 44.05	 42.91	 43.27	 28.03	 45.32	 28.18	 45.91	 43.47	 42.95	 22.93	 24.73	 42.30	 42.30	 42.73	 43.21	 26.43	 40.82	 43.15	 44.05		Thermophis_baileyi 2
			  0.00	 41.14	 35.39	 41.64	 41.64	 41.64	 32.84	 43.01	 35.87	 37.45	 40.66	 39.41	 34.51	 32.55	 35.68	 42.13	 32.65	 40.76	 34.51	 39.92	 42.42	 39.98	 36.96	 41.74	 40.76	 41.94	 35.39	 36.47	 41.44	 34.21	 42.13	 34.51	 39.51	 41.35	 41.64	 40.12	 37.75	 43.64	 41.57	 42.42	 40.59	 38.33	 34.90	 40.76	 41.06	 35.98	 35.98	 36.50	 32.92	 41.45	 33.14	 38.61	 36.76		Elgaria_multicarinata 3
				  0.00	 40.16	 28.23	 28.03	 26.63	 40.24	 25.43	 40.94	 41.77	 23.62	 39.06	 40.24	 38.84	 41.54	 26.33	 38.64	 23.52	 38.54	 39.27	 28.63	 41.24	 42.27	 27.43	 22.62	 23.52	 40.36	 42.17	 23.22	 39.54	 23.02	 37.84	 43.27	 28.23	 39.96	 41.19	 42.17	 27.41	 42.17	 27.03	 42.07	 43.47	 39.44	 24.32	 26.73	 41.57	 41.37	 39.51	 40.85	 26.63	 39.14	 40.84	 41.06		Thamnophis_elegans 4
					  0.00	 41.57	 42.55	 41.08	 36.37	 43.04	 35.10	 37.45	 41.08	 37.06	 35.59	 34.61	 36.37	 41.18	 33.73	 39.22	 36.08	 39.23	 41.08	 41.86	 36.18	 39.90	 40.59	 40.59	  9.02	 37.25	 41.67	 35.00	 41.27	 34.71	 38.43	 39.61	 38.58	 37.56	 40.59	 39.46	 40.69	 42.94	 39.02	 38.82	 34.80	 40.59	 42.35	 22.06	 36.57	 36.00	 33.74	 40.98	 35.20	 41.08	 36.76		Aspidocelis_tigris 5
						  0.00	 22.74	 29.15	 40.82	 27.50	 41.30	 41.72	 27.70	 40.16	 41.40	 38.19	 42.18	 30.42	 37.61	 26.82	 39.67	 40.37	 21.87	 43.54	 42.01	 28.77	 27.76	 28.77	 40.94	 41.13	 29.43	 39.26	 27.70	 38.00	 44.25	 20.21	 42.48	 40.37	 42.40	 29.43	 42.40	 21.19	 43.66	 42.79	 39.75	 28.47	 28.93	 42.79	 42.79	 40.45	 40.60	 28.09	 40.04	 43.15	 40.35		Azemiops_feae 6
							  0.00	 30.13	 40.91	 26.72	 43.05	 43.86	 27.02	 40.84	 41.89	 41.01	 42.86	 29.15	 40.14	 26.72	 41.33	 42.42	 24.20	 43.93	 43.37	 29.83	 26.69	 28.28	 43.37	 42.98	 28.93	 42.86	 26.82	 41.50	 46.69	 23.32	 41.69	 41.35	 42.79	 29.23	 43.57	 24.39	 44.74	 44.93	 41.40	 28.28	 28.25	 43.08	 42.20	 41.35	 41.56	 28.18	 41.40	 42.57	 43.08		Daboia_siamensis 7
								  0.00	 40.14	 27.89	 41.69	 41.52	 27.79	 40.74	 39.36	 37.80	 40.82	 30.22	 37.90	 29.64	 38.40	 40.08	 29.25	 43.54	 41.81	 22.74	 28.84	 30.32	 41.33	 40.94	 29.13	 38.19	 28.96	 38.29	 43.47	 29.15	 40.41	 41.54	 41.42	 30.03	 42.30	 30.03	 44.05	 43.96	 39.07	 29.74	 28.84	 42.50	 41.72	 36.99	 40.33	 30.13	 37.61	 40.62	 41.42		Charina_bottae 8
									  0.00	 42.76	 34.20	 38.08	 41.21	 40.70	 37.50	 33.33	 35.94	 41.01	 34.01	 40.72	 34.02	 40.16	 42.95	 39.05	 37.90	 40.04	 40.96	 42.76	 37.60	 38.95	 41.84	 34.59	 42.27	 35.08	 41.28	 40.82	 41.74	 40.62	 40.41	 43.24	 42.93	 42.47	 41.18	 37.79	 34.30	 42.37	 42.13	 37.22	 36.24	 35.91	 35.12	 42.37	 34.69	 38.07	 36.92		Shinisaurus_crocodilurus 9
										  0.00	 42.47	 43.96	 25.56	 39.86	 42.66	 39.94	 42.18	 26.24	 40.43	 23.71	 40.45	 41.15	 27.31	 44.70	 41.81	 29.06	 23.95	 25.46	 43.18	 43.18	 28.53	 41.59	 17.78	 40.33	 46.69	 25.56	 43.76	 42.62	 42.11	 21.62	 44.25	 25.46	 45.22	 43.37	 43.25	 24.88	 23.95	 43.66	 41.72	 39.56	 42.11	 21.28	 40.14	 42.76	 41.81		Ophiophagus_hannah 10
											  0.00	 35.47	 43.05	 40.79	 32.85	 31.59	 27.63	 42.47	 30.34	 40.43	 31.09	 38.79	 42.27	 38.47	 35.47	 42.37	 42.33	 42.57	 35.27	 36.05	 43.34	 30.43	 40.52	 29.35	 37.21	 41.59	 39.49	 38.97	 38.57	 41.34	 39.83	 42.95	 40.99	 35.56	 30.04	 42.18	 43.89	 34.69	 36.72	 33.93	 31.00	 41.98	 29.55	 39.81	 33.62		Anolis_sagrei 11
												  0.00	 43.47	 41.57	 37.12	 33.53	 35.76	 43.18	 33.33	 42.50	 35.19	 39.38	 43.18	 38.97	 23.71	 40.35	 43.43	 41.13	 37.79	  6.59	 43.07	 33.92	 42.50	 35.28	 24.61	 40.84	 42.42	 39.36	 37.79	 43.07	 39.44	 43.18	 43.22	 25.48	 33.33	 41.23	 40.88	 38.00	 38.18	 36.70	 34.16	 43.37	 34.69	 39.63	 24.42		Lacerta_bilineata 12
													  0.00	 41.52	 41.59	 39.46	 42.47	 26.82	 40.33	 22.74	 39.96	 41.45	 28.38	 44.22	 43.37	 29.15	 20.33	 23.03	 40.64	 43.18	 25.33	 41.21	 26.04	 39.94	 43.47	 26.24	 41.79	 41.15	 42.59	 27.03	 44.54	 27.21	 44.64	 45.03	 40.43	 22.45	 24.73	 42.88	 41.03	 39.76	 41.56	 27.31	 38.87	 41.98	 42.79		Imantodes_cenchoa 13
														  0.00	 40.62	 39.05	 40.79	 41.91	 39.24	 38.01	 37.93	 43.27	 39.96	 41.40	 41.21	 39.86	 40.69	 39.47	 37.31	 42.05	 39.76	 39.75	 40.45	 39.47	 43.41	 38.60	 34.80	 42.95	 43.02	 40.46	 42.73	 41.62	 41.86	 41.96	 38.97	 38.79	 40.29	 39.16	 39.92	 36.80	 36.08	 40.55	 39.16	 41.76	 42.44		Phrynocephalus_versicolor 14
															  0.00	 30.33	 35.95	 41.79	 30.04	 41.79	 27.49	 39.67	 40.52	 40.02	 37.32	 41.21	 42.82	 42.37	 36.54	 36.83	 41.94	 32.85	 40.33	 30.13	 39.55	 38.87	 38.43	 36.74	 35.28	 41.44	 41.01	 41.01	 38.48	 38.48	 32.56	 41.89	 42.62	 37.03	 36.83	 31.65	 25.51	 43.05	 31.10	 36.14	 36.15		Cryptoblepharus_egeriae 15
																  0.00	 30.43	 39.84	 16.81	 39.36	 29.63	 37.72	 38.10	 36.82	 34.79	 38.87	 40.57	 40.72	 34.21	 34.30	 40.54	 26.36	 40.23	 25.95	 37.31	 38.48	 38.51	 35.57	 35.66	 41.94	 38.47	 39.55	 41.57	 35.95	 25.19	 40.72	 39.49	 34.50	 34.30	 32.05	 30.18	 41.21	 26.26	 35.17	 33.04		Iguana_delicatissima 16
																	  0.00	 43.25	 30.82	 41.30	 34.41	 39.67	 42.37	 38.57	 36.64	 43.25	 41.94	 43.05	 36.24	 36.43	 42.94	 31.10	 41.79	 31.10	 38.37	 41.79	 39.30	 39.26	 38.37	 42.24	 40.21	 42.27	 42.25	 37.31	 31.49	 42.76	 42.03	 37.90	 36.05	 35.31	 32.51	 42.86	 30.81	 39.42	 36.82		Anolis_carolinensis 17
																		  0.00	 41.50	 26.34	 41.42	 44.18	 30.22	 43.63	 43.86	 30.81	 25.32	 25.85	 41.23	 43.76	 29.63	 42.95	 25.75	 41.59	 46.00	 28.38	 42.08	 42.42	 44.64	 27.83	 44.64	 29.45	 43.96	 44.44	 42.37	 26.72	 27.66	 43.47	 41.13	 40.65	 42.25	 27.50	 41.11	 43.54	 42.88		Myanophis_thanlyinensis 18
																			  0.00	 38.78	 27.78	 38.11	 38.19	 38.57	 33.82	 39.16	 41.54	 40.62	 34.88	 33.53	 41.34	 25.58	 40.04	 26.04	 36.92	 37.41	 37.05	 35.86	 34.40	 41.94	 40.02	 39.26	 40.99	 34.79	 24.52	 40.82	 40.96	 34.69	 34.21	 31.85	 30.86	 41.30	 26.55	 36.91	 32.36		Cyclura_pinguis 19
																				  0.00	 39.57	 41.35	 28.28	 42.08	 41.03	 29.35	 22.09	 17.49	 38.69	 42.50	 26.53	 39.16	 24.30	 38.00	 43.76	 26.53	 41.40	 40.66	 42.50	 26.63	 42.30	 27.99	 42.88	 42.59	 39.65	 18.46	 26.00	 41.33	 39.38	 38.08	 41.43	 25.95	 38.39	 41.40	 40.84		Ptyas_mucosa 20
																					  0.00	 37.16	 39.47	 39.18	 35.19	 37.82	 39.88	 39.86	 37.63	 34.80	 40.94	 29.73	 39.86	 28.75	 36.85	 38.60	 38.17	 37.55	 36.95	 40.54	 39.59	 40.74	 40.08	 35.87	 29.73	 39.18	 39.10	 36.46	 37.44	 30.66	 23.32	 39.77	 29.04	 36.55	 35.00		Lerista_edwardsae 21
																						  0.00	 41.74	 43.08	 40.06	 40.96	 41.99	 42.33	 40.06	 39.47	 41.89	 39.47	 41.64	 38.03	 41.52	 42.33	 42.58	 27.78	 35.48	 43.61	 35.38	 41.74	 41.13	 40.94	 39.18	 42.03	 41.00	 41.42	 37.62	 38.39	 37.33	 41.54	 37.52	 40.84	 39.38		Lepidodactylus_listeri 22
																							  0.00	 43.73	 42.20	 27.99	 29.52	 28.77	 40.64	 43.18	 30.63	 40.82	 29.35	 41.01	 45.03	 19.44	 40.51	 40.47	 42.30	 29.53	 44.83	 19.53	 44.93	 44.15	 40.82	 28.09	 29.33	 41.91	 43.08	 41.94	 41.29	 28.57	 41.40	 42.86	 42.01		Bothrops_jararaca 23
																								  0.00	 41.69	 41.40	 44.48	 43.25	 41.79	 39.65	 44.34	 39.63	 42.86	 39.55	 42.57	 43.83	 42.75	 43.27	 42.76	 44.94	 44.51	 44.02	 44.12	 42.57	 39.05	 42.95	 43.89	 42.08	 39.07	 36.60	 40.60	 43.93	 39.53	 22.67	 40.23		Varanus_komodoensis 24
																									  0.00	 40.25	 42.65	 42.88	 36.73	 24.49	 44.58	 34.40	 43.18	 35.48	 28.67	 40.55	 42.25	 40.06	 39.26	 43.17	 40.33	 42.98	 42.27	 24.68	 33.92	 41.42	 43.04	 38.39	 38.19	 36.40	 33.74	 41.91	 36.35	 40.82	 10.69		Podarcis_muralis 25
																										  0.00	 27.96	 30.22	 40.35	 40.55	 29.13	 39.65	 29.64	 38.58	 42.88	 29.45	 39.82	 41.84	 43.08	 30.63	 43.37	 30.52	 43.37	 42.98	 40.23	 30.22	 28.15	 40.74	 40.45	 37.98	 40.60	 28.77	 38.97	 41.01	 41.13		Morelia_viridis 26
																											  0.00	 22.58	 41.57	 42.75	 24.82	 40.76	 24.24	 39.49	 44.02	 26.59	 44.21	 41.20	 43.33	 24.72	 44.51	 27.76	 45.59	 43.33	 40.86	 22.87	 25.12	 41.57	 41.67	 40.75	 42.94	 26.59	 39.78	 42.52	 42.06		Diadophis_punctatus 27
																												  0.00	 41.52	 41.62	 26.83	 41.69	 24.98	 40.23	 43.57	 28.28	 42.97	 41.54	 44.35	 27.13	 42.98	 28.47	 43.57	 43.08	 41.69	 10.69	 25.61	 42.20	 42.79	 40.65	 40.33	 26.72	 40.43	 42.76	 42.40		Pantherophis_guttatus 28
																													  0.00	 38.18	 42.47	 34.50	 41.72	 34.70	 39.05	 40.06	 38.61	 38.00	 41.76	 40.46	 41.38	 42.98	 39.44	 38.95	 35.28	 41.13	 41.27	 22.45	 38.47	 36.50	 34.29	 41.42	 34.60	 42.83	 36.43		Aspidoscelis_marmoratus 29
																														  0.00	 43.37	 34.60	 42.69	 35.19	 24.32	 41.13	 43.01	 39.65	 38.37	 43.17	 39.15	 42.98	 43.41	 26.36	 33.62	 41.72	 41.37	 38.19	 37.31	 35.71	 34.98	 42.79	 34.40	 39.05	 25.29		Lacerta_viridis 30
																															  0.00	 41.64	 27.23	 41.14	 45.08	 29.23	 42.67	 41.79	 44.78	 29.32	 45.88	 30.53	 43.67	 44.88	 40.64	 26.93	 27.53	 43.67	 41.87	 39.92	 40.85	 28.43	 41.44	 41.84	 44.78		Boaedon_fuliginosus 31
																																  0.00	 40.23	 22.93	 36.15	 40.14	 40.78	 38.40	 37.61	 40.44	 40.62	 40.72	 40.23	 34.69	 13.47	 41.79	 41.64	 36.25	 36.44	 33.43	 29.77	 41.01	 22.58	 38.18	 34.50		Phrynosoma_platyrhinos 32
																																	  0.00	 39.46	 45.22	 27.21	 42.48	 42.72	 43.76	 20.32	 43.37	 27.60	 44.74	 43.47	 39.55	 25.17	 23.85	 42.30	 42.59	 39.76	 41.43	 21.38	 40.23	 42.95	 42.59		Naja_naja 33
																																		  0.00	 37.33	 38.29	 39.63	 37.83	 35.48	 41.14	 39.38	 39.65	 40.64	 35.96	 23.32	 39.26	 40.86	 35.19	 35.87	 32.05	 28.94	 41.50	 11.76	 38.68	 34.80		Sceloporus_tristichus 34
																																			  0.00	 43.47	 42.72	 40.82	 39.83	 45.38	 41.38	 44.74	 44.77	 27.91	 35.37	 43.18	 45.00	 40.72	 39.15	 37.39	 36.08	 45.22	 35.47	 41.28	 29.17		Lacerta_agilis 35
																																				  0.00	 40.41	 40.27	 41.03	 28.93	 42.69	 18.46	 44.35	 42.11	 39.36	 27.70	 29.13	 40.74	 41.13	 40.26	 40.74	 27.70	 38.10	 41.79	 39.18		Protobothrops_mucrosquamatus 36
																																					  0.00	 42.75	 43.11	 41.67	 44.57	 42.67	 45.36	 43.79	 40.29	 43.07	 44.61	 38.92	 41.54	 38.82	 37.08	 42.18	 39.41	 40.18	 41.54		Pogona_vitticeps 37
																																						  0.00	 34.89	 43.91	 37.51	 40.96	 43.73	 42.08	 37.91	 41.94	 42.08	 40.94	 39.36	 37.30	 36.23	 42.91	 36.45	 41.21	 39.65		Gekko_japonicus 38
																																							  0.00	 45.38	 36.42	 43.57	 44.51	 41.18	 37.22	 43.76	 44.61	 40.23	 39.21	 37.69	 36.08	 44.05	 34.79	 42.44	 37.02		Sphaerodactylus_townsendi 39
																																								  0.00	 44.08	 30.43	 45.28	 43.57	 41.74	 27.33	 26.83	 42.27	 41.97	 41.13	 41.84	 22.42	 41.64	 44.54	 41.67		Bungarus_multicintus 40
																																									  0.00	 43.47	 43.83	 42.54	 40.23	 42.40	 42.55	 41.21	 38.34	 41.15	 40.47	 43.76	 38.87	 43.22	 39.83		Paroedura_picta 41
																																										  0.00	 43.18	 43.86	 40.82	 28.18	 28.74	 43.76	 41.81	 42.83	 42.11	 27.31	 41.21	 44.02	 41.81		Crotalus_tigris 42
																																											  0.00	 44.09	 40.91	 43.27	 44.80	 41.50	 41.71	 39.17	 37.72	 45.22	 41.11	 43.99	 43.12		Sphenodon_punctatus 43
																																												  0.00	 34.50	 43.47	 43.63	 38.48	 38.95	 38.58	 34.98	 44.35	 35.67	 41.76	 23.74		Zootoca_vivipara 44
																																													  0.00	 41.21	 41.25	 35.57	 35.96	 32.94	 31.00	 40.91	 22.58	 38.57	 32.85		Phrynosoma_blainvillii 45
																																														  0.00	 25.32	 41.23	 42.50	 41.44	 39.09	 28.38	 40.91	 42.18	 41.42		Pituophis_catenifer 46
																																															  0.00	 41.96	 42.06	 39.86	 40.47	 25.12	 40.18	 43.21	 43.04		Tropidonophis_doriae 47
																																																  0.00	 37.03	 35.71	 35.12	 43.37	 34.21	 41.69	 36.83		Salvator_merianae 48
																																																	  0.00	 36.50	 34.29	 43.37	 35.47	 38.66	 37.40		Eublepharis_macularius 49
																																																		  0.00	 29.74	 41.44	 31.85	 35.61	 35.61		Hemicordylus_capensis 50
																																																			  0.00	 42.11	 30.04	 38.27	 33.74		Plestiodon_gilberti 51
																																																				  0.00	 41.69	 43.73	 43.66		Laticauda_colubrina 52
																																																					  0.00	 37.89	 34.50		Sceloporus_occidentalis 53
																																																						  0.00	 40.60		Varanus_salvator 54
																																																							  0.00		Podarci_raffonei 55
