Distance Matrix
---------------

Uncorrected for Multiple Substitutions
Using base positions 123 in the codon
Gap weighting is 0.000000

	    1	    2	    3	    4	    5	    6	    7	    8	    9	    10	    11	    12	    13	    14	    15	    16	    17	    18	    19	    20	    21	    22	    23	    24	    25	    26	    27	    28	    29	    30	    31	    32	    33	    34	    35	    36	    37	    38	    39	    40	    41	    42	    43	    44	    45	    46	    47	    48	    49	    50	    51	    52	    53	    54	    55	    56
	  0.00	 35.95	 61.44	 41.18	 58.67	 41.83	 44.44	 47.71	 58.17	 33.33	 57.52	 53.74	 37.25	 54.00	 52.94	 60.78	 58.17	 40.67	 56.86	 59.48	 27.21	 56.86	 65.33	 39.22	 60.00	 52.67	 43.14	 35.95	 25.49	 58.00	 53.74	 38.56	 56.86	 37.91	 58.82	 58.00	 35.95	 53.06	 54.00	 55.33	 37.25	 60.00	 37.25	 58.50	 57.33	 56.86	 24.67	 41.83	 58.67	 62.75	 56.00	 56.21	 42.00	 58.82	 58.67	 50.67		Arizona_elegans 1
		  0.00	 56.60	 38.36	 51.92	 39.51	 45.68	 44.44	 56.17	 37.04	 59.26	 58.82	 30.19	 50.64	 53.46	 53.70	 56.17	 28.93	 55.56	 54.94	 37.91	 55.97	 64.10	 38.89	 58.33	 54.09	 45.06	 27.78	 30.13	 53.85	 59.48	 38.89	 57.41	 38.27	 61.73	 54.72	 37.65	 56.21	 56.60	 57.23	 38.27	 60.38	 40.12	 62.09	 57.23	 56.79	 29.41	 42.59	 54.49	 59.26	 55.13	 54.94	 40.88	 59.88	 59.12	 57.86		Thermophis_baileyi 2
			  0.00	 59.75	 46.15	 55.97	 57.23	 49.06	 45.68	 54.09	 45.91	 45.75	 51.92	 51.28	 48.15	 38.89	 45.06	 50.00	 38.89	 43.21	 57.33	 40.74	 53.85	 51.57	 49.69	 44.23	 54.09	 56.60	 54.25	 48.08	 45.10	 58.49	 45.06	 52.20	 44.44	 46.79	 53.46	 54.25	 51.28	 55.97	 58.49	 53.21	 54.72	 55.56	 43.59	 46.30	 52.67	 52.20	 50.64	 49.06	 53.21	 48.15	 51.28	 40.12	 47.80	 43.59		Elgaria_multicarinata 3
				  0.00	 56.41	 43.40	 45.28	 44.65	 59.75	 44.03	 56.60	 62.09	 41.03	 54.49	 55.97	 56.60	 60.38	 40.38	 56.60	 58.49	 34.67	 61.64	 66.67	 46.54	 56.41	 58.97	 44.03	 40.25	 38.56	 55.77	 61.44	 38.36	 55.97	 45.91	 60.38	 54.49	 46.54	 56.86	 56.41	 54.49	 36.48	 60.26	 41.51	 62.09	 54.49	 56.60	 38.00	 40.88	 54.49	 62.89	 54.49	 62.26	 43.59	 56.60	 57.05	 56.41		Thamnophis_elegans 4
					  0.00	 51.28	 55.77	 53.85	 36.54	 52.56	 39.10	 41.83	 52.29	 46.41	 42.31	 42.95	 37.82	 51.63	 41.03	 41.67	 60.54	 40.38	 54.25	 50.64	 51.63	 41.18	 57.69	 53.21	 54.00	  5.77	 43.14	 48.08	 41.03	 51.28	 40.38	 44.44	 48.72	 51.33	 47.71	 47.06	 58.33	 49.67	 48.72	 50.00	 41.83	 42.31	 53.06	 58.33	 24.36	 43.59	 48.37	 48.08	 52.94	 42.31	 49.02	 43.14		Aspidocelis_tigris 5
						  0.00	 39.51	 43.21	 56.79	 37.65	 51.85	 57.52	 33.33	 48.08	 56.60	 55.56	 58.02	 38.36	 54.32	 54.94	 35.29	 50.31	 60.90	 34.57	 60.26	 53.46	 45.06	 31.48	 36.54	 51.28	 58.82	 41.36	 52.47	 39.51	 56.17	 61.64	 31.48	 52.94	 58.49	 59.75	 40.74	 62.89	 32.72	 58.17	 58.49	 53.09	 38.56	 38.89	 54.49	 61.73	 58.97	 55.56	 43.40	 54.32	 57.86	 57.23		Azemiops_feae 6
							  0.00	 43.83	 54.32	 42.59	 57.41	 58.17	 37.74	 48.72	 58.49	 59.88	 58.02	 38.99	 56.17	 56.79	 47.06	 50.94	 57.69	 40.12	 58.33	 58.49	 41.36	 40.74	 45.51	 55.77	 60.13	 42.59	 53.70	 43.21	 58.64	 59.12	 40.12	 57.52	 57.86	 52.83	 43.83	 62.26	 37.65	 60.13	 53.46	 54.94	 42.48	 46.30	 57.05	 59.26	 52.56	 54.94	 48.43	 58.02	 56.60	 56.60		Daboia_siamensis 7
								  0.00	 57.41	 41.98	 59.88	 60.78	 41.51	 45.51	 58.49	 58.02	 58.64	 45.28	 61.11	 56.79	 45.75	 53.46	 61.54	 40.74	 58.97	 55.97	 37.04	 41.98	 41.03	 53.85	 56.21	 47.53	 56.79	 43.83	 58.64	 59.12	 41.36	 56.86	 61.01	 50.94	 43.21	 59.75	 42.59	 56.86	 55.35	 56.79	 44.44	 41.98	 54.49	 55.56	 55.77	 53.70	 44.65	 55.56	 53.46	 54.72		Charina_bottae 8
									  0.00	 52.47	 46.30	 49.02	 52.83	 47.44	 42.59	 49.09	 43.64	 51.57	 47.27	 46.06	 58.17	 42.59	 50.00	 56.17	 44.65	 44.03	 55.56	 55.56	 55.77	 38.46	 48.37	 50.62	 46.67	 51.23	 44.85	 47.17	 54.94	 51.63	 44.03	 47.53	 57.41	 48.43	 54.94	 52.29	 46.54	 43.64	 53.59	 51.85	 41.67	 48.15	 46.15	 46.06	 53.46	 42.42	 48.15	 42.77		Shinisaurus_crocodilurus 9
										  0.00	 55.56	 51.63	 35.85	 49.36	 49.06	 54.94	 54.94	 39.62	 53.09	 54.94	 37.91	 50.94	 57.05	 39.51	 58.33	 53.46	 45.68	 32.72	 33.33	 54.49	 51.63	 38.89	 48.77	 22.84	 55.56	 57.86	 38.89	 50.98	 50.31	 52.83	 27.16	 61.01	 38.27	 53.59	 57.86	 50.62	 34.64	 37.04	 52.56	 53.70	 51.28	 46.30	 30.82	 49.38	 52.20	 52.83		Ophiophagus_hannah 10
											  0.00	 37.91	 57.23	 44.23	 40.88	 40.74	 33.33	 51.57	 35.80	 37.65	 52.94	 40.25	 51.92	 61.73	 42.31	 39.62	 57.41	 58.64	 55.13	 38.46	 38.56	 53.09	 33.95	 51.23	 35.19	 40.88	 54.32	 49.67	 50.94	 50.94	 54.94	 52.83	 56.17	 50.98	 41.51	 37.65	 58.17	 52.47	 41.67	 45.06	 52.56	 43.83	 49.06	 38.89	 48.43	 41.51		Anolis_sagrei 11
												  0.00	 58.00	 45.33	 47.71	 43.14	 40.52	 54.67	 42.48	 41.83	 55.56	 42.48	 50.67	 56.86	 50.33	 28.10	 52.94	 54.25	 54.42	 41.83	  7.19	 55.56	 43.14	 54.90	 45.75	 22.88	 58.17	 51.02	 46.67	 48.67	 60.13	 51.33	 56.86	 53.74	 28.76	 47.06	 50.69	 54.90	 49.67	 44.44	 52.67	 47.71	 59.33	 44.44	 45.33	 24.84		Lacerta_bilineata 12
													  0.00	 46.41	 54.49	 57.23	 52.20	 34.62	 58.49	 51.57	 41.18	 52.56	 62.09	 40.25	 55.56	 55.13	 43.40	 28.30	 37.18	 54.25	 56.67	 37.74	 54.72	 38.36	 59.75	 55.77	 40.25	 55.33	 57.69	 60.26	 36.48	 60.90	 37.74	 62.00	 53.85	 56.60	 32.03	 39.62	 56.86	 62.89	 49.02	 56.60	 44.87	 59.12	 53.21	 52.56		Imantodes_cenchoa 13
														  0.00	 51.92	 48.08	 46.15	 47.71	 48.72	 46.15	 50.34	 50.64	 50.64	 57.05	 52.29	 45.10	 48.08	 51.92	 52.00	 46.41	 44.00	 45.51	 46.79	 50.00	 49.36	 43.79	 50.64	 49.33	 55.13	 45.51	 48.72	 51.28	 51.28	 54.25	 43.79	 48.72	 46.94	 48.08	 48.37	 44.87	 45.75	 51.28	 48.37	 51.28	 53.85	 44.44		Phrynocephalus_versicolor 14
															  0.00	 44.44	 43.21	 53.85	 49.38	 46.30	 53.33	 41.36	 56.41	 55.35	 43.40	 37.82	 59.12	 52.83	 50.33	 42.95	 49.67	 57.23	 51.85	 54.09	 46.91	 46.15	 52.20	 48.37	 50.00	 44.65	 53.46	 48.72	 53.46	 47.06	 47.44	 47.53	 48.00	 50.94	 42.95	 44.65	 48.72	 45.68	 52.56	 47.53	 46.54	 42.31		Cryptoblepharus_egeriae 15
																  0.00	 38.18	 52.20	 21.82	 20.61	 57.52	 40.12	 49.36	 58.02	 45.28	 44.03	 59.88	 58.02	 55.77	 44.23	 42.48	 53.70	 36.36	 54.32	 36.97	 42.14	 57.41	 49.67	 47.17	 43.83	 60.49	 47.80	 58.02	 52.94	 44.65	 36.36	 54.90	 55.56	 46.15	 44.44	 52.56	 46.67	 57.23	 33.33	 43.21	 42.14		Iguana_delicatissima 16
																	  0.00	 52.83	 36.97	 35.76	 58.82	 41.98	 53.21	 58.02	 45.28	 39.62	 55.56	 54.94	 56.41	 41.67	 38.56	 54.32	 38.18	 53.09	 39.39	 40.25	 58.64	 52.94	 47.80	 50.00	 54.94	 45.28	 57.41	 48.37	 42.14	 40.00	 56.21	 51.85	 42.31	 41.36	 45.51	 49.09	 54.72	 38.79	 45.06	 41.51		Anolis_carolinensis 17
																		  0.00	 51.57	 54.72	 38.67	 51.28	 61.44	 42.77	 52.94	 53.85	 44.03	 36.48	 35.95	 52.94	 54.67	 35.22	 52.83	 39.62	 55.97	 54.49	 38.99	 50.67	 56.41	 57.05	 36.48	 57.05	 36.48	 58.67	 51.28	 50.94	 37.33	 39.62	 52.94	 56.60	 54.25	 53.46	 42.95	 56.60	 54.49	 53.85		Myanophis_thanlyinensis 18
																			  0.00	 29.09	 54.25	 43.21	 49.36	 58.64	 45.91	 42.77	 56.17	 60.49	 53.21	 42.31	 41.83	 52.47	 37.58	 51.85	 43.03	 42.14	 56.79	 47.71	 45.28	 46.91	 59.26	 42.77	 56.17	 51.63	 44.65	 38.18	 54.25	 53.70	 41.67	 43.83	 50.64	 43.64	 50.94	 38.18	 43.83	 41.51		Cyclura_pinguis 19
																				  0.00	 60.13	 43.83	 44.87	 59.88	 47.80	 43.40	 56.79	 54.94	 55.77	 43.59	 44.44	 53.70	 38.79	 51.85	 36.36	 42.14	 56.79	 50.98	 49.06	 49.38	 59.26	 51.57	 59.88	 52.94	 40.25	 36.36	 54.25	 53.70	 46.15	 48.15	 47.44	 48.48	 55.97	 35.76	 46.91	 40.88		Ctenosaura_bakeri 20
																					  0.00	 54.67	 60.54	 38.56	 55.78	 53.33	 39.87	 33.99	 20.00	 62.59	 55.56	 37.91	 52.94	 42.48	 58.82	 56.00	 41.83	 51.33	 54.67	 54.00	 35.29	 56.67	 37.91	 59.03	 54.00	 52.29	 22.00	 35.95	 56.46	 60.78	 57.82	 57.52	 40.00	 54.25	 54.67	 55.33		Ptyas_mucosa 21
																						  0.00	 46.15	 50.94	 47.80	 44.23	 56.60	 55.35	 48.37	 43.59	 40.52	 52.83	 40.12	 49.69	 38.89	 46.15	 50.31	 45.10	 48.08	 48.43	 57.23	 50.64	 52.83	 52.29	 44.23	 42.59	 48.67	 53.46	 46.15	 42.14	 47.44	 31.48	 53.21	 39.51	 43.40	 42.95		Lerista_edwardsae 22
																							  0.00	 59.62	 57.52	 50.33	 56.41	 59.62	 62.00	 56.21	 54.00	 55.13	 44.87	 58.97	 48.08	 52.29	 55.13	 52.67	 46.15	 48.72	 63.46	 55.13	 62.82	 56.21	 45.75	 44.87	 61.90	 61.54	 51.63	 54.49	 48.37	 48.72	 60.78	 44.87	 53.85	 52.29		Lepidodactylus_listeri 23
																								  0.00	 62.82	 54.72	 42.59	 32.72	 35.26	 51.92	 57.52	 46.91	 55.56	 42.59	 62.96	 60.38	 20.99	 54.25	 62.26	 55.35	 45.68	 60.38	 32.10	 60.13	 61.01	 55.56	 37.25	 48.15	 57.05	 57.41	 57.05	 56.79	 47.80	 58.02	 54.09	 58.49		Bothrops_jararaca 24
																									  0.00	 44.23	 62.18	 59.62	 59.33	 49.02	 47.71	 57.05	 44.65	 57.69	 50.94	 44.87	 66.03	 42.67	 51.63	 47.44	 56.41	 51.63	 60.90	 52.67	 44.87	 47.80	 58.50	 58.33	 49.67	 44.87	 47.71	 49.69	 51.63	 50.31	 30.77	 42.31		Varanus_komodoensis 25
																										  0.00	 52.20	 50.94	 52.94	 41.18	 30.07	 52.83	 44.03	 55.97	 47.17	 30.19	 54.72	 48.67	 50.00	 49.36	 54.09	 48.72	 54.09	 51.33	 31.45	 43.40	 53.33	 50.31	 43.79	 44.03	 48.37	 47.80	 55.13	 45.28	 42.95	 15.09		Podarcis_muralis 26
																											  0.00	 42.59	 42.31	 57.69	 53.59	 48.15	 51.23	 45.68	 54.94	 52.20	 40.74	 54.25	 56.60	 55.35	 46.30	 62.26	 43.21	 56.21	 53.46	 51.23	 41.18	 40.74	 58.97	 61.11	 52.56	 56.17	 47.17	 53.09	 57.86	 54.72		Morelia_viridis 27
																												  0.00	 31.41	 53.85	 56.86	 39.51	 54.32	 39.51	 54.94	 55.35	 36.42	 52.29	 56.60	 57.23	 34.57	 56.60	 33.95	 60.13	 55.35	 53.09	 29.41	 37.04	 51.92	 61.73	 52.56	 55.56	 42.14	 54.32	 54.09	 50.94		Diadophis_punctatus 28
																													  0.00	 56.67	 54.42	 34.62	 53.21	 36.54	 57.05	 56.21	 35.26	 52.38	 50.98	 54.25	 35.26	 58.17	 32.05	 54.42	 55.56	 50.64	 16.34	 35.90	 53.33	 58.97	 54.00	 50.00	 33.33	 55.13	 52.94	 54.25		Pantherophis_guttatus 29
																														  0.00	 43.14	 50.64	 42.31	 52.56	 42.31	 43.14	 48.72	 52.00	 49.67	 47.71	 60.26	 51.63	 50.00	 49.33	 42.48	 44.87	 55.10	 59.62	 26.92	 45.51	 49.67	 50.00	 53.59	 43.59	 49.02	 43.79		Aspidoscelis_marmoratus 30
																															  0.00	 53.59	 43.14	 55.56	 47.06	 20.92	 59.48	 51.02	 47.33	 48.00	 58.82	 47.33	 58.17	 51.70	 31.37	 47.71	 52.78	 52.94	 49.02	 41.18	 50.00	 48.37	 56.00	 44.44	 45.33	 26.14		Lacerta_viridis 31
																																  0.00	 51.23	 37.04	 53.09	 55.35	 44.44	 56.21	 51.57	 53.46	 33.95	 57.23	 44.44	 60.78	 53.46	 51.85	 35.95	 43.21	 48.08	 58.64	 52.56	 55.56	 40.88	 52.47	 57.23	 49.69		Boaedon_fuliginosus 32
																																	  0.00	 49.38	 27.27	 45.91	 56.79	 46.41	 45.28	 49.38	 53.09	 54.72	 54.94	 50.98	 45.28	 13.94	 50.33	 48.77	 46.15	 48.15	 51.92	 40.00	 45.91	 27.88	 51.23	 48.43		Phrynosoma_platyrhinos 33
																																		  0.00	 52.47	 56.60	 41.36	 50.33	 57.86	 54.72	 27.78	 55.35	 40.74	 53.59	 56.60	 49.38	 35.95	 37.04	 50.00	 56.17	 50.00	 45.68	 32.08	 50.00	 50.31	 53.46		Naja_naja 34
																																			  0.00	 49.06	 61.73	 47.06	 47.80	 46.91	 56.17	 52.83	 59.88	 47.06	 45.28	 27.88	 56.21	 58.02	 41.03	 46.30	 52.56	 44.85	 51.57	 16.97	 50.00	 45.91		Sceloporus_tristichus 35
																																				  0.00	 57.23	 50.67	 52.56	 48.08	 55.35	 48.08	 56.60	 54.67	 26.42	 46.54	 51.33	 56.60	 47.06	 48.43	 47.71	 49.06	 53.85	 47.80	 44.87	 26.42		Lacerta_agilis 36
																																					  0.00	 54.90	 59.75	 55.97	 43.83	 60.38	 28.40	 60.13	 58.49	 56.79	 35.95	 49.38	 53.21	 58.64	 52.56	 53.70	 45.28	 58.64	 59.75	 56.60		Protobothrops_mucrosquamatus 37
																																						  0.00	 47.33	 41.33	 49.67	 48.00	 54.25	 48.98	 44.00	 47.71	 57.82	 53.59	 50.00	 45.75	 49.33	 48.37	 48.67	 47.71	 41.33	 47.33		Pogona_vitticeps 38
																																							  0.00	 44.03	 55.35	 56.60	 57.23	 54.25	 50.64	 49.69	 55.33	 52.20	 49.02	 52.83	 51.63	 53.46	 55.13	 47.80	 50.94	 46.79		Gekko_japonicus 39
																																								  0.00	 54.72	 48.43	 59.12	 50.98	 48.72	 48.15	 54.67	 55.97	 41.83	 47.80	 44.44	 50.00	 50.64	 46.91	 43.21	 49.36		Sphaerodactylus_townsendi 40
																																									  0.00	 59.75	 41.36	 53.59	 55.97	 53.70	 37.25	 33.33	 51.92	 57.41	 52.56	 53.70	 33.96	 58.02	 50.94	 50.94		Bungarus_multicintus 41
																																										  0.00	 57.86	 58.17	 49.36	 52.20	 56.00	 59.75	 52.29	 44.65	 50.98	 50.94	 51.92	 54.09	 49.06	 44.23		Paroedura_picta 42
																																											  0.00	 60.13	 57.86	 55.56	 33.99	 40.74	 55.77	 56.17	 52.56	 54.32	 44.65	 56.79	 59.12	 54.72		Crotalus_tigris 43
																																												  0.00	 58.00	 50.98	 56.25	 54.25	 48.00	 52.94	 53.33	 52.94	 56.00	 49.67	 47.71	 50.67		Sphenodon_punctatus 44
																																													  0.00	 44.65	 54.00	 55.35	 47.06	 47.80	 47.06	 46.54	 60.90	 47.80	 43.59	 26.42		Zootoca_vivipara 45
																																														  0.00	 50.98	 47.53	 44.23	 46.91	 52.56	 40.61	 49.69	 29.09	 50.00	 47.17		Phrynosoma_blainvillii 46
																																															  0.00	 37.25	 55.10	 60.78	 55.10	 56.21	 35.33	 53.59	 55.33	 50.67		Pituophis_catenifer 47
																																																  0.00	 58.33	 59.26	 56.41	 53.70	 42.77	 53.70	 57.86	 52.20		Tropidonophis_doriae 48
																																																	  0.00	 45.51	 46.41	 49.36	 46.41	 41.03	 47.71	 42.48		Salvator_merianae 49
																																																		  0.00	 50.64	 50.62	 54.72	 46.91	 47.17	 46.54		Eublepharis_macularius 50
																																																			  0.00	 48.08	 48.37	 49.36	 43.79	 45.75		Hemicordylus_capensis 51
																																																				  0.00	 46.54	 40.00	 44.44	 48.43		Plestiodon_gilberti 52
																																																					  0.00	 49.06	 53.21	 55.13		Laticauda_colubrina 53
																																																						  0.00	 45.68	 46.54		Sceloporus_occidentalis 54
																																																							  0.00	 40.38		Varanus_salvator 55
																																																								  0.00		Podarci_raffonei 56
