Distance Matrix
---------------

Uncorrected for Multiple Substitutions
Using base positions 123 in the codon
Gap weighting is 0.000000

	    1	    2	    3	    4	    5	    6	    7	    8	    9	    10	    11	    12	    13	    14	    15	    16	    17	    18	    19	    20	    21	    22	    23	    24	    25	    26	    27	    28	    29	    30	    31	    32	    33	    34	    35	    36	    37	    38	    39	    40	    41	    42	    43	    44	    45	    46	    47	    48	    49	    50	    51	    52	    53	    54	    55	    56
	  0.00	 20.43	 30.14	 18.65	 31.55	 21.97	 19.92	 22.22	 30.40	 20.31	 30.01	 31.79	 17.50	 33.59	 30.78	 29.25	 31.67	 20.69	 28.74	 29.25	 14.94	 28.99	 30.52	 21.58	 33.13	 31.42	 22.99	 18.39	 13.67	 31.03	 31.16	 20.69	 29.12	 23.12	 29.12	 32.31	 21.84	 33.97	 33.21	 33.08	 21.97	 33.72	 21.46	 33.97	 31.80	 28.10	 15.71	 18.65	 29.50	 28.61	 29.37	 29.37	 23.75	 28.74	 30.27	 31.80		Arizona_elegans 1
		  0.00	 31.93	 18.77	 30.27	 20.05	 21.58	 20.05	 32.95	 17.50	 31.42	 32.95	 16.35	 31.42	 28.74	 28.86	 31.55	 20.31	 30.01	 28.74	 17.50	 30.52	 31.42	 20.43	 32.73	 32.18	 19.80	 16.86	 18.65	 32.06	 32.18	 18.14	 29.50	 21.20	 28.22	 32.95	 19.80	 33.84	 30.78	 32.31	 20.69	 31.67	 19.80	 33.97	 32.69	 28.74	 18.90	 17.88	 30.52	 30.78	 30.65	 32.06	 20.18	 27.84	 29.76	 31.67		Thermophis_baileyi 2
			  0.00	 32.57	 25.54	 32.44	 31.67	 32.06	 23.37	 31.42	 24.14	 27.18	 30.65	 31.29	 25.54	 22.99	 26.95	 31.16	 23.12	 23.63	 29.12	 24.27	 29.12	 33.33	 30.54	 25.42	 33.21	 30.65	 30.52	 24.78	 26.82	 32.57	 23.88	 33.72	 24.27	 26.31	 32.06	 30.01	 28.35	 27.20	 31.55	 30.27	 31.16	 27.84	 24.52	 23.24	 30.78	 30.27	 26.56	 26.18	 24.52	 24.65	 30.52	 24.65	 25.54	 24.90		Elgaria_multicarinata 3
				  0.00	 32.06	 20.56	 20.82	 20.82	 31.29	 18.14	 30.40	 31.03	 14.94	 31.93	 29.25	 27.97	 31.55	 19.67	 28.99	 27.71	 18.52	 28.48	 33.21	 21.20	 31.14	 31.16	 22.73	 18.39	 17.50	 33.08	 30.65	 17.75	 27.46	 20.05	 27.08	 31.55	 21.46	 30.78	 32.69	 32.18	 21.46	 32.18	 20.56	 32.57	 32.57	 26.69	 18.26	 19.16	 28.61	 31.55	 31.16	 30.52	 21.07	 27.97	 30.01	 32.06		Thamnophis_elegans 4
					  0.00	 31.03	 30.78	 32.18	 25.80	 31.16	 24.39	 26.03	 29.76	 32.06	 27.71	 26.18	 26.82	 32.44	 24.78	 24.52	 30.91	 25.03	 27.71	 32.44	 31.54	 26.44	 31.16	 31.29	 33.08	  9.71	 26.31	 30.27	 25.29	 32.06	 25.54	 26.18	 31.93	 32.31	 28.61	 28.61	 31.67	 31.03	 30.27	 28.48	 28.48	 24.65	 32.18	 30.52	 19.03	 26.69	 26.95	 25.80	 32.69	 26.05	 27.20	 25.93		Aspidocelis_tigris 5
						  0.00	 19.67	 20.56	 32.69	 20.56	 30.52	 32.56	 20.56	 34.48	 29.89	 28.99	 31.16	 21.84	 29.63	 30.14	 18.65	 29.89	 32.57	 16.09	 33.33	 31.42	 20.69	 20.43	 20.31	 30.65	 30.65	 22.35	 29.12	 22.48	 29.76	 32.18	 16.48	 34.48	 30.78	 32.95	 21.46	 33.72	 16.86	 33.97	 29.89	 29.50	 20.31	 19.16	 28.74	 31.67	 31.16	 30.78	 22.35	 29.50	 30.52	 30.40		Azemiops_feae 6
							  0.00	 21.07	 30.01	 20.05	 29.76	 31.28	 20.31	 34.87	 32.44	 28.99	 32.31	 20.31	 29.63	 29.89	 18.26	 30.52	 31.42	 19.03	 33.53	 30.78	 21.07	 19.67	 20.18	 30.78	 31.55	 21.58	 29.76	 23.88	 28.61	 31.67	 17.88	 32.69	 30.52	 32.18	 21.58	 34.87	 18.14	 33.72	 30.65	 28.10	 20.95	 19.67	 30.40	 29.12	 29.50	 30.27	 22.35	 29.76	 30.78	 31.80		Daboia_siamensis 7
								  0.00	 31.55	 20.56	 30.01	 31.28	 19.54	 33.59	 29.76	 27.97	 32.44	 20.69	 29.89	 27.59	 21.07	 30.78	 32.06	 21.71	 34.73	 30.40	 19.28	 20.43	 22.09	 33.84	 31.16	 21.84	 29.76	 23.24	 30.27	 31.93	 20.56	 32.31	 31.93	 30.78	 24.27	 31.80	 21.20	 34.23	 31.29	 28.22	 22.99	 20.18	 30.91	 31.67	 30.14	 30.65	 23.88	 28.99	 28.74	 30.91		Charina_bottae 8
									  0.00	 30.52	 24.90	 25.13	 31.42	 31.80	 24.14	 22.35	 22.99	 29.37	 24.14	 23.88	 29.63	 22.73	 26.82	 31.29	 29.34	 26.05	 31.16	 31.93	 31.29	 27.08	 24.90	 31.67	 22.86	 31.67	 22.73	 24.78	 31.03	 31.93	 28.74	 26.95	 31.16	 30.65	 30.01	 28.74	 26.18	 21.97	 29.50	 29.25	 25.16	 28.10	 21.71	 24.01	 31.42	 22.61	 25.93	 26.31		Shinisaurus_crocodilurus 9
										  0.00	 28.86	 30.64	 17.50	 31.80	 28.10	 26.69	 30.27	 21.46	 27.59	 28.61	 18.01	 29.12	 32.82	 19.16	 31.94	 29.50	 20.95	 17.24	 19.03	 32.18	 29.89	 19.03	 28.22	 16.60	 27.46	 29.12	 19.67	 33.33	 32.69	 31.42	 18.39	 32.57	 20.05	 31.42	 31.93	 27.71	 19.16	 18.26	 28.61	 29.89	 28.10	 30.65	 17.24	 26.31	 29.25	 29.25		Ophiophagus_hannah 10
											  0.00	 23.33	 27.71	 31.67	 25.16	 23.50	 19.03	 27.84	 22.61	 22.73	 28.61	 20.82	 27.46	 30.78	 29.34	 23.12	 30.52	 30.01	 31.29	 24.14	 22.86	 30.78	 18.65	 30.27	 21.33	 24.27	 29.76	 33.97	 27.97	 28.74	 30.14	 28.61	 30.91	 25.80	 23.75	 18.26	 30.65	 30.14	 23.12	 25.16	 21.71	 21.58	 30.65	 20.31	 28.22	 22.99		Anolis_sagrei 11
												  0.00	 30.64	 31.28	 27.44	 25.51	 25.77	 29.74	 25.38	 23.97	 30.00	 24.10	 26.79	 33.46	 30.34	 18.97	 31.41	 30.90	 31.41	 27.05	  6.54	 31.41	 24.49	 30.64	 25.26	 10.77	 31.92	 29.87	 29.23	 29.10	 30.13	 32.05	 31.54	 29.74	 18.33	 21.92	 30.26	 30.26	 28.08	 27.95	 23.72	 24.23	 30.38	 24.23	 28.21	 20.64		Lacerta_bilineata 12
													  0.00	 31.55	 29.12	 27.97	 31.03	 19.16	 29.12	 29.37	 16.73	 28.22	 34.61	 20.18	 33.93	 29.37	 21.97	 14.94	 17.24	 30.01	 30.27	 17.75	 28.99	 19.67	 27.08	 31.03	 19.67	 31.29	 33.08	 31.93	 20.05	 34.87	 20.43	 32.31	 30.78	 27.71	 18.39	 18.77	 28.22	 30.14	 29.37	 30.78	 18.39	 26.44	 30.52	 29.37		Imantodes_cenchoa 13
														  0.00	 31.29	 29.12	 31.93	 34.61	 29.63	 28.48	 32.57	 29.50	 31.67	 34.10	 35.53	 29.63	 33.33	 33.59	 31.55	 33.59	 30.40	 31.93	 29.25	 31.93	 29.12	 30.40	 34.48	 26.31	 30.91	 34.61	 34.48	 33.08	 33.59	 32.57	 30.52	 29.89	 33.46	 32.06	 32.69	 31.93	 28.35	 30.01	 31.67	 27.59	 31.93	 30.65		Phrynocephalus_versicolor 14
															  0.00	 20.56	 22.35	 28.48	 21.07	 22.35	 30.65	 21.20	 25.67	 30.40	 28.54	 26.31	 30.40	 30.01	 30.65	 27.20	 26.05	 30.01	 21.97	 28.86	 19.54	 26.69	 30.27	 32.18	 25.42	 27.33	 29.76	 28.10	 30.14	 27.08	 28.35	 21.07	 29.89	 28.86	 26.44	 28.86	 23.75	 20.82	 30.52	 19.41	 25.54	 24.90		Cryptoblepharus_egeriae 15
																  0.00	 22.48	 26.95	 15.20	 14.30	 26.82	 20.18	 25.67	 28.86	 26.15	 23.75	 28.61	 26.82	 28.61	 26.18	 25.29	 28.74	 19.80	 30.65	 19.67	 26.82	 27.33	 30.01	 25.80	 26.31	 30.01	 26.69	 27.84	 28.10	 26.56	 19.41	 28.61	 28.22	 24.90	 26.44	 21.20	 21.20	 29.76	 19.03	 22.86	 24.14		Iguana_delicatissima 16
																	  0.00	 31.67	 22.73	 22.35	 31.16	 22.22	 26.69	 32.69	 27.94	 24.65	 31.16	 30.78	 32.95	 26.05	 24.90	 32.44	 19.54	 32.31	 21.33	 25.03	 29.89	 31.03	 27.59	 29.37	 32.57	 28.99	 30.27	 28.86	 26.05	 20.69	 31.55	 31.16	 23.50	 26.56	 23.12	 21.58	 31.55	 21.58	 28.22	 24.90		Anolis_carolinensis 17
																		  0.00	 28.35	 27.59	 18.52	 27.84	 30.91	 19.92	 33.13	 30.52	 21.84	 20.18	 19.16	 31.67	 28.61	 21.71	 28.48	 22.73	 27.84	 31.29	 20.69	 30.78	 30.01	 32.18	 22.09	 32.57	 21.97	 33.46	 30.40	 26.18	 18.90	 20.43	 30.65	 30.01	 30.27	 29.25	 23.37	 26.69	 29.76	 30.27		Myanophis_thanlyinensis 18
																			  0.00	 14.81	 28.86	 20.43	 27.71	 29.76	 26.75	 24.27	 30.01	 27.97	 29.50	 25.42	 25.03	 30.40	 20.18	 30.91	 20.95	 25.80	 29.37	 29.50	 27.08	 27.08	 29.50	 27.71	 29.89	 26.44	 26.56	 19.67	 30.40	 29.25	 24.90	 25.16	 22.35	 19.54	 29.76	 19.80	 23.63	 22.86		Cyclura_pinguis 19
																				  0.00	 26.69	 20.69	 25.29	 30.91	 27.94	 23.50	 29.63	 27.08	 29.12	 26.18	 23.24	 30.78	 19.67	 31.67	 20.69	 23.88	 29.25	 29.50	 26.05	 27.08	 29.63	 25.80	 28.22	 26.31	 26.56	 17.88	 29.63	 28.99	 23.24	 25.29	 21.71	 22.09	 30.01	 20.05	 23.88	 23.12		Ctenosaura_bakeri 20
																					  0.00	 28.10	 29.63	 19.41	 34.73	 28.35	 20.31	 15.84	 12.90	 30.65	 29.76	 18.65	 26.56	 22.99	 27.97	 29.50	 19.80	 31.42	 30.65	 32.82	 19.67	 33.59	 19.41	 32.44	 29.12	 25.93	 13.92	 18.39	 27.20	 28.35	 28.61	 28.74	 19.80	 27.59	 29.89	 29.89		Ptyas_mucosa 21
																						  0.00	 27.71	 29.12	 27.15	 22.99	 29.12	 30.14	 28.74	 26.18	 24.01	 30.27	 20.43	 31.29	 20.43	 24.90	 29.50	 28.86	 25.16	 25.29	 30.40	 26.56	 28.61	 28.10	 24.65	 19.80	 29.63	 27.46	 23.37	 26.31	 22.48	 19.03	 30.78	 20.31	 25.29	 23.37		Lerista_edwardsae 22
																							  0.00	 33.59	 28.94	 27.97	 31.93	 30.14	 30.91	 26.82	 26.56	 30.52	 25.16	 33.33	 26.31	 27.59	 32.69	 30.78	 21.33	 26.18	 34.36	 28.48	 32.69	 29.76	 28.22	 25.29	 31.42	 30.91	 27.20	 26.18	 27.08	 27.33	 33.97	 25.67	 27.59	 29.89		Lepidodactylus_listeri 23
																								  0.00	 33.33	 31.67	 22.22	 21.20	 21.33	 32.69	 32.82	 21.07	 30.52	 21.71	 28.99	 34.61	 14.30	 33.72	 33.08	 32.31	 21.97	 33.33	 16.60	 33.84	 33.72	 29.25	 20.82	 19.67	 31.03	 32.57	 30.78	 30.52	 22.09	 28.99	 30.01	 31.42		Bothrops_jararaca 24
																									  0.00	 31.34	 33.53	 32.34	 34.33	 32.73	 30.14	 33.33	 27.35	 31.54	 28.74	 30.94	 35.73	 34.53	 29.94	 29.74	 33.13	 31.34	 35.53	 33.53	 32.73	 28.54	 35.13	 33.93	 30.34	 32.53	 28.54	 28.34	 33.33	 29.14	 17.37	 30.54		Varanus_komodoensis 25
																										  0.00	 32.18	 30.40	 31.55	 26.95	 18.26	 31.67	 21.71	 30.91	 22.61	 19.92	 32.57	 31.29	 27.33	 28.86	 30.01	 28.61	 32.06	 27.71	 19.28	 20.43	 32.31	 30.91	 26.69	 26.31	 22.22	 22.48	 31.03	 21.20	 27.08	  9.20		Podarcis_muralis 26
																											  0.00	 22.99	 22.22	 31.67	 31.29	 22.73	 28.61	 23.24	 28.86	 31.55	 21.71	 33.21	 31.93	 33.46	 24.65	 33.08	 21.71	 32.06	 33.46	 29.63	 21.97	 21.20	 31.93	 31.29	 30.52	 30.91	 23.63	 29.37	 30.27	 31.67		Morelia_viridis 27
																												  0.00	 17.37	 30.40	 29.37	 19.41	 28.61	 21.71	 29.76	 31.03	 18.90	 33.08	 32.69	 32.44	 20.69	 31.93	 20.43	 33.72	 30.91	 28.22	 18.52	 19.41	 28.86	 29.50	 29.76	 30.65	 20.18	 27.97	 28.61	 31.67		Diadophis_punctatus 28
																													  0.00	 33.21	 30.14	 18.26	 28.10	 22.73	 28.48	 31.55	 20.82	 32.31	 31.55	 32.18	 20.56	 32.95	 21.71	 33.46	 31.55	 27.84	 10.47	 17.88	 29.37	 30.40	 30.01	 29.76	 19.80	 28.61	 30.78	 31.55		Pantherophis_guttatus 29
																														  0.00	 25.93	 31.93	 25.16	 32.95	 25.42	 26.18	 31.67	 31.29	 28.86	 28.22	 32.95	 30.91	 31.93	 27.84	 27.84	 25.16	 31.80	 31.42	 18.26	 25.54	 27.46	 26.05	 32.57	 24.90	 28.61	 26.95		Aspidoscelis_marmoratus 30
																															  0.00	 30.78	 23.50	 29.25	 25.29	 12.39	 31.29	 29.37	 27.33	 28.48	 29.25	 31.03	 31.80	 28.10	 17.88	 21.33	 30.40	 30.01	 27.33	 25.29	 22.86	 23.75	 30.27	 23.37	 28.35	 18.77		Lacerta_viridis 31
																																  0.00	 26.56	 21.33	 28.48	 31.42	 20.82	 34.10	 33.08	 33.21	 22.73	 33.59	 22.22	 31.42	 30.91	 27.33	 19.67	 19.16	 30.52	 30.52	 30.01	 29.12	 22.73	 27.71	 30.78	 30.65		Boaedon_fuliginosus 32
																																	  0.00	 28.48	 16.73	 23.50	 29.89	 29.89	 26.44	 27.20	 29.37	 28.22	 30.14	 23.63	 22.61	 10.98	 27.97	 29.63	 24.90	 25.03	 21.84	 21.71	 28.35	 17.24	 25.03	 21.71		Phrynosoma_platyrhinos 33
																																		  0.00	 29.25	 30.01	 21.46	 34.10	 34.10	 32.57	 18.90	 32.95	 21.97	 32.95	 32.44	 28.99	 22.22	 19.92	 31.03	 31.93	 30.01	 31.42	 19.54	 28.48	 30.40	 31.67		Naja_naja 34
																																			  0.00	 26.05	 29.63	 29.25	 25.29	 26.95	 29.76	 26.31	 29.50	 25.80	 24.90	 15.84	 28.35	 27.33	 25.80	 26.31	 22.61	 20.69	 28.35	  9.58	 25.67	 22.09		Sceloporus_tristichus 35
																																				  0.00	 33.33	 30.91	 28.86	 30.40	 29.89	 31.80	 31.67	 29.50	 18.14	 21.97	 30.01	 31.29	 26.31	 27.08	 24.27	 23.75	 29.76	 25.03	 28.99	 20.69		Lacerta_agilis 36
																																					  0.00	 33.84	 31.55	 31.03	 21.97	 33.33	 15.20	 34.10	 30.65	 29.63	 20.43	 18.65	 29.89	 31.29	 30.27	 29.76	 22.73	 28.99	 29.76	 32.18		Protobothrops_mucrosquamatus 37
																																						  0.00	 31.16	 33.08	 34.74	 33.84	 32.44	 32.57	 30.78	 30.14	 31.80	 31.80	 31.42	 31.29	 30.65	 30.27	 33.59	 29.50	 30.65	 30.65		Pogona_vitticeps 38
																																							  0.00	 27.08	 31.93	 29.50	 32.18	 30.78	 28.10	 25.16	 32.95	 31.67	 27.59	 26.44	 27.33	 23.88	 32.44	 24.65	 27.97	 28.48		Gekko_japonicus 39
																																								  0.00	 34.87	 28.48	 31.03	 30.01	 31.16	 27.59	 32.82	 30.91	 28.35	 29.89	 27.71	 26.05	 33.46	 25.93	 27.97	 28.48		Sphaerodactylus_townsendi 40
																																									  0.00	 34.61	 20.82	 34.36	 30.78	 28.86	 20.18	 18.65	 30.65	 30.91	 29.63	 31.16	 21.33	 28.48	 30.65	 31.16		Bungarus_multicintus 41
																																										  0.00	 33.72	 32.18	 32.69	 27.20	 33.97	 31.55	 30.27	 28.99	 27.71	 27.71	 34.23	 27.59	 30.14	 28.35		Paroedura_picta 42
																																											  0.00	 32.06	 30.78	 28.74	 19.16	 20.05	 28.74	 31.16	 28.99	 28.74	 21.07	 29.37	 29.89	 30.91		Crotalus_tigris 43
																																												  0.00	 30.52	 24.78	 33.84	 32.69	 28.61	 30.40	 27.71	 26.44	 32.18	 25.54	 29.76	 27.33		Sphenodon_punctatus 44
																																													  0.00	 20.82	 30.14	 31.42	 27.33	 25.03	 23.50	 24.01	 31.55	 24.39	 28.86	 19.54		Zootoca_vivipara 45
																																														  0.00	 27.84	 28.10	 24.39	 24.39	 20.05	 19.67	 27.59	 16.73	 25.80	 20.69		Phrynosoma_blainvillii 46
																																															  0.00	 17.88	 29.89	 31.03	 30.27	 30.65	 20.82	 28.61	 31.42	 32.69		Pituophis_catenifer 47
																																																  0.00	 29.89	 29.12	 27.59	 28.48	 21.33	 28.10	 29.63	 30.91		Tropidonophis_doriae 48
																																																	  0.00	 27.33	 26.44	 25.80	 30.40	 25.42	 26.56	 26.56		Salvator_merianae 49
																																																		  0.00	 26.18	 25.93	 30.01	 25.54	 29.37	 26.31		Eublepharis_macularius 50
																																																			  0.00	 22.22	 30.40	 21.46	 26.56	 22.86		Hemicordylus_capensis 51
																																																				  0.00	 32.06	 19.80	 26.56	 22.73		Plestiodon_gilberti 52
																																																					  0.00	 28.61	 31.55	 30.91		Laticauda_colubrina 53
																																																						  0.00	 25.54	 21.58		Sceloporus_occidentalis 54
																																																							  0.00	 27.20		Varanus_salvator 55
																																																								  0.00		Podarci_raffonei 56
