Distance Matrix
---------------

Uncorrected for Multiple Substitutions
Using base positions 123 in the codon
Gap weighting is 0.000000

	    1	    2	    3	    4	    5	    6	    7	    8	    9	    10	    11	    12	    13	    14	    15	    16	    17	    18	    19	    20	    21	    22	    23	    24	    25	    26	    27	    28	    29	    30	    31	    32	    33	    34	    35	    36	    37	    38	    39	    40	    41	    42	    43	    44	    45	    46	    47	    48
	  0.00	 44.79	 48.96	 27.78	 28.09	 47.57	 20.49	 45.83	 47.22	 20.49	 53.90	 45.83	 44.10	 43.75	 22.57	 44.10	 47.06	 24.31	 45.83	 47.57	 27.08	 53.12	 50.35	 21.53	 49.65	 48.96	 44.44	 22.92	 43.40	 48.96	 24.31	 48.23	 43.40	 47.57	 50.35	 23.96	 46.88	 45.14	 46.18	 19.79	 47.22	 49.31	 45.49	 47.92	 25.00	 43.06	 47.22	 46.53		Thermophis_baileyi 1
		  0.00	 34.69	 42.71	 44.19	 31.63	 43.40	 38.78	 39.80	 46.88	 44.10	 34.69	 30.61	 31.97	 47.57	 32.31	 41.18	 45.49	 33.67	 37.07	 44.79	 35.71	 39.46	 43.75	 38.10	 38.83	 30.95	 44.44	 30.61	 40.48	 44.10	 42.71	 41.50	 41.16	 45.92	 40.97	 41.84	 37.07	 31.29	 41.67	 39.46	 39.80	 32.99	 33.33	 45.83	 31.63	 33.33	 38.44		Elgaria_multicarinata 2
			  0.00	 48.61	 50.56	 39.46	 47.57	 42.18	 39.12	 46.88	 42.01	 40.14	 35.71	 36.73	 50.00	 36.73	 44.12	 48.96	 36.73	 41.50	 50.00	 39.46	 42.86	 49.65	 12.93	 40.21	 38.78	 50.00	 39.46	 41.16	 46.53	 42.01	 42.52	 40.48	 46.26	 44.79	 41.16	 38.44	 40.14	 47.92	 24.83	 35.71	 35.71	 39.46	 50.35	 38.78	 41.16	 41.84		Aspidocelis_tigris 3
				  0.00	 28.84	 48.26	 24.31	 43.06	 44.10	 27.08	 53.19	 42.71	 39.24	 41.67	 28.82	 38.54	 42.65	 26.74	 41.67	 44.10	 17.71	 47.92	 45.49	 26.04	 48.26	 43.40	 39.93	 28.82	 37.50	 45.83	 19.10	 49.29	 46.53	 43.40	 51.39	 20.83	 47.57	 44.44	 40.97	 26.39	 47.57	 45.83	 42.71	 43.06	 30.90	 38.54	 42.71	 45.14		Azemiops_feae 4
					  0.00	 50.56	 25.84	 43.45	 47.19	 29.21	 50.57	 49.06	 40.82	 47.94	 31.84	 41.20	 49.73	 30.71	 45.69	 48.69	 28.46	 46.44	 50.19	 31.09	 49.44	 46.44	 44.57	 30.34	 44.94	 49.44	 28.09	 54.41	 46.07	 49.06	 52.43	 23.97	 46.07	 47.57	 43.82	 31.09	 52.43	 49.44	 44.94	 47.57	 30.71	 43.82	 43.82	 48.31		Daboia_siamensis 5
						  0.00	 46.53	 37.76	 36.39	 46.18	 42.36	 36.39	 32.31	 31.29	 48.61	 33.33	 32.84	 43.75	 34.69	 40.82	 47.92	 37.76	 35.37	 44.79	 39.12	 37.80	 32.99	 45.49	 31.29	 36.39	 47.92	 44.10	 41.50	 42.18	 48.98	 47.22	 40.48	 37.07	 32.99	 45.14	 38.44	 40.82	 36.05	 33.33	 44.79	 31.29	 36.73	 32.65		Shinisaurus_crocodilurus 6
							  0.00	 44.44	 47.22	 22.22	 50.71	 44.10	 40.62	 43.06	 26.39	 40.97	 45.10	 22.57	 41.67	 46.18	 24.31	 49.65	 45.83	 22.22	 47.92	 47.22	 40.62	 20.14	 40.97	 47.57	 21.88	 49.65	 43.75	 44.44	 52.43	 21.18	 45.83	 46.18	 42.36	 20.83	 46.18	 48.26	 45.14	 44.10	 20.83	 41.67	 46.88	 44.79		Ophiophagus_hannah 7
								  0.00	 37.07	 43.40	 43.40	 37.76	 33.33	 27.21	 44.79	 35.37	 35.29	 42.71	 37.41	 40.48	 44.10	 37.07	 38.44	 40.97	 40.82	 39.18	 27.89	 46.53	 34.01	 41.84	 43.75	 48.26	 42.86	 38.78	 46.26	 43.75	 44.56	 38.44	 27.89	 42.01	 39.46	 39.80	 34.35	 37.07	 44.79	 35.71	 37.41	 38.10		Anolis_sagrei 8
									  0.00	 41.67	 42.01	 35.71	 31.63	 36.73	 47.92	 34.01	 38.73	 46.88	 34.35	 43.54	 48.96	 40.48	 21.09	 45.83	 40.48	  5.84	 37.41	 44.44	 33.67	 14.97	 45.49	 41.32	 45.58	 40.82	 45.58	 45.83	 40.82	 19.73	 37.41	 45.49	 38.10	 38.78	 37.07	 37.41	 47.22	 31.97	 39.12	 19.05		Lacerta_bilineata 9
										  0.00	 52.84	 45.14	 41.67	 40.97	 25.69	 39.58	 45.59	 22.57	 40.97	 45.83	 25.00	 44.79	 45.14	 21.18	 46.88	 42.71	 41.67	 21.88	 39.58	 44.79	 27.43	 47.16	 46.53	 44.10	 51.04	 24.65	 47.92	 42.71	 42.71	 21.18	 42.71	 45.83	 43.06	 43.40	 23.61	 40.97	 43.75	 42.01		Imantodes_cenchoa 10
											  0.00	 46.88	 42.36	 44.79	 57.09	 48.61	 49.49	 53.55	 44.79	 43.06	 52.84	 46.18	 40.97	 52.48	 42.01	 43.51	 44.44	 53.55	 40.97	 44.44	 53.55	 38.54	 42.71	 45.83	 48.26	 52.13	 48.96	 43.40	 47.57	 52.13	 44.44	 44.79	 41.32	 45.14	 52.48	 42.71	 47.57	 39.58		Phrynocephalus_versicolor 11
												  0.00	 31.97	 35.37	 48.26	 34.01	 39.22	 46.18	 24.83	 35.37	 44.10	 42.18	 38.78	 45.49	 37.76	 37.80	 33.67	 45.49	 31.97	 37.41	 44.79	 46.53	 39.80	 38.10	 43.20	 43.06	 41.84	 37.76	 32.65	 44.79	 41.16	 36.39	 36.05	 27.21	 48.26	 30.95	 41.16	 38.10		Cryptoblepharus_egeriae 12
													  0.00	 30.61	 46.88	 18.71	 18.14	 41.32	 29.93	 38.44	 41.67	 34.69	 37.76	 41.32	 36.73	 32.99	 27.55	 42.01	 27.89	 34.35	 40.62	 41.67	 38.44	 36.05	 42.18	 37.85	 32.99	 34.69	 29.25	 40.62	 37.07	 36.05	 32.99	 31.29	 44.10	 27.21	 33.67	 34.35		Iguana_delicatissima 13
														  0.00	 43.75	 30.61	 36.76	 40.62	 34.01	 41.50	 43.40	 41.84	 41.50	 41.32	 37.41	 39.18	 30.61	 41.67	 32.65	 38.78	 40.97	 43.75	 41.16	 41.16	 46.26	 40.97	 41.16	 37.76	 28.91	 42.36	 38.10	 37.07	 34.35	 33.67	 42.36	 34.01	 41.16	 40.14		Anolis_carolinensis 14
															  0.00	 43.40	 45.59	 24.65	 46.53	 46.53	 30.21	 50.69	 49.65	 25.69	 48.96	 48.26	 44.44	 28.82	 43.75	 51.04	 29.86	 50.00	 47.92	 47.57	 51.74	 27.08	 51.39	 49.65	 43.06	 23.61	 47.22	 47.57	 46.53	 48.61	 29.17	 42.71	 45.14	 45.14		Myanophis_thanlyinensis 15
																  0.00	 22.06	 42.01	 32.31	 38.10	 42.01	 37.07	 37.07	 42.01	 39.46	 35.74	 30.95	 41.32	 31.29	 36.73	 40.62	 43.06	 40.14	 39.46	 44.90	 38.54	 38.44	 36.05	 26.53	 42.71	 38.78	 37.07	 34.35	 32.65	 46.53	 28.91	 38.78	 34.01		Cyclura_pinguis 16
																	  0.00	 46.08	 39.71	 40.20	 44.12	 42.16	 41.18	 46.08	 43.63	 40.69	 32.84	 48.04	 33.33	 40.20	 45.59	 47.98	 42.65	 41.18	 50.49	 43.63	 43.63	 42.65	 30.39	 46.08	 42.16	 39.71	 38.24	 34.80	 47.55	 31.86	 35.29	 40.69		Ctenosaura_bakeri 17
																		  0.00	 43.40	 47.57	 26.74	 48.26	 45.14	 16.32	 47.22	 45.49	 40.62	 24.31	 42.36	 48.61	 25.35	 51.42	 47.22	 45.14	 53.47	 25.35	 47.92	 46.53	 40.97	 15.62	 45.83	 46.53	 45.14	 44.44	 26.74	 40.97	 45.14	 42.36		Ptyas_mucosa 18
																			  0.00	 35.71	 44.79	 36.73	 35.71	 43.06	 32.65	 37.46	 34.69	 45.14	 30.61	 34.69	 43.40	 44.79	 38.78	 33.33	 42.86	 42.01	 41.50	 36.05	 32.31	 44.44	 40.14	 35.71	 35.03	 24.49	 45.83	 29.93	 39.12	 34.69		Lerista_edwardsae 19
																				  0.00	 48.26	 36.73	 43.54	 44.79	 40.14	 44.67	 39.80	 50.35	 36.39	 44.22	 46.53	 43.75	 29.25	 34.69	 39.80	 46.53	 47.28	 43.54	 35.03	 45.14	 42.18	 40.48	 39.12	 37.07	 51.04	 39.80	 37.41	 42.86		Lepidodactylus_listeri 20
																					  0.00	 47.22	 49.31	 25.35	 49.31	 48.26	 42.71	 24.65	 42.36	 50.00	 15.97	 50.00	 49.65	 45.14	 52.08	 14.58	 46.88	 48.26	 44.44	 25.00	 46.53	 47.92	 44.79	 45.49	 28.47	 42.71	 44.79	 45.14		Bothrops_jararaca 21
																						  0.00	 39.80	 47.57	 39.12	 42.27	 38.78	 50.00	 37.07	 41.16	 48.96	 48.61	 42.18	 37.41	 42.52	 47.22	 45.24	 38.78	 38.10	 47.57	 40.48	 40.14	 40.48	 37.76	 51.04	 37.76	 21.09	 37.76		Varanus_komodoensis 22
																							  0.00	 44.44	 41.84	 23.02	 38.44	 49.31	 36.73	 23.47	 45.83	 44.10	 45.24	 44.56	 44.90	 47.57	 41.16	 26.19	 37.41	 45.83	 37.41	 40.82	 39.80	 38.78	 44.44	 34.01	 40.82	 11.22		Podarcis_muralis 23
																								  0.00	 46.53	 45.14	 41.67	 24.65	 39.58	 47.57	 25.35	 49.29	 44.44	 46.53	 52.08	 25.69	 46.18	 47.22	 42.01	  8.33	 45.14	 48.96	 43.75	 44.10	 25.35	 40.28	 43.75	 43.40		Pantherophis_guttatus 24
																									  0.00	 40.21	 40.14	 51.39	 39.46	 41.84	 47.22	 42.36	 42.18	 41.50	 47.62	 45.83	 40.82	 43.54	 38.78	 47.22	 27.21	 35.37	 35.37	 38.10	 48.26	 39.12	 39.80	 40.82		Aspidoscelis_marmoratus 25
																										  0.00	 38.49	 46.18	 34.02	 17.53	 45.49	 42.81	 46.39	 43.64	 48.45	 46.88	 41.24	 23.02	 38.49	 44.79	 39.18	 38.83	 37.11	 38.83	 47.22	 33.68	 39.18	 20.96		Lacerta_viridis 26
																											  0.00	 43.75	 25.85	 38.78	 43.06	 42.71	 40.82	 37.41	 43.54	 40.97	 41.84	 37.76	 18.03	 41.32	 35.03	 34.35	 32.65	 32.31	 42.71	 22.79	 37.76	 38.78		Phrynosoma_platyrhinos 27
																												  0.00	 44.79	 48.26	 22.57	 49.29	 47.57	 46.53	 54.86	 23.26	 48.61	 44.44	 43.75	 23.61	 50.00	 47.57	 47.57	 45.49	 23.96	 43.06	 48.96	 45.83		Naja_naja 28
																													  0.00	 36.05	 43.06	 43.40	 37.41	 33.67	 43.54	 42.01	 41.16	 36.39	 25.85	 40.97	 37.41	 35.71	 32.65	 32.31	 43.40	 10.54	 35.71	 36.05		Sceloporus_tristichus 29
																														  0.00	 46.53	 43.75	 44.56	 41.84	 46.26	 47.22	 42.86	 24.15	 38.78	 46.88	 42.52	 41.50	 39.12	 38.44	 47.22	 36.73	 42.18	 24.49		Lacerta_agilis 30
																															  0.00	 51.06	 49.31	 45.49	 51.04	 14.24	 44.44	 45.14	 42.36	 25.35	 48.61	 48.61	 42.36	 42.36	 28.12	 42.36	 46.18	 44.10		Protobothrops_mucrosquamatus 31
																																  0.00	 47.57	 47.92	 46.18	 49.29	 50.35	 40.62	 41.67	 48.23	 40.62	 45.49	 43.06	 50.35	 49.29	 42.01	 47.22	 42.01		Pogona_vitticeps 32
																																	  0.00	 34.35	 42.52	 46.88	 42.86	 44.56	 40.14	 44.10	 43.88	 42.18	 42.18	 38.78	 50.00	 39.46	 42.52	 43.54		Gekko_japonicus 33
																																		  0.00	 41.16	 43.40	 47.28	 41.84	 38.10	 45.14	 43.88	 37.07	 37.76	 36.73	 47.22	 34.35	 39.12	 41.16		Sphaerodactylus_townsendi 34
																																			  0.00	 49.31	 49.32	 44.56	 47.62	 51.04	 46.94	 45.24	 45.92	 45.58	 53.12	 44.56	 46.60	 41.84		Paroedura_picta 35
																																				  0.00	 45.14	 45.83	 41.32	 25.35	 47.22	 45.49	 44.79	 41.67	 25.69	 42.01	 44.44	 44.79		Crotalus_tigris 36
																																					  0.00	 43.54	 39.12	 46.53	 38.78	 42.52	 41.16	 41.16	 48.26	 39.80	 41.84	 40.82		Sphenodon_punctatus 37
																																						  0.00	 36.05	 45.49	 39.46	 38.78	 37.76	 37.76	 46.53	 36.39	 40.48	 25.17		Zootoca_vivipara 38
																																							  0.00	 43.40	 36.73	 37.41	 32.31	 32.65	 45.83	 25.85	 35.03	 38.44		Phrynosoma_blainvillii 39
																																								  0.00	 44.44	 48.61	 44.10	 45.83	 27.78	 41.32	 42.71	 43.40		Pituophis_catenifer 40
																																									  0.00	 38.78	 36.73	 40.48	 48.61	 35.03	 37.07	 37.76		Salvator_merianae 41
																																										  0.00	 38.44	 40.48	 48.26	 35.37	 41.16	 40.82		Eublepharis_macularius 42
																																											  0.00	 35.71	 47.92	 34.35	 38.10	 37.76		Hemicordylus_capensis 43
																																												  0.00	 46.88	 31.29	 38.44	 38.44		Plestiodon_gilberti 44
																																													  0.00	 44.44	 49.65	 42.71		Laticauda_colubrina 45
																																														  0.00	 35.37	 33.67		Sceloporus_occidentalis 46
																																															  0.00	 38.44		Varanus_salvator 47
																																																  0.00		Podarci_raffonei 48
