Distance Matrix
---------------

Using the Tamura correction method
Using base positions 123 in the codon
Gap weighting is 0.000000

	    1	    2	    3	    4	    5	    6	    7	    8	    9	    10	    11	    12	    13	    14	    15	    16	    17	    18	    19	    20	    21	    22	    23	    24	    25	    26	    27	    28	    29	    30	    31	    32	    33	    34	    35	    36	    37	    38	    39	    40	    41	    42	    43	    44	    45	    46	    47	    48	    49	    50	    51	    52	    53	    54	    55	    56	    57
	  0.00	 52.51	 50.26	 30.69	 53.05	 53.31	 31.02	 37.18	 33.93	 31.89	 25.54	 96.02	 47.97	 41.48	 44.40	 32.97	 30.99	 49.88	 54.30	 50.39	 44.85	 41.91	 32.30	 52.22	 48.23	 48.03	 32.42	 47.81	 45.80	 18.64	 31.93	 31.75	 30.42	 51.63	 52.14	 46.50	 45.55	 31.99	 98.51	 50.76	 51.33	 53.63	 29.02	 31.03	 50.34	 43.46	 42.37	 49.86	 49.95	 52.47	 29.78	 52.51	 51.54	 30.74	 52.94	 30.55	 30.61		Python_bivittatus 1
		  0.00	 34.81	 53.46	 50.59	 50.29	 56.25	 57.47	 52.73	 53.72	 51.72	141.79	 44.22	 37.07	 39.53	 52.14	 54.62	 45.60	 49.96	 51.01	 48.72	 38.43	 52.29	 50.38	 45.89	 46.58	 51.97	 49.34	 39.69	 51.00	 54.29	 51.69	 52.89	 53.01	 51.51	 35.49	 35.35	 53.16	116.65	 44.61	 44.99	 53.59	 51.53	 51.51	 50.06	 35.71	 36.45	 42.66	 52.73	 51.97	 53.50	 49.30	 47.57	 49.08	 48.77	 54.45	 51.94		Anolis_carolinensis 2
			  0.00	 48.61	 47.45	 48.60	 52.56	 53.80	 53.84	 52.59	 50.85	115.56	 43.12	 34.27	 36.90	 52.06	 53.12	 44.47	 45.71	 47.90	 40.22	 37.90	 53.50	 46.00	 46.74	 46.95	 50.93	 48.30	 38.93	 50.24	 51.00	 53.12	 49.42	 49.46	 47.64	 35.33	 35.90	 52.26	100.02	 44.03	 43.81	 51.00	 51.70	 52.37	 50.02	 36.76	 37.49	 45.93	 49.73	 49.07	 51.82	 49.45	 46.37	 49.82	 43.09	 53.92	 49.08		Anolis_sagrei 3
				  0.00	 53.97	 54.21	 27.87	 32.81	 31.39	 30.37	 32.43	119.11	 52.08	 45.74	 46.45	 33.17	 25.28	 49.92	 59.66	 54.85	 48.12	 49.34	 27.41	 56.54	 51.67	 52.60	 31.90	 54.92	 47.23	 32.58	 29.69	 28.60	 28.00	 57.69	 53.46	 50.93	 50.61	 16.21	110.54	 51.29	 51.87	 58.60	 28.70	 20.00	 52.69	 48.56	 47.96	 51.95	 59.16	 55.56	 25.18	 59.65	 56.10	 29.39	 55.41	 29.17	 15.30		Arizona_elegans 4
					  0.00	 10.08	 53.40	 56.92	 54.83	 54.44	 53.50	112.11	 47.71	 42.67	 47.17	 53.85	 56.77	 46.22	 54.43	 50.01	 45.57	 45.26	 55.98	 51.61	 50.71	 49.44	 53.52	 48.36	 44.27	 52.24	 54.03	 56.18	 50.79	 51.86	 52.59	 45.79	 47.34	 54.06	 99.42	 49.74	 50.95	 54.21	 52.46	 53.02	 29.21	 48.26	 49.41	 47.40	 54.13	 49.87	 52.26	 49.09	 51.71	 52.03	 47.97	 55.35	 51.00		Aspidocelis_tigris 5
						  0.00	 53.34	 57.31	 54.81	 55.02	 52.57	124.98	 46.90	 44.32	 46.56	 55.30	 56.92	 47.13	 53.52	 51.24	 45.68	 45.57	 57.50	 52.80	 51.04	 50.37	 54.24	 50.36	 44.30	 52.56	 54.76	 56.12	 51.40	 52.36	 51.10	 46.98	 48.20	 55.68	107.86	 48.44	 49.63	 53.48	 51.95	 54.79	 29.13	 48.49	 49.03	 47.70	 55.43	 50.74	 53.81	 51.37	 50.41	 51.53	 47.57	 57.56	 51.37		Aspidoscelis_marmoratus 6
							  0.00	 36.91	 23.04	 30.57	 32.24	124.72	 50.55	 42.80	 45.95	 27.74	 30.01	 48.87	 56.91	 52.08	 46.29	 44.11	 30.56	 55.16	 50.99	 51.11	 32.66	 51.78	 45.30	 30.61	 30.37	 31.54	 28.84	 54.60	 54.70	 50.39	 48.75	 29.58	120.33	 49.91	 52.33	 60.96	 20.41	 27.89	 52.27	 48.90	 50.08	 48.39	 50.83	 54.80	 28.81	 55.01	 53.52	 25.80	 53.67	 30.40	 28.64		Azemiops_feae 7
								  0.00	 34.50	 37.32	 36.73	125.34	 55.02	 47.71	 50.46	 36.32	 33.70	 54.66	 60.57	 59.66	 54.40	 49.23	 31.59	 58.22	 57.78	 59.93	 38.79	 56.54	 49.19	 34.68	 32.18	 32.68	 34.74	 60.96	 60.84	 52.70	 52.29	 29.90	124.18	 59.02	 56.95	 58.08	 33.97	 34.86	 56.04	 48.55	 48.84	 54.09	 56.75	 59.35	 30.01	 56.18	 58.32	 32.06	 59.09	 29.86	 32.16		Boaedon_fuliginosus 8
									  0.00	 32.32	 32.11	107.77	 49.76	 44.90	 47.83	 27.78	 28.14	 48.96	 59.21	 52.68	 47.96	 47.11	 30.91	 55.05	 53.08	 52.27	 34.56	 51.24	 50.48	 30.38	 29.78	 30.11	 30.72	 54.76	 52.88	 52.08	 52.42	 30.71	116.84	 53.55	 55.52	 54.65	 15.44	 32.48	 52.22	 50.05	 50.27	 50.93	 53.88	 55.81	 29.32	 54.31	 52.84	 26.28	 58.66	 31.92	 28.99		Bothrops_jararaca 9
										  0.00	 35.98	132.90	 51.77	 46.65	 49.11	 34.33	 31.54	 51.12	 56.04	 52.97	 53.34	 48.48	 30.20	 59.29	 54.57	 53.84	 27.25	 52.86	 50.61	 34.45	 30.92	 23.49	 22.94	 56.12	 54.32	 48.61	 48.03	 33.80	108.66	 53.40	 52.99	 60.35	 29.24	 31.73	 56.81	 50.14	 49.12	 52.31	 54.54	 54.76	 30.22	 55.68	 54.30	 33.56	 56.33	 34.58	 30.85		Bungarus_multicintus 10
											  0.00	106.54	 47.74	 41.31	 45.78	 35.31	 35.26	 49.74	 55.33	 51.65	 45.35	 44.30	 33.73	 52.93	 49.30	 49.58	 34.35	 50.04	 45.81	 26.22	 33.25	 35.62	 31.55	 53.76	 53.74	 48.21	 47.69	 33.83	 96.31	 49.62	 53.39	 54.50	 29.96	 33.74	 50.30	 44.21	 45.66	 50.25	 49.80	 54.83	 30.65	 53.64	 51.90	 31.44	 53.73	 34.00	 31.61		Charina_bottae 11
												  0.00	122.33	112.91	100.57	108.96	111.05	107.28	117.16	122.26	114.84	 92.99	111.54	135.86	119.66	115.97	113.48	 92.50	146.93	108.44	115.05	113.05	108.60	124.73	122.25	117.63	125.11	117.31	 59.00	151.74	161.08	104.25	102.76	136.16	124.11	134.58	126.18	106.98	122.72	132.95	116.42	110.96	124.54	 85.98	147.43	114.99	127.26		Crotalus_tigris 12
													  0.00	 37.80	 38.14	 51.91	 50.41	 43.22	 49.63	 48.30	 44.13	 38.49	 51.11	 47.35	 45.11	 44.23	 54.66	 44.02	 33.55	 49.72	 50.62	 51.71	 49.97	 50.67	 52.75	 42.30	 41.97	 50.37	118.25	 43.00	 45.55	 51.26	 48.64	 53.79	 47.19	 38.35	 39.53	 43.41	 47.63	 50.61	 50.03	 51.30	 49.61	 47.91	 46.11	 49.23	 50.72		Cryptoblepharus_egeriae 13
														  0.00	 18.01	 47.60	 46.47	 37.95	 45.45	 45.75	 38.17	 15.95	 43.75	 44.79	 41.95	 41.73	 46.41	 39.48	 34.68	 43.67	 46.19	 45.27	 42.82	 46.81	 48.89	 27.60	 27.24	 44.50	 92.82	 40.55	 43.02	 44.84	 41.62	 45.27	 43.04	 26.39	 29.18	 40.03	 44.61	 44.36	 42.67	 43.97	 42.87	 42.59	 44.39	 47.56	 43.51		Ctenosaura_bakeri 14
															  0.00	 50.83	 49.02	 40.26	 47.87	 47.74	 42.72	 19.84	 48.57	 48.23	 45.72	 43.80	 47.71	 42.03	 36.30	 45.57	 47.97	 47.67	 41.75	 50.24	 48.88	 32.22	 33.10	 45.70	106.68	 43.63	 45.91	 46.99	 43.51	 47.60	 44.53	 31.17	 33.09	 43.72	 45.35	 49.23	 42.93	 45.25	 42.43	 46.39	 47.20	 47.43	 45.76		Cyclura_pinguis 15
																  0.00	 33.53	 50.40	 56.77	 53.00	 50.03	 49.92	 33.86	 54.96	 52.96	 52.42	 34.85	 53.15	 52.08	 35.47	 31.31	 33.33	 32.01	 57.81	 55.70	 52.01	 53.09	 31.11	102.57	 51.71	 53.05	 61.05	 27.74	 32.71	 55.20	 50.27	 51.29	 51.97	 56.01	 52.93	 31.68	 58.58	 57.42	 20.56	 55.37	 33.49	 30.44		Daboia_siamensis 16
																	  0.00	 51.03	 62.57	 55.13	 48.81	 48.07	 23.25	 60.19	 54.86	 54.31	 33.80	 54.11	 48.34	 32.05	 28.62	 28.14	 27.36	 57.16	 55.78	 50.44	 52.12	 26.48	117.08	 54.28	 54.42	 59.50	 26.49	 26.61	 54.70	 48.88	 50.41	 51.92	 55.98	 57.47	 22.90	 56.29	 54.86	 30.61	 58.46	 25.93	 24.61		Diadophis_punctatus 17
																		  0.00	 50.70	 50.30	 45.83	 36.10	 50.94	 47.53	 49.26	 48.82	 50.47	 48.40	 41.05	 49.64	 52.10	 51.28	 47.07	 53.28	 53.47	 40.10	 43.02	 49.01	106.39	 49.62	 47.57	 50.30	 45.99	 50.81	 49.73	 42.28	 41.84	 40.47	 47.38	 50.84	 47.75	 45.46	 42.23	 49.04	 46.59	 48.79	 49.17		Elgaria_multicarinata 18
																			  0.00	 50.44	 52.64	 47.62	 58.15	 51.85	 52.79	 50.66	 55.81	 44.59	 50.15	 57.03	 57.86	 60.37	 55.01	 53.39	 53.69	 48.01	 46.37	 59.87	102.27	 49.90	 50.84	 56.95	 55.39	 57.63	 50.06	 48.90	 46.83	 47.98	 52.30	 55.87	 59.78	 56.16	 54.88	 52.24	 50.78	 55.60	 58.20		Eublepharis_macularius 19
																				  0.00	 47.24	 45.51	 57.41	 52.93	 50.29	 50.11	 58.78	 34.84	 46.79	 54.56	 54.58	 54.75	 54.23	 47.05	 54.83	 46.86	 47.75	 54.33	124.66	 49.37	 49.62	 56.78	 50.32	 54.54	 49.91	 47.92	 48.84	 49.65	 42.55	 55.51	 54.37	 54.05	 53.48	 50.14	 54.58	 55.05	 54.08		Gekko_japonicus 20
																					  0.00	 40.11	 47.55	 48.74	 45.39	 44.19	 52.04	 45.82	 40.70	 43.82	 47.00	 49.16	 45.95	 47.02	 49.30	 43.50	 42.25	 48.21	112.47	 45.29	 47.54	 54.12	 45.34	 49.51	 47.46	 43.62	 44.74	 49.08	 46.61	 50.70	 48.94	 52.78	 47.70	 48.66	 45.88	 48.32	 45.76		Hemicordylus_capensis 21
																						  0.00	 47.32	 44.77	 43.54	 42.65	 50.43	 39.13	 34.32	 43.10	 47.97	 47.94	 45.57	 45.89	 49.26	 30.63	 30.61	 47.27	 93.97	 39.98	 43.65	 45.89	 42.59	 49.18	 44.03	 29.66	 28.99	 40.73	 42.76	 46.31	 45.71	 42.58	 41.48	 47.15	 46.45	 48.25	 48.19		Iguana_delicatissima 22
																							  0.00	 57.03	 52.75	 52.57	 31.64	 51.85	 47.78	 31.99	 26.93	 28.06	 27.26	 58.29	 56.20	 49.45	 50.01	 26.21	110.49	 52.98	 53.90	 60.26	 29.04	 25.48	 53.96	 49.13	 48.75	 51.44	 54.21	 55.75	 23.84	 53.48	 55.84	 32.47	 58.42	 25.21	 24.61		Imantodes_cenchoa 23
																								  0.00	 28.83	 27.01	 57.54	 48.85	 46.12	 54.97	 57.78	 58.11	 58.97	 54.67	 53.12	 44.17	 44.28	 55.33	111.56	 31.04	 31.50	 55.49	 53.85	 56.70	 55.43	 45.87	 44.27	 47.63	 53.27	 54.59	 54.21	 52.00	 52.41	 54.60	 31.23	 56.28	 55.41		Lacerta_agilis 24
																									  0.00	  7.13	 54.53	 49.58	 42.82	 50.54	 53.80	 55.61	 55.76	 53.77	 51.23	 44.92	 42.96	 53.00	115.97	 26.53	 27.85	 56.30	 50.40	 52.32	 50.39	 43.48	 43.87	 44.77	 50.96	 53.23	 53.41	 51.06	 51.48	 50.02	 30.21	 54.40	 52.04		Lacerta_bilineata 25
																										  0.00	 54.68	 48.14	 43.23	 49.30	 53.57	 55.27	 53.10	 52.69	 49.91	 43.45	 43.34	 53.62	107.86	 25.12	 25.94	 56.12	 51.15	 51.18	 50.49	 44.29	 43.14	 44.64	 49.61	 52.36	 52.88	 51.04	 51.55	 49.31	 29.19	 52.86	 51.53		Lacerta_viridis 26
																											  0.00	 55.24	 49.48	 33.09	 35.18	 25.28	 24.38	 55.88	 55.84	 48.39	 49.67	 32.94	112.32	 56.87	 57.82	 59.22	 32.38	 33.09	 57.58	 50.11	 51.37	 53.38	 58.15	 56.42	 31.17	 57.12	 56.41	 32.91	 58.94	 33.82	 30.78		Laticauda_colubrina 27
																												  0.00	 43.70	 50.79	 50.20	 52.81	 52.42	 44.46	 52.65	 46.70	 48.93	 52.24	104.17	 47.95	 49.34	 50.69	 49.68	 55.22	 46.93	 44.70	 45.38	 45.48	 42.92	 53.63	 54.23	 52.79	 51.63	 50.77	 49.25	 52.10	 51.30		Lepidodactylus_listeri 28
																													  0.00	 44.89	 49.53	 48.06	 48.38	 48.73	 45.08	 37.94	 35.93	 47.44	122.77	 40.06	 42.23	 49.08	 44.59	 45.32	 42.81	 35.03	 34.37	 38.82	 45.99	 43.59	 47.26	 47.36	 44.80	 47.12	 43.66	 48.96	 45.41		Lerista_edwardsae 29
																														  0.00	 32.31	 30.69	 30.09	 52.98	 51.43	 47.33	 48.26	 30.30	102.88	 49.32	 50.24	 53.64	 28.62	 34.48	 50.97	 46.46	 43.92	 49.61	 50.50	 54.53	 31.58	 50.88	 51.38	 32.77	 55.23	 30.97	 30.31		Morelia_viridis 30
																															  0.00	 30.05	 28.47	 54.79	 55.89	 50.48	 52.44	 28.43	 98.62	 52.48	 53.79	 59.20	 28.97	 29.02	 52.43	 50.22	 50.32	 49.81	 54.05	 58.94	 25.23	 55.39	 55.94	 30.72	 57.65	 31.42	 26.06		Myanophis_thanlyinensis 31
																																  0.00	 21.47	 53.93	 54.54	 50.35	 50.27	 28.77	113.73	 54.50	 54.55	 59.47	 28.65	 31.90	 53.51	 48.70	 49.03	 50.59	 56.24	 58.57	 26.19	 59.69	 55.15	 30.40	 58.16	 31.01	 26.97		Naja_naja 32
																																	  0.00	 55.29	 56.23	 46.87	 48.70	 29.63	103.15	 50.27	 51.99	 58.85	 27.81	 30.11	 55.22	 47.50	 49.12	 50.73	 53.54	 57.29	 24.81	 52.89	 52.36	 31.73	 57.70	 29.97	 26.74		Ophiophagus_hannah 33
																																		  0.00	 54.49	 50.21	 47.26	 57.30	126.73	 55.06	 56.05	 58.92	 52.42	 54.75	 50.86	 47.30	 49.17	 53.07	 47.76	 58.67	 55.69	 56.89	 58.78	 50.24	 56.84	 54.68	 55.90		Paroedura_picta 34
																																			  0.00	 49.42	 48.37	 53.97	116.21	 51.49	 51.53	 48.62	 53.43	 54.80	 53.71	 49.84	 49.35	 48.94	 55.91	 51.82	 55.64	 58.11	 54.33	 51.60	 48.61	 54.97	 53.98		Phrynocephalus_versicolor 35
																																				  0.00	 17.27	 51.64	111.61	 41.97	 41.05	 51.26	 48.96	 50.60	 47.95	 27.01	 27.09	 41.48	 47.82	 50.13	 50.01	 47.50	 46.29	 49.80	 44.98	 46.94	 46.69		Phrynosoma_blainvillii 36
																																					  0.00	 50.38	100.71	 42.74	 43.25	 53.67	 49.46	 46.80	 48.00	 25.72	 25.93	 40.98	 49.46	 48.43	 50.39	 50.01	 48.15	 48.86	 43.21	 49.64	 47.66		Phrynosoma_platyrhinos 37
																																						  0.00	125.79	 50.26	 52.50	 56.07	 28.84	 20.68	 55.99	 46.84	 45.76	 49.98	 54.81	 53.44	 24.76	 58.17	 55.29	 29.31	 57.10	 28.99	 12.95		Pituophis_catenifer 38
																																							  0.00	102.88	116.28	101.63	 99.99	106.69	114.90	115.51	116.73	 91.14	105.52	111.51	108.74	118.89	114.87	 88.39	118.76	106.13	117.11		Plestiodon_gilberti 39
																																								  0.00	 12.15	 54.07	 52.02	 50.94	 48.09	 42.35	 42.00	 43.30	 52.33	 53.54	 52.59	 51.85	 48.87	 52.75	 27.81	 53.36	 49.36		Podarci_raffonei 40
																																									  0.00	 53.80	 53.32	 53.12	 49.62	 44.02	 42.31	 44.00	 54.60	 53.48	 53.43	 51.78	 51.35	 55.67	 28.46	 52.48	 50.49		Podarcis_muralis 41
																																										  0.00	 53.46	 60.31	 52.34	 52.42	 52.92	 52.61	 54.59	 56.82	 59.31	 57.22	 52.89	 56.71	 57.33	 58.78	 56.44		Pogona_vitticeps 42
																																											  0.00	 29.99	 49.62	 48.07	 46.29	 47.59	 49.06	 51.47	 26.43	 52.72	 52.57	 26.05	 54.82	 30.75	 27.20		Protobothrops_mucrosquamatus 43
																																												  0.00	 54.97	 47.11	 47.83	 50.61	 56.61	 55.40	 25.01	 57.33	 54.45	 30.07	 55.08	 29.77	 17.70		Ptyas_mucosa 44
																																													  0.00	 47.58	 49.08	 48.67	 53.60	 50.63	 52.82	 51.63	 50.07	 48.82	 49.74	 53.95	 52.58		Salvator_merianae 45
																																														  0.00	 13.19	 42.49	 45.26	 47.77	 48.45	 45.00	 45.12	 44.11	 46.24	 48.92	 45.90		Sceloporus_occidentalis 46
																																															  0.00	 41.47	 48.35	 48.75	 48.74	 42.61	 45.45	 45.92	 46.68	 48.07	 43.67		Sceloporus_tristichus 47
																																																  0.00	 48.91	 51.08	 48.12	 46.72	 45.07	 47.63	 47.14	 46.82	 49.19		Shinisaurus_crocodilurus 48
																																																	  0.00	 57.66	 52.07	 52.90	 48.86	 49.77	 54.81	 51.68	 57.99		Sphaerodactylus_townsendi 49
																																																		  0.00	 56.72	 56.55	 54.01	 49.12	 50.60	 57.17	 52.07		Sphenodon_punctatus 50
																																																			  0.00	 54.84	 51.98	 29.04	 58.18	 25.73	 22.12		Thermophis_baileyi 51
																																																				  0.00	 25.01	 53.35	 54.11	 55.78	 57.63		Varanus_komodoensis 52
																																																					  0.00	 53.18	 53.64	 54.71	 54.04		Varanus_salvator 53
																																																						  0.00	 54.15	 30.26	 28.45		Vipera_latastei 54
																																																							  0.00	 57.56	 56.22		Zootaca_vivipara 55
																																																								  0.00	 28.46		Thamnophis_elegans 56
																																																									  0.00		Pantherophis_guttatus 57
