Distance Matrix
---------------

Using the Tamura correction method
Using base positions 123 in the codon
Gap weighting is 0.000000

	    1	    2	    3	    4	    5	    6	    7	    8	    9	    10	    11	    12	    13	    14	    15	    16	    17	    18	    19	    20	    21	    22	    23	    24	    25	    26	    27	    28	    29	    30	    31	    32	    33	    34	    35	    36	    37	    38	    39	    40	    41	    42	    43	    44	    45	    46	    47	    48	    49	    50	    51	    52	    53	    54	    55	    56	    57
	  0.00	 60.11	 63.31	 38.27	 56.83	 58.65	 37.07	 36.66	 34.67	 39.02	 26.48	 37.46	 56.90	 54.39	 54.66	 36.82	 34.09	 60.47	 59.69	 61.76	 50.57	 51.18	 35.07	 64.54	 56.53	 57.03	 35.91	 60.31	 52.67	 17.98	 37.47	 36.21	 35.26	 62.92	 53.87	 56.78	 56.06	 37.43	 57.08	 60.18	 59.87	 56.92	 35.01	 37.11	 57.62	 53.52	 53.75	 54.22	 56.90	 64.11	 36.49	 60.92	 55.93	 36.72	 62.02	 33.88	 37.55		Python_bivittatus 1
		  0.00	 34.35	 62.59	 49.34	 49.41	 63.12	 64.80	 62.00	 64.04	 59.43	 61.91	 49.00	 36.37	 38.20	 63.52	 62.13	 48.69	 49.27	 56.00	 46.77	 35.14	 63.28	 54.00	 48.76	 50.33	 64.15	 57.60	 45.39	 64.29	 63.93	 61.73	 62.72	 58.90	 59.20	 40.32	 39.66	 64.15	 42.17	 50.93	 50.72	 53.97	 61.14	 60.74	 52.58	 39.48	 40.05	 48.84	 52.97	 62.35	 63.87	 54.12	 55.47	 63.56	 51.81	 61.20	 64.99		Anolis_carolinensis 2
			  0.00	 64.05	 46.52	 47.00	 59.51	 65.13	 61.45	 61.06	 59.99	 63.70	 42.15	 37.28	 37.30	 63.51	 62.77	 49.69	 49.85	 55.63	 44.82	 36.78	 64.82	 50.81	 47.56	 49.50	 61.26	 54.97	 39.11	 61.29	 62.44	 58.59	 63.29	 57.96	 57.89	 37.68	 38.20	 62.45	 39.69	 43.66	 47.92	 55.02	 60.11	 58.34	 46.40	 37.37	 37.05	 44.95	 52.84	 59.93	 68.60	 53.70	 57.15	 65.35	 47.04	 59.41	 63.70		Anolis_sagrei 3
				  0.00	 59.37	 61.67	 38.05	 34.53	 37.63	 36.93	 40.69	 36.41	 64.08	 63.17	 62.56	 35.59	 26.51	 62.66	 65.21	 63.25	 60.55	 57.70	 28.66	 67.71	 65.55	 65.19	 33.19	 61.71	 60.26	 41.09	 33.43	 31.53	 32.57	 65.53	 58.57	 57.98	 60.40	 18.79	 59.14	 62.71	 65.15	 62.51	 36.67	 20.89	 62.60	 59.23	 60.58	 62.64	 65.91	 63.95	 30.15	 62.67	 63.48	 37.24	 64.94	 28.75	 16.73		Arizona_elegans 4
					  0.00	  9.80	 61.68	 62.22	 59.18	 56.27	 59.95	 63.53	 48.78	 43.58	 45.13	 64.07	 57.55	 47.29	 49.81	 51.47	 47.52	 42.55	 58.96	 53.78	 51.04	 51.36	 57.69	 55.28	 48.80	 55.14	 58.39	 59.01	 62.21	 57.62	 52.43	 46.33	 46.96	 58.01	 44.33	 50.15	 49.51	 53.36	 55.92	 56.58	 25.58	 46.05	 45.14	 48.61	 57.38	 54.28	 63.55	 58.81	 57.96	 60.15	 55.31	 57.81	 58.43		Aspidocelis_tigris 5
						  0.00	 60.33	 64.17	 58.54	 58.34	 60.66	 63.36	 49.58	 44.79	 46.78	 65.60	 59.88	 47.14	 53.92	 53.56	 49.21	 41.75	 58.11	 55.15	 51.31	 52.73	 59.08	 57.41	 52.18	 56.25	 58.43	 59.76	 62.50	 59.88	 51.86	 46.99	 46.46	 59.22	 45.95	 49.37	 50.57	 52.15	 57.02	 55.76	 25.80	 44.93	 45.05	 51.60	 60.81	 54.98	 65.33	 59.51	 62.36	 61.82	 55.27	 58.48	 61.11		Aspidoscelis_marmoratus 6
							  0.00	 37.34	 25.90	 37.79	 37.47	 25.38	 60.53	 54.45	 51.19	 27.15	 35.25	 60.64	 63.75	 58.38	 58.28	 49.78	 35.19	 67.00	 60.28	 59.43	 35.50	 57.46	 55.23	 35.67	 39.10	 34.94	 34.94	 63.25	 57.70	 56.83	 55.82	 36.45	 57.89	 56.64	 61.13	 61.82	 23.89	 33.80	 64.37	 57.46	 53.13	 58.57	 62.80	 64.99	 36.39	 64.38	 63.09	 27.20	 63.09	 35.09	 37.08		Azemiops_feae 7
								  0.00	 39.43	 38.10	 36.85	 39.50	 61.16	 59.53	 59.98	 36.51	 30.82	 60.10	 61.94	 61.10	 57.65	 54.68	 31.53	 69.48	 64.47	 65.10	 36.04	 61.96	 59.84	 37.03	 37.98	 34.24	 36.53	 71.33	 57.64	 58.57	 61.00	 33.99	 59.30	 69.56	 68.88	 63.83	 37.04	 33.70	 66.35	 60.28	 59.44	 61.28	 67.37	 66.62	 34.19	 66.96	 61.00	 38.30	 69.20	 28.38	 34.01		Boaedon_fuliginosus 8
									  0.00	 37.86	 36.71	 23.01	 58.04	 56.23	 52.84	 29.57	 37.24	 62.10	 64.38	 57.24	 61.47	 49.40	 36.05	 68.61	 63.65	 64.21	 35.57	 59.88	 54.91	 33.57	 38.07	 36.85	 33.96	 68.55	 57.75	 58.89	 59.55	 34.96	 59.58	 60.92	 61.69	 58.23	 22.92	 35.95	 60.47	 60.36	 59.69	 62.79	 61.34	 67.71	 36.51	 64.11	 62.32	 31.57	 66.40	 35.83	 36.45		Bothrops_jararaca 9
										  0.00	 38.77	 39.63	 60.47	 61.50	 61.80	 37.67	 30.79	 65.55	 61.90	 66.40	 59.37	 57.16	 34.46	 71.39	 65.16	 65.84	 27.40	 65.44	 58.53	 39.70	 35.13	 24.56	 26.45	 67.17	 60.16	 61.68	 58.74	 34.73	 61.82	 61.96	 66.01	 61.43	 36.58	 33.67	 63.28	 61.39	 59.96	 64.82	 70.22	 70.90	 36.31	 68.73	 67.40	 35.41	 66.94	 34.82	 34.53		Bungarus_multicintus 10
											  0.00	 38.56	 55.40	 53.33	 51.58	 38.56	 36.79	 60.01	 62.12	 60.80	 51.12	 48.77	 34.89	 64.55	 59.35	 58.28	 38.57	 58.96	 52.86	 26.78	 38.19	 36.54	 35.13	 62.91	 59.28	 54.61	 52.96	 38.29	 57.11	 59.67	 60.95	 57.17	 36.69	 38.23	 61.44	 52.21	 53.72	 56.44	 59.55	 66.03	 38.45	 64.75	 57.39	 38.47	 66.24	 32.77	 39.14		Charina_bottae 11
												  0.00	 58.89	 55.39	 54.49	 29.56	 34.74	 61.53	 61.67	 58.72	 64.56	 51.51	 34.05	 66.95	 63.12	 63.17	 33.91	 60.26	 57.68	 38.40	 37.16	 34.39	 31.36	 65.24	 60.59	 58.43	 58.33	 35.56	 60.88	 60.53	 63.85	 62.10	 21.20	 35.47	 66.10	 59.49	 55.96	 61.86	 64.86	 63.99	 35.39	 65.43	 64.98	 28.33	 65.14	 33.55	 36.30		Crotalus_tigris 12
													  0.00	 38.26	 37.72	 60.93	 62.33	 46.64	 49.56	 49.73	 41.23	 34.92	 60.02	 55.74	 51.62	 51.41	 63.18	 56.01	 33.34	 57.80	 59.16	 56.71	 62.36	 57.79	 57.94	 41.20	 41.91	 60.56	 31.26	 48.37	 50.84	 52.36	 54.76	 61.06	 51.13	 39.64	 38.41	 51.18	 47.72	 52.64	 62.78	 55.41	 47.79	 60.35	 53.91	 57.36	 62.17		Cryptoblepharus_egeriae 13
														  0.00	 18.67	 60.38	 61.49	 42.63	 44.61	 50.28	 38.88	 14.90	 56.37	 53.15	 44.77	 44.99	 58.42	 51.83	 35.66	 53.78	 59.92	 56.81	 57.22	 55.02	 54.84	 31.78	 31.49	 59.80	 39.15	 41.88	 46.47	 53.28	 52.90	 56.52	 45.63	 30.43	 31.06	 43.96	 48.97	 56.87	 60.28	 50.12	 45.76	 59.33	 51.05	 56.58	 59.56		Ctenosaura_bakeri 14
															  0.00	 57.09	 60.56	 42.85	 44.39	 49.06	 39.91	 15.97	 57.52	 50.43	 43.01	 43.57	 58.27	 52.99	 34.01	 54.05	 59.06	 56.45	 56.64	 56.44	 54.67	 29.43	 31.01	 58.74	 39.05	 41.48	 44.39	 49.91	 51.55	 54.26	 46.19	 32.14	 31.69	 43.79	 46.40	 58.53	 57.26	 52.76	 49.71	 58.31	 46.02	 54.05	 58.33		Cyclura_pinguis 15
																  0.00	 32.84	 60.34	 62.82	 59.57	 58.47	 54.89	 34.00	 73.25	 65.29	 63.63	 35.03	 61.80	 58.94	 37.35	 36.61	 32.81	 33.44	 65.89	 58.95	 60.58	 64.87	 35.65	 60.70	 63.27	 64.71	 60.13	 27.72	 33.06	 63.91	 60.51	 60.78	 58.14	 63.70	 68.12	 35.32	 64.99	 61.00	 22.60	 68.66	 34.97	 35.71		Daboia_siamensis 16
																	  0.00	 57.90	 61.38	 60.10	 58.62	 53.91	 24.48	 66.98	 64.59	 63.18	 32.93	 61.07	 56.52	 35.27	 31.17	 30.13	 29.62	 68.86	 59.73	 58.83	 58.82	 28.11	 63.31	 61.84	 63.48	 67.42	 32.64	 27.04	 60.81	 56.36	 55.33	 58.39	 63.97	 70.52	 21.45	 67.26	 62.23	 34.92	 65.29	 27.50	 27.45		Diadophis_punctatus 17
																		  0.00	 49.21	 57.78	 49.15	 39.32	 57.98	 57.17	 52.43	 50.59	 59.42	 57.27	 45.83	 59.60	 60.50	 61.51	 63.15	 60.37	 56.13	 47.01	 45.94	 58.54	 43.67	 50.37	 50.95	 59.14	 60.20	 58.56	 48.94	 44.17	 47.00	 42.73	 52.74	 57.94	 61.97	 56.93	 54.05	 60.57	 54.27	 59.38	 61.27		Elgaria_multicarinata 18
																			  0.00	 56.50	 49.46	 41.95	 59.79	 55.21	 53.61	 51.36	 65.36	 51.90	 51.42	 58.41	 60.68	 62.47	 60.92	 53.89	 56.23	 48.28	 49.18	 63.32	 45.98	 51.73	 53.86	 58.85	 59.64	 56.36	 50.34	 47.06	 48.11	 48.99	 54.50	 62.07	 62.11	 55.14	 54.55	 59.73	 56.17	 60.45	 64.28		Eublepharis_macularius 19
																				  0.00	 51.50	 44.08	 59.97	 59.37	 56.78	 57.70	 63.60	 35.36	 52.07	 60.60	 62.21	 63.26	 62.72	 53.39	 63.74	 52.39	 53.55	 62.73	 49.43	 55.80	 57.32	 61.97	 56.56	 58.98	 58.97	 49.38	 52.46	 59.13	 47.21	 65.00	 64.80	 64.16	 60.05	 59.78	 61.39	 59.48	 61.55		Gekko_japonicus 20
																					  0.00	 38.17	 56.50	 51.49	 49.36	 47.54	 59.76	 53.49	 41.00	 52.42	 58.57	 55.70	 56.08	 59.48	 50.06	 42.26	 42.85	 60.97	 37.29	 46.71	 48.62	 54.17	 57.93	 54.32	 48.44	 40.61	 40.84	 47.82	 51.57	 54.76	 63.78	 50.79	 48.99	 58.69	 53.60	 55.12	 59.45		Hemicordylus_capensis 21
																						  0.00	 52.00	 47.85	 41.03	 42.12	 55.21	 48.75	 34.48	 50.21	 51.75	 53.44	 52.59	 50.13	 51.08	 27.47	 29.33	 54.76	 34.81	 40.01	 43.68	 49.80	 50.53	 51.88	 42.00	 28.91	 28.95	 40.67	 44.20	 57.17	 54.86	 46.67	 44.21	 54.49	 45.30	 50.96	 54.82		Iguana_delicatissima 22
																							  0.00	 64.93	 64.40	 64.28	 34.44	 60.06	 56.97	 36.55	 33.56	 33.09	 32.36	 69.42	 61.29	 57.90	 60.10	 27.89	 60.82	 63.05	 64.91	 60.97	 32.73	 28.54	 64.19	 54.62	 56.80	 58.86	 62.54	 67.28	 28.19	 66.64	 61.03	 32.50	 69.26	 28.84	 28.80		Imantodes_cenchoa 23
																								  0.00	 29.67	 29.18	 68.65	 60.54	 50.94	 62.73	 70.72	 69.80	 72.86	 60.03	 64.12	 47.72	 49.55	 63.96	 49.99	 37.61	 36.64	 61.36	 64.47	 66.02	 59.01	 47.16	 51.49	 59.50	 56.01	 68.88	 68.74	 62.46	 59.54	 68.14	 35.78	 64.88	 65.19		Lacerta_agilis 24
																									  0.00	  6.80	 63.65	 57.02	 47.37	 56.61	 63.07	 62.02	 64.88	 55.42	 60.17	 43.43	 44.12	 59.24	 45.84	 29.29	 28.82	 61.56	 58.02	 62.74	 53.68	 45.16	 46.61	 53.11	 50.95	 64.71	 61.78	 53.07	 55.29	 61.32	 31.93	 60.99	 59.00		Lacerta_bilineata 25
																										  0.00	 62.74	 57.00	 46.18	 56.89	 64.65	 62.61	 63.49	 54.81	 61.96	 44.37	 45.92	 60.58	 47.84	 31.01	 30.37	 63.40	 59.24	 63.39	 54.47	 44.85	 46.71	 54.49	 52.71	 65.63	 62.86	 54.62	 53.81	 63.16	 33.26	 62.02	 60.78		Lacerta_viridis 26
																											  0.00	 60.56	 55.50	 35.53	 34.37	 25.08	 25.60	 67.20	 58.67	 59.05	 59.30	 36.35	 61.48	 64.71	 60.84	 61.25	 34.05	 32.14	 64.09	 60.13	 59.44	 61.42	 65.77	 68.85	 32.48	 65.23	 64.10	 35.13	 66.61	 33.10	 33.71		Laticauda_colubrina 27
																												  0.00	 51.58	 58.99	 65.51	 60.18	 59.31	 47.75	 64.44	 55.22	 55.80	 61.90	 52.33	 55.01	 57.53	 62.22	 60.51	 59.63	 59.72	 51.40	 52.42	 57.12	 46.99	 58.94	 61.83	 62.98	 59.10	 62.52	 59.28	 55.28	 61.94		Lepidodactylus_listeri 28
																													  0.00	 51.46	 59.14	 56.10	 57.36	 56.07	 53.18	 36.88	 36.91	 54.94	 28.08	 47.26	 47.97	 52.32	 53.66	 56.38	 49.51	 35.87	 35.21	 44.80	 49.30	 57.62	 57.07	 54.96	 49.73	 58.93	 49.19	 54.35	 56.65		Lerista_edwardsae 29
																														  0.00	 39.86	 37.31	 36.13	 64.39	 56.61	 56.25	 55.46	 38.51	 57.23	 58.40	 56.75	 56.80	 36.20	 36.95	 57.20	 53.93	 52.98	 56.32	 63.03	 63.75	 38.28	 59.76	 58.06	 37.70	 63.56	 34.05	 38.30		Morelia_viridis 30
																															  0.00	 31.48	 32.65	 68.30	 60.92	 61.90	 63.26	 33.43	 61.01	 62.71	 65.07	 60.24	 34.90	 32.78	 64.55	 58.10	 59.03	 58.37	 66.11	 65.11	 34.86	 64.66	 64.26	 41.08	 67.44	 32.32	 32.02		Myanophis_thanlyinensis 31
																																  0.00	 20.77	 65.67	 58.62	 55.82	 57.48	 31.68	 60.01	 61.90	 63.77	 62.54	 34.00	 30.17	 62.81	 57.37	 55.33	 61.64	 64.90	 67.32	 33.53	 62.11	 62.65	 37.53	 65.60	 27.66	 31.07		Naja_naja 32
																																	  0.00	 68.11	 57.28	 64.54	 60.63	 30.87	 61.14	 60.19	 60.55	 65.30	 31.02	 29.15	 65.65	 57.10	 57.32	 62.38	 60.90	 68.98	 31.62	 67.08	 62.37	 33.54	 64.29	 31.38	 31.88		Ophiophagus_hannah 33
																																		  0.00	 63.13	 57.97	 58.61	 63.86	 58.47	 56.05	 58.19	 66.66	 63.59	 63.76	 59.13	 55.04	 55.88	 63.00	 48.54	 65.06	 70.59	 66.74	 64.23	 66.39	 62.83	 62.07	 65.35		Paroedura_picta 34
																																			  0.00	 55.13	 57.04	 55.48	 47.87	 62.57	 60.36	 45.69	 54.47	 53.79	 55.04	 55.54	 56.50	 58.73	 62.81	 60.64	 63.61	 59.35	 59.00	 59.79	 60.53	 56.08	 56.77		Phrynocephalus_versicolor 35
																																				  0.00	 15.51	 60.00	 39.46	 42.23	 44.56	 55.75	 55.41	 56.03	 48.23	 27.19	 28.22	 45.44	 51.30	 58.87	 63.19	 54.20	 53.53	 59.76	 45.56	 55.87	 60.94		Phrynosoma_blainvillii 36
																																					  0.00	 61.86	 37.46	 45.28	 45.16	 57.39	 57.71	 55.26	 49.07	 27.44	 27.84	 45.99	 52.54	 57.40	 65.95	 56.44	 52.93	 61.20	 46.18	 56.15	 61.32		Phrynosoma_platyrhinos 37
																																						  0.00	 55.34	 59.72	 60.08	 64.16	 34.82	 22.38	 60.33	 59.56	 55.45	 62.46	 65.22	 63.79	 28.29	 64.00	 61.83	 36.32	 65.02	 29.78	 11.89		Pituophis_catenifer 38
																																							  0.00	 44.53	 44.62	 50.15	 58.03	 60.31	 48.06	 37.93	 36.01	 47.20	 48.91	 52.96	 63.72	 58.89	 53.43	 59.78	 48.15	 59.10	 58.29		Plestiodon_gilberti 39
																																								  0.00	 11.97	 59.82	 54.37	 59.13	 50.25	 44.82	 45.42	 50.13	 49.47	 66.10	 66.09	 57.00	 57.69	 59.81	 29.50	 60.39	 62.23		Podarci_raffonei 40
																																									  0.00	 62.01	 57.77	 59.98	 53.97	 48.76	 46.86	 53.16	 54.77	 64.27	 66.51	 60.33	 58.42	 63.53	 31.03	 63.09	 63.92		Podarcis_muralis 41
																																										  0.00	 57.97	 60.08	 53.08	 54.18	 55.14	 59.68	 61.81	 68.73	 66.54	 63.22	 56.06	 62.37	 64.86	 57.82	 63.46		Pogona_vitticeps 42
																																											  0.00	 33.38	 58.47	 53.02	 53.70	 58.54	 58.64	 65.73	 34.44	 64.99	 60.26	 28.14	 61.09	 35.20	 35.91		Protobothrops_mucrosquamatus 43
																																												  0.00	 60.43	 53.48	 52.43	 57.86	 62.38	 63.16	 28.07	 61.47	 59.99	 35.15	 63.14	 28.93	 20.86		Ptyas_mucosa 44
																																													  0.00	 44.76	 47.30	 50.48	 56.92	 60.56	 62.50	 61.96	 61.04	 62.39	 54.14	 61.29	 62.89		Salvator_merianae 45
																																														  0.00	 13.61	 46.12	 46.98	 59.45	 58.39	 54.96	 52.32	 60.32	 47.64	 55.20	 58.18		Sceloporus_occidentalis 46
																																															  0.00	 47.10	 48.71	 58.85	 58.49	 55.44	 54.03	 62.30	 48.35	 52.28	 57.55		Sceloporus_tristichus 47
																																																  0.00	 56.34	 58.87	 62.55	 55.62	 52.86	 60.59	 52.43	 57.43	 62.91		Shinisaurus_crocodilurus 48
																																																	  0.00	 65.62	 63.91	 61.35	 61.53	 63.31	 58.52	 61.13	 67.14		Sphaerodactylus_townsendi 49
																																																		  0.00	 70.58	 66.94	 66.63	 67.61	 67.10	 62.59	 64.75		Sphenodon_punctatus 50
																																																			  0.00	 68.98	 63.00	 35.79	 64.46	 27.95	 27.87		Thermophis_baileyi 51
																																																				  0.00	 27.90	 61.77	 61.65	 59.79	 64.91		Varanus_komodoensis 52
																																																					  0.00	 63.24	 60.21	 58.51	 63.25		Varanus_salvator 53
																																																						  0.00	 67.96	 34.78	 39.00		Vipera_latastei 54
																																																							  0.00	 65.34	 64.00		Zootaca_vivipara 55
																																																								  0.00	 28.71		Thamnophis_elegans 56
																																																									  0.00		Pantherophis_guttatus 57
