Distance Matrix
---------------

Using the Tamura correction method
Using base positions 123 in the codon
Gap weighting is 0.000000

	    1	    2	    3	    4	    5	    6	    7	    8	    9	    10	    11	    12	    13	    14	    15	    16	    17	    18	    19	    20	    21	    22	    23	    24	    25	    26	    27	    28	    29	    30	    31	    32	    33	    34	    35	    36	    37	    38	    39	    40	    41	    42	    43	    44	    45	    46	    47	    48	    49	    50	    51	    52	    53	    54	    55	    56	    57
	  0.00	 97.92	112.11	 70.70	123.17	124.12	101.91	122.13	 83.21	101.95	 73.84	 82.28	 98.02	103.57	106.36	 77.17	 88.58	136.18	111.13	132.09	 80.11	123.88	 78.49	102.01	118.72	127.75	 86.31	126.30	119.14	 26.57	 88.95	 92.31	 82.22	142.91	 74.78	 93.62	117.55	 78.07	103.24	114.07	 93.33	125.18	 85.29	 67.18	134.39	130.65	120.75	100.73	 94.01	144.78	 92.24	124.31	120.53	 33.63	 95.35	 90.79	 74.45		Python_bivittatus 1
		  0.00	 43.41	111.18	 51.91	 60.77	109.77	 93.85	102.44	 95.36	119.48	101.47	 58.33	 51.54	 52.82	105.81	 94.21	 67.61	 61.57	 78.68	 71.83	 51.37	 89.41	 46.38	 53.09	 50.48	 91.26	101.05	 56.97	 96.45	 99.30	 88.40	 93.51	 69.66	 71.34	 55.76	 50.83	 99.85	 76.35	 54.28	 51.74	 88.30	115.60	111.50	 62.96	 56.04	 56.44	 60.08	 81.31	 81.71	 99.55	 66.21	 67.42	 47.37	 60.26	123.05	103.49		Anolis_carolinensis 2
			  0.00	114.77	 55.15	 53.64	 90.34	 95.36	135.40	106.67	122.85	106.84	 57.20	 54.30	 46.76	110.83	119.77	 71.12	 67.11	 88.36	 90.23	 56.01	117.12	 62.35	 56.39	 56.56	 79.37	 86.28	 53.32	125.14	 96.66	 84.95	105.91	 82.82	 68.08	 54.17	 45.50	120.10	 60.46	 63.86	 61.22	 74.55	106.65	 94.71	 60.10	 57.36	 48.16	 70.20	 83.26	 82.16	116.43	 66.23	 73.69	 45.98	 69.51	104.12	101.13		Anolis_sagrei 3
				  0.00	111.50	108.20	 63.61	 58.59	 55.53	 55.92	 82.48	 52.95	 94.33	117.09	106.80	 68.85	 51.02	132.79	138.60	 99.14	108.46	126.10	 52.45	123.35	 89.87	 92.50	 64.75	144.98	113.57	 67.18	 59.53	 55.88	 44.03	120.08	101.85	106.84	109.40	 33.76	112.44	 98.69	102.63	 97.12	 50.01	 35.65	113.90	117.47	116.76	117.71	102.83	112.78	 50.93	138.21	122.24	 28.35	124.86	 63.08	 33.28		Arizona_elegans 4
					  0.00	  6.60	 86.23	 75.59	 77.98	104.26	 93.41	 69.80	 60.59	 59.36	 62.26	 93.10	 87.71	 68.60	 64.24	 77.85	 74.75	 63.82	 92.46	 64.60	 58.28	 63.03	 84.68	 83.12	 53.38	110.63	 81.28	 76.40	 83.48	 67.16	 68.29	 60.98	 55.19	 88.38	 72.44	 62.98	 62.90	 70.28	 73.90	106.59	 30.06	 57.74	 53.40	 47.81	 73.60	 78.08	 90.27	 82.01	 78.57	 42.57	 64.27	 97.90	 94.18		Aspidocelis_tigris 5
						  0.00	 86.43	 83.99	 82.03	114.78	 93.39	 74.01	 62.12	 63.95	 65.64	 93.09	 90.02	 73.92	 69.27	 84.06	 78.87	 67.09	 99.84	 64.36	 59.65	 64.64	 89.35	 95.71	 61.23	111.44	 81.11	 79.24	 89.49	 72.53	 68.46	 67.88	 58.48	 95.65	 78.89	 69.27	 64.47	 72.20	 74.09	116.90	 34.45	 60.76	 57.74	 51.86	 75.43	 81.75	 97.15	 77.92	 78.25	 41.03	 65.91	 94.70	104.64		Aspidoscelis_marmoratus 6
							  0.00	 60.76	 49.97	 58.80	 67.41	 43.01	109.77	 93.72	 91.27	 61.57	 43.02	100.62	124.40	108.54	112.43	 97.59	 47.74	132.50	103.91	114.50	 69.57	102.58	 83.83	 71.60	 56.37	 58.19	 52.43	131.94	 80.33	 95.68	 90.71	 53.65	106.21	108.17	101.22	 86.84	 42.24	 45.24	103.99	 91.85	 98.85	101.58	115.66	105.38	 57.91	118.39	123.83	 22.63	125.41	 67.59	 47.72		Azemiops_feae 7
								  0.00	 78.35	 49.06	 76.61	 68.81	103.93	 89.22	 87.31	 64.42	 58.35	109.07	119.45	 91.10	 95.27	 88.54	 55.72	 89.03	 89.77	 83.57	 70.53	116.31	 88.39	 83.56	 47.47	 53.13	 59.67	107.27	 66.63	 91.25	 85.48	 49.85	103.15	 74.28	 92.63	100.98	 74.38	 54.50	 72.32	 88.06	 90.94	 92.16	 91.65	120.49	 54.09	106.20	111.54	 29.83	 95.59	 52.55	 48.12		Boaedon_fuliginosus 8
									  0.00	 74.07	 58.67	 38.44	105.61	116.25	107.48	 60.59	 43.81	 87.92	100.12	129.82	104.95	110.54	 62.40	120.15	101.46	107.04	 75.49	 89.09	 84.29	 67.01	 62.88	 64.57	 57.60	116.31	110.46	105.66	100.20	 49.60	108.02	113.84	105.68	 92.75	 25.22	 51.40	103.74	107.92	130.87	102.28	 99.14	107.55	 55.43	129.82	101.99	 26.39	117.61	 74.83	 44.43		Bothrops_jararaca 9
										  0.00	 65.09	 63.22	 91.87	113.91	114.44	 66.84	 47.96	112.06	115.65	106.01	 97.08	114.56	 52.84	101.04	117.77	112.34	 46.49	145.68	107.47	 79.08	 53.84	 36.66	 33.10	122.38	 82.16	 98.76	 95.11	 52.78	 94.89	 80.16	 98.07	 80.62	 69.14	 46.66	 82.67	115.77	108.08	119.47	 96.65	 91.34	 53.90	113.20	 86.44	 26.72	108.89	 48.30	 48.20		Bungarus_multicintus 10
											  0.00	 59.13	118.98	102.73	117.08	 68.02	 60.68	 78.28	 93.23	133.31	101.08	108.70	 60.38	111.95	128.37	106.59	 68.83	109.30	103.13	 50.04	 78.63	 70.19	 66.04	114.94	 66.52	107.16	102.73	 66.87	 97.93	 98.13	114.38	103.13	 59.54	 70.80	 96.23	 93.74	107.60	108.87	 86.09	104.97	 65.43	117.04	105.69	 29.31	102.63	 64.50	 60.49		Charina_bottae 11
												  0.00	 88.76	111.69	 98.60	 52.33	 44.91	 93.59	110.81	102.86	 90.90	100.01	 52.49	104.86	100.53	104.72	 76.44	 94.17	 85.67	 66.70	 54.73	 58.94	 52.18	114.93	 90.07	 99.81	 96.21	 45.05	 94.52	105.65	100.94	100.50	 34.37	 49.91	 93.09	101.16	117.09	 91.49	112.21	114.51	 54.90	140.48	117.38	 27.59	117.61	 63.18	 39.51		Crotalus_tigris 12
													  0.00	 69.07	 72.64	116.84	 95.53	 76.23	 64.98	 81.77	 79.87	 64.13	100.44	 67.80	 73.45	 75.46	 85.68	 86.75	 61.56	114.84	 99.17	 90.23	 78.25	 74.46	 93.63	 74.61	 87.01	 78.93	 66.29	 59.85	 55.69	 75.08	 88.66	 98.81	 62.36	 72.04	 68.70	 58.49	 67.91	 81.72	 97.38	 67.43	 72.70	 40.52	 73.08	107.16	 81.53		Cryptoblepharus_egeriae 13
														  0.00	 37.25	 98.83	 95.91	 62.76	 78.65	 77.92	 71.63	 22.32	 84.40	 52.79	 57.42	 64.16	 95.23	 64.55	 63.45	102.13	106.26	 84.76	 98.51	 86.06	 72.97	 49.38	 53.53	 92.43	 73.56	 55.59	 64.68	 79.72	103.43	117.89	 70.74	 49.00	 49.22	 64.68	 75.86	 93.16	 95.30	 74.95	 67.35	 46.17	 55.59	112.34	101.46		Ctenosaura_bakeri 14
															  0.00	 94.04	122.31	 51.56	 64.56	 67.44	 79.22	 24.21	114.19	 64.53	 63.36	 58.83	 85.23	 89.20	 57.02	 98.90	 84.06	 84.00	 92.06	 66.01	 76.79	 49.46	 46.84	 96.32	 58.24	 63.14	 71.60	 72.40	103.58	 95.77	 62.60	 54.12	 62.02	 71.25	 70.57	 75.89	 99.05	 76.17	 64.17	 40.53	 74.87	103.31	 94.05		Cyclura_pinguis 15
																  0.00	 59.26	113.60	117.68	104.08	 99.76	115.09	 54.19	114.96	102.48	108.42	 83.51	103.96	 87.56	 61.19	 59.56	 69.62	 64.53	143.45	 72.66	 98.59	 89.59	 63.94	104.35	109.33	117.78	100.75	 62.38	 75.83	 99.28	104.96	109.49	 93.02	 85.16	111.28	 70.02	118.17	118.24	 22.12	 98.54	 71.76	 68.68		Daboia_siamensis 16
																	  0.00	102.85	134.83	103.73	 92.81	112.26	 38.76	100.01	 92.93	104.58	 67.82	101.19	 98.45	 63.31	 49.25	 58.36	 44.07	 98.28	 88.57	 97.05	 95.11	 35.96	100.20	 83.05	 93.20	 91.88	 50.02	 42.45	 88.65	 93.66	 94.23	 98.19	109.29	102.73	 36.89	123.95	103.13	 25.52	 99.39	 61.49	 38.13		Diadophis_punctatus 17
																		  0.00	 74.50	 81.66	 86.30	 54.16	 89.81	 76.94	 73.42	 71.63	 80.17	 82.52	 56.80	100.80	 87.29	 83.78	 95.65	 92.28	 85.03	 73.28	 71.23	 92.00	 74.22	 67.56	 73.26	 88.30	 95.75	109.40	 83.08	 58.58	 67.63	 66.53	 96.99	 97.71	102.31	 78.41	 70.61	 39.46	 72.69	129.69	 96.84		Elgaria_multicarinata 18
																			  0.00	 88.59	 90.62	 64.29	140.40	 69.87	 63.71	 56.25	 99.88	 91.81	 58.63	125.53	127.07	104.57	 98.18	 66.37	 70.18	 73.63	 75.89	128.08	 76.40	 75.36	 72.24	 72.68	108.62	123.70	 69.78	 75.01	 77.32	 73.03	 77.57	 82.37	116.08	 62.83	 67.51	 44.05	 71.81	139.34	118.27		Eublepharis_macularius 19
																				  0.00	 85.34	 70.65	115.08	 89.89	 69.83	 73.57	102.59	 76.74	 74.37	100.46	105.90	108.86	 83.54	102.46	100.56	 84.21	 66.17	101.10	 85.80	 68.62	 79.57	 75.88	114.37	106.35	 84.56	 74.40	 74.51	 67.63	 64.04	 83.69	 99.82	 86.72	 79.68	 54.10	 83.87	 97.62	 89.76		Gekko_japonicus 20
																					  0.00	 87.70	 86.57	 68.60	 78.63	 76.71	 77.61	 76.96	 75.54	 87.17	106.85	 81.16	 83.87	 88.46	 70.71	 92.38	 87.18	 97.85	 69.06	 66.96	 73.20	 94.17	 93.66	114.03	 65.18	 71.88	 89.00	 71.23	 64.61	119.47	105.52	 75.32	 66.89	 37.94	 73.10	100.67	100.53		Hemicordylus_capensis 21
																						  0.00	108.02	 62.72	 63.62	 61.98	 97.81	 84.57	 55.39	111.05	 91.52	 91.63	 99.93	 72.41	 74.46	 47.35	 46.04	 98.42	 65.89	 61.21	 67.80	 74.44	105.74	105.80	 70.47	 41.70	 48.15	 72.45	 65.81	 85.69	 95.33	 67.37	 59.55	 45.23	 72.65	102.45	102.52		Iguana_delicatissima 22
																							  0.00	105.69	119.48	108.64	 71.69	 97.13	 89.39	 66.70	 50.62	 54.99	 51.48	121.54	 74.99	114.42	100.83	 39.97	105.83	 97.05	118.08	 97.30	 64.06	 58.30	113.11	122.42	121.83	 92.12	122.00	119.42	 40.94	105.64	 98.67	 25.50	 97.59	 60.58	 49.38		Imantodes_cenchoa 23
																								  0.00	 27.90	 24.65	100.79	 90.65	 66.40	 97.34	108.86	 98.56	104.69	 76.61	 61.96	 70.05	 73.85	100.73	 80.16	 32.61	 38.53	 82.28	114.45	118.26	 69.25	 71.31	 69.83	 66.42	 77.44	 98.47	103.30	 66.16	 66.38	 41.27	 32.82	107.26	119.46		Lacerta_agilis 24
																									  0.00	  7.98	112.93	 66.78	 57.37	 88.85	119.61	 91.42	 79.89	 86.50	 62.67	 70.48	 64.07	 86.96	 73.46	 29.91	 34.86	 79.47	114.68	101.24	 74.75	 65.09	 63.69	 70.10	 74.68	 91.50	122.17	 79.54	 68.11	 45.13	 35.05	149.57	 95.16		Lacerta_bilineata 25
																										  0.00	 99.40	 73.92	 54.54	 89.70	113.69	 92.73	 82.06	 75.24	 59.51	 68.93	 62.63	 92.65	 75.34	 32.20	 38.93	 81.40	131.96	 99.24	 71.55	 66.81	 68.85	 70.45	 74.65	 84.87	122.94	 71.70	 68.16	 45.44	 40.04	138.55	 98.19		Lacerta_viridis 26
																											  0.00	130.09	 89.17	 78.45	 63.35	 39.26	 36.84	 92.98	 81.49	 80.99	 68.67	 47.41	 66.83	117.84	113.83	 83.53	 67.89	 55.71	 72.13	 73.36	 79.71	 96.63	 88.47	105.14	 57.00	100.73	 92.48	 32.60	136.71	 70.16	 42.95		Laticauda_colubrina 27
																												  0.00	 68.07	102.85	130.97	109.23	109.53	106.93	 84.95	 82.95	 79.18	114.19	 73.04	 80.96	 78.91	 98.49	 90.77	113.42	 85.08	 79.36	 86.92	 76.79	 67.04	 89.68	115.62	 95.76	 77.64	 38.98	 85.03	152.38	114.89		Lepidodactylus_listeri 28
																													  0.00	102.30	 91.73	 80.17	 82.89	 79.26	 79.64	 59.33	 52.18	 79.21	 40.11	 63.38	 66.64	 70.14	 82.15	 99.89	 66.03	 50.37	 50.29	 56.98	 75.97	 86.76	101.26	 71.37	 65.81	 42.36	 68.34	134.22	 80.23		Lerista_edwardsae 29
																														  0.00	 67.51	 77.04	 76.11	137.28	 75.76	 86.25	 88.20	 57.00	100.62	102.81	 96.90	 95.59	 64.94	 56.30	115.89	 92.58	 97.48	 99.86	 93.86	100.85	 65.55	149.72	111.04	 28.41	103.62	 67.69	 60.33		Morelia_viridis 30
																															  0.00	 60.47	 57.63	101.35	 80.95	 89.70	 99.14	 50.32	 95.73	102.81	101.41	 86.39	 57.68	 48.03	 81.86	104.35	111.90	 85.98	107.21	 92.69	 37.26	101.30	 97.11	 22.38	100.38	 56.79	 48.63		Myanophis_thanlyinensis 31
																																  0.00	 25.71	 97.78	 79.44	 80.40	 74.99	 47.77	 70.85	 91.82	 98.68	 79.92	 60.96	 63.84	 69.11	 78.21	 87.37	 84.32	 91.89	 85.89	 52.34	110.46	 81.84	 36.39	106.08	 73.14	 50.60		Naja_naja 32
																																	  0.00	115.66	 80.14	 89.58	 78.06	 47.26	 67.70	 89.61	 92.92	 80.80	 55.01	 53.80	 81.19	 78.59	104.14	 89.34	 89.91	 85.93	 51.84	108.79	 88.14	 31.74	108.67	 64.03	 42.07		Ophiophagus_hannah 33
																																		  0.00	 86.70	 82.76	 91.61	101.82	 83.88	 73.08	 80.96	 80.56	115.19	106.59	 72.56	 92.80	 84.39	 70.97	 74.72	102.16	114.20	 81.88	 74.18	 46.77	 84.57	126.52	111.07		Paroedura_picta 34
																																			  0.00	 87.22	 80.41	 72.53	 80.47	 70.73	 78.52	 80.15	 85.28	 84.10	 70.01	 92.46	 87.40	 73.19	 72.49	106.32	 82.87	 95.41	 92.76	 35.05	 65.58	 99.49	 87.91		Phrynocephalus_versicolor 35
																																				  0.00	 14.98	 86.36	 51.88	 73.66	 67.36	 72.70	108.08	 92.77	 66.43	 37.14	 35.05	 61.53	 70.35	 82.18	109.19	 82.33	 73.19	 44.75	 71.88	105.08	 86.16		Phrynosoma_blainvillii 36
																																					  0.00	 82.86	 49.00	 78.22	 69.43	 67.80	107.33	 93.50	 66.63	 34.83	 34.02	 68.45	 75.70	 86.21	109.97	 73.60	 74.90	 47.81	 77.26	104.20	 92.89		Phrynosoma_platyrhinos 37
																																						  0.00	101.52	 98.20	105.80	103.72	 48.05	 29.08	100.27	 92.38	101.48	 95.68	 99.58	103.49	 35.10	122.55	 99.01	 25.02	107.76	 56.58	 17.92		Pituophis_catenifer 38
																																							  0.00	 76.73	 73.86	 80.03	 96.90	100.94	 74.86	 51.52	 61.85	 70.96	 77.51	 88.07	 99.19	 77.90	 69.01	 48.26	 76.46	128.82	 81.69		Plestiodon_gilberti 39
																																								  0.00	 17.39	 69.23	105.03	115.88	 60.88	 64.98	 65.09	 58.54	 81.23	 79.79	115.63	 61.29	 62.75	 44.48	 30.43	122.99	108.06		Podarci_raffonei 40
																																									  0.00	 80.32	100.99	108.72	 68.21	 63.37	 70.43	 61.80	 81.23	 88.47	110.47	 67.77	 71.05	 44.55	 38.49	148.94	102.85		Podarcis_muralis 41
																																										  0.00	 98.90	 81.60	 70.35	 74.21	 74.33	 83.81	 61.19	 75.95	103.85	 56.43	 56.43	 39.06	 62.57	 95.27	 92.56		Pogona_vitticeps 42
																																											  0.00	 60.84	 93.23	115.78	130.14	 96.24	 99.06	114.54	 51.00	156.79	123.75	 25.39	118.25	 80.08	 45.57		Protobothrops_mucrosquamatus 43
																																												  0.00	 96.00	 93.62	112.63	119.99	 93.30	103.11	 50.22	119.89	 97.44	 26.39	108.85	 47.38	 24.18		Ptyas_mucosa 44
																																													  0.00	 53.33	 55.04	 57.94	 55.69	 77.94	106.81	 80.19	 70.90	 48.66	 73.80	 93.06	 94.90		Salvator_merianae 45
																																														  0.00	 19.12	 59.89	 72.74	 82.02	118.21	 75.10	 62.66	 49.89	 73.34	104.51	 98.16		Sceloporus_occidentalis 46
																																															  0.00	 65.11	 74.91	 74.14	126.55	 81.44	 72.96	 51.56	 66.71	124.15	104.43		Sceloporus_tristichus 47
																																																  0.00	 72.75	 81.98	100.60	 61.83	 71.11	 39.52	 71.69	116.36	105.90		Shinisaurus_crocodilurus 48
																																																	  0.00	 86.43	113.10	 77.84	 60.93	 35.93	 79.29	 99.12	 95.18		Sphaerodactylus_townsendi 49
																																																		  0.00	 99.63	 92.36	 70.43	 42.73	113.71	132.16	101.66		Sphenodon_punctatus 50
																																																			  0.00	116.72	124.67	 29.11	114.06	 54.46	 34.77		Thermophis_baileyi 51
																																																				  0.00	 42.03	 38.25	 66.05	116.85	131.15		Varanus_komodoensis 52
																																																					  0.00	 40.60	 70.89	111.51	 92.37		Varanus_salvator 53
																																																						  0.00	 37.81	 24.49	 28.45		Vipera_latastei 54
																																																							  0.00	105.65	110.92		Zootaca_vivipara 55
																																																								  0.00	 56.44		Thamnophis_elegans 56
																																																									  0.00		Pantherophis_guttatus 57
