Distance Matrix
---------------

Using the Tamura correction method
Using base positions 123 in the codon
Gap weighting is 0.000000

	    1	    2	    3	    4	    5	    6	    7	    8	    9	    10	    11	    12	    13	    14	    15	    16	    17	    18	    19	    20	    21	    22	    23	    24	    25	    26	    27	    28	    29	    30	    31	    32	    33	    34	    35	    36	    37	    38	    39	    40	    41	    42	    43	    44	    45	    46	    47	    48	    49	    50	    51	    52	    53	    54	    55	    56	    57
	  0.00	 53.00	 54.20	 31.65	 69.23	 76.55	 31.36	 31.47	 34.55	 38.95	 27.18	 29.09	 57.62	 60.95	 53.10	 41.98	 29.44	 62.17	 69.65	 69.85	 58.50	 46.69	 29.85	 59.68	 57.53	 59.68	 38.17	 70.40	 53.72	 21.04	 43.81	 34.20	 33.05	 79.41	 86.63	 56.46	 53.17	 34.07	 61.13	 61.33	 65.62	 74.62	 25.21	 36.31	 72.08	 53.09	 53.09	 64.96	 55.86	 64.44	 37.54	 70.92	 64.36	 34.80	 53.15	 35.62	 31.08		Python_bivittatus 1
		  0.00	 31.45	 60.79	 52.01	 51.85	 61.36	 61.72	 66.53	 66.83	 64.81	 60.84	 46.35	 49.58	 39.39	 81.98	 60.60	 42.83	 51.75	 59.26	 47.85	 36.75	 61.10	 55.50	 51.53	 56.51	 65.92	 59.44	 45.14	 58.65	 68.28	 60.46	 68.03	 77.08	 69.20	 36.83	 40.85	 61.28	 45.66	 57.65	 61.26	 69.43	 59.31	 60.39	 56.25	 44.58	 42.52	 40.93	 64.26	 59.54	 66.04	 59.48	 59.95	 64.28	 52.44	 70.30	 59.76		Anolis_carolinensis 2
			  0.00	 60.04	 61.95	 60.67	 62.48	 65.79	 66.96	 71.51	 60.09	 62.49	 49.65	 42.49	 43.95	 67.79	 60.44	 53.18	 54.89	 61.97	 44.86	 39.10	 63.54	 61.98	 49.05	 52.99	 66.30	 56.80	 50.63	 62.54	 66.72	 68.88	 64.06	 69.87	 67.65	 33.17	 33.74	 61.46	 50.00	 50.98	 52.92	 81.91	 62.38	 62.19	 54.63	 45.85	 43.18	 52.84	 53.03	 65.74	 72.31	 46.38	 50.50	 64.48	 50.64	 67.49	 58.87		Anolis_sagrei 3
				  0.00	 69.73	 69.84	 32.05	 25.09	 30.02	 27.09	 37.17	 24.69	 69.32	 58.89	 55.96	 38.98	 22.00	 68.99	 69.99	 70.07	 61.02	 48.06	 21.05	 65.92	 65.47	 64.91	 26.47	 70.59	 62.20	 32.54	 28.67	 27.02	 23.20	 77.13	 79.10	 65.94	 62.91	 14.82	 65.78	 59.80	 63.83	 73.56	 29.30	 19.83	 63.00	 54.73	 54.40	 67.04	 68.64	 66.29	 24.63	 69.94	 61.82	 35.02	 65.98	 22.12	 14.46		Arizona_elegans 4
					  0.00	 14.32	 76.93	 72.85	 81.98	 99.89	 68.75	 66.62	 61.53	 66.02	 51.28	 88.03	 73.88	 48.80	 49.69	 65.57	 49.65	 46.32	 71.66	 64.43	 58.51	 59.78	 85.52	 61.51	 53.11	 68.78	 79.66	 79.92	 76.70	 76.61	 61.71	 63.03	 57.94	 73.74	 58.50	 63.10	 68.17	 59.85	 72.48	 77.52	 30.79	 55.66	 58.52	 58.87	 59.04	 62.56	 78.54	 55.23	 59.94	 73.70	 54.94	 73.61	 79.72		Aspidocelis_tigris 5
						  0.00	 76.27	 71.13	 83.45	 91.54	 66.34	 70.41	 55.59	 65.09	 56.22	 85.13	 75.28	 54.26	 48.15	 62.90	 47.23	 47.05	 74.12	 64.13	 60.16	 57.46	 77.67	 58.97	 45.32	 66.09	 78.47	 84.89	 78.07	 78.62	 59.70	 58.16	 59.25	 73.90	 55.18	 61.86	 65.42	 61.80	 75.41	 74.45	 35.66	 54.17	 55.86	 57.15	 59.04	 61.65	 84.94	 57.91	 58.30	 76.48	 66.79	 72.38	 71.07		Aspidoscelis_marmoratus 6
							  0.00	 30.08	 20.96	 35.36	 36.76	 25.94	 59.81	 58.54	 53.47	 38.86	 25.61	 62.24	 70.97	 69.85	 60.85	 51.14	 33.96	 71.86	 65.97	 65.35	 42.23	 64.30	 57.27	 34.94	 36.60	 37.11	 29.67	 82.76	 94.79	 59.05	 56.94	 32.79	 61.20	 68.19	 69.15	 82.06	 22.59	 33.24	 75.28	 52.60	 50.31	 77.10	 64.41	 74.35	 36.35	 71.79	 58.74	 26.56	 65.32	 34.98	 32.70		Azemiops_feae 7
								  0.00	 36.69	 33.01	 30.69	 29.57	 65.24	 61.75	 61.05	 38.72	 27.23	 65.94	 68.19	 69.48	 62.51	 52.59	 27.98	 75.18	 70.46	 71.09	 29.08	 68.06	 63.65	 30.98	 30.92	 30.49	 30.29	 83.65	 91.08	 60.81	 57.65	 26.19	 68.48	 70.63	 70.71	 75.30	 28.56	 20.57	 76.17	 61.88	 64.44	 75.16	 69.17	 70.28	 26.92	 72.41	 69.06	 31.33	 67.38	 21.32	 25.78		Boaedon_fuliginosus 8
									  0.00	 33.03	 35.66	 16.23	 62.99	 64.93	 61.33	 37.73	 27.31	 66.24	 76.99	 81.61	 65.67	 56.55	 30.55	 85.49	 80.36	 78.39	 37.90	 76.68	 68.07	 32.72	 39.84	 29.35	 29.82	 86.25	 91.64	 69.95	 63.88	 32.55	 67.35	 68.84	 80.40	 83.95	 18.76	 33.08	 71.18	 62.60	 61.85	 78.72	 68.60	 72.98	 36.81	 72.03	 64.44	 22.77	 76.81	 31.14	 33.73		Bothrops_jararaca 9
										  0.00	 40.13	 30.58	 71.40	 69.37	 67.57	 35.99	 32.35	 69.92	 73.00	 76.19	 68.64	 60.09	 27.82	 71.54	 71.13	 70.53	 30.26	 83.47	 70.46	 37.69	 38.66	 34.85	 26.76	 93.13	 90.23	 69.30	 70.62	 33.93	 70.11	 65.93	 70.34	 86.02	 33.38	 33.36	 80.17	 63.62	 63.61	 78.30	 78.70	 71.13	 36.34	 85.29	 69.40	 35.97	 78.05	 29.83	 34.45		Bungarus_multicintus 10
											  0.00	 36.90	 56.81	 63.67	 63.00	 49.76	 36.32	 66.23	 68.28	 62.44	 63.19	 57.12	 35.73	 61.90	 59.76	 63.58	 43.47	 70.42	 57.40	 27.72	 42.88	 38.26	 35.72	 90.20	 87.25	 63.53	 59.32	 36.67	 66.10	 68.09	 70.87	 69.80	 35.02	 38.15	 65.19	 51.57	 54.00	 73.77	 60.07	 70.31	 39.89	 79.08	 61.67	 41.05	 59.26	 38.38	 35.37		Charina_bottae 11
												  0.00	 62.82	 63.97	 53.79	 29.92	 24.72	 59.40	 71.27	 73.10	 65.71	 49.21	 29.27	 75.28	 70.27	 75.46	 33.22	 70.45	 58.92	 30.43	 33.13	 28.02	 25.23	 77.69	 89.38	 60.27	 60.70	 30.44	 59.42	 66.45	 74.81	 78.91	 15.07	 30.48	 75.16	 62.05	 62.29	 75.43	 65.69	 68.61	 29.14	 71.27	 64.69	 22.80	 69.11	 26.38	 31.48		Crotalus_tigris 12
													  0.00	 54.04	 45.40	 84.93	 63.47	 47.79	 52.64	 58.51	 48.08	 38.40	 67.58	 49.56	 46.81	 51.65	 77.67	 47.81	 29.55	 63.20	 74.43	 69.18	 66.52	 66.58	 76.07	 43.90	 45.30	 66.70	 35.05	 52.72	 54.42	 69.50	 67.15	 74.64	 65.25	 40.03	 41.36	 50.73	 49.85	 63.96	 70.12	 62.39	 60.68	 70.00	 52.60	 70.10	 69.57		Cryptoblepharus_egeriae 13
														  0.00	 28.88	 87.55	 67.15	 61.69	 58.69	 61.91	 51.56	 20.89	 72.79	 59.93	 57.35	 59.93	 75.94	 54.75	 58.67	 70.21	 72.40	 80.85	 67.73	 89.02	 80.92	 38.61	 43.37	 72.43	 47.22	 63.09	 60.65	 81.27	 66.65	 73.80	 61.77	 41.37	 44.36	 46.55	 59.74	 65.78	 76.56	 59.59	 45.63	 67.84	 69.58	 75.30	 73.61		Ctenosaura_bakeri 14
															  0.00	 63.84	 64.30	 43.66	 55.79	 57.52	 47.14	 20.48	 55.76	 52.34	 48.04	 49.81	 75.64	 51.27	 42.40	 64.29	 66.64	 60.82	 59.48	 70.04	 86.07	 32.01	 40.75	 63.41	 44.33	 46.58	 53.04	 63.69	 58.19	 61.57	 55.85	 37.70	 42.21	 46.75	 56.88	 55.97	 68.47	 48.60	 53.28	 50.59	 53.39	 67.61	 62.00		Cyclura_pinguis 15
																  0.00	 35.21	 68.92	 82.84	 72.79	 71.60	 56.98	 37.63	 85.14	 77.38	 75.50	 40.11	 82.37	 72.92	 40.82	 43.10	 39.66	 32.16	 91.93	 88.58	 69.71	 69.90	 40.81	 79.33	 79.82	 87.99	 98.36	 37.48	 40.54	 97.00	 68.73	 70.97	 89.16	 80.98	 74.26	 36.31	 76.27	 67.76	 30.32	 78.81	 36.26	 40.43		Daboia_siamensis 16
																	  0.00	 62.16	 73.44	 67.25	 61.28	 55.96	 22.04	 79.46	 73.88	 77.29	 29.92	 65.96	 60.84	 34.30	 28.57	 23.31	 23.21	 90.94	 99.14	 66.82	 63.19	 18.83	 68.90	 75.71	 77.54	 90.94	 26.43	 22.45	 79.40	 65.31	 59.97	 65.57	 69.54	 70.11	 24.55	 74.12	 68.98	 34.62	 71.69	 23.15	 18.21		Diadophis_punctatus 17
																		  0.00	 62.94	 63.20	 41.60	 37.10	 73.87	 58.95	 58.75	 56.19	 72.31	 51.95	 45.31	 61.60	 76.24	 65.88	 64.43	 74.38	 66.21	 41.20	 41.14	 59.20	 46.37	 53.14	 57.51	 61.59	 63.28	 69.53	 57.31	 42.43	 40.91	 44.30	 59.34	 66.19	 67.26	 46.82	 43.75	 62.77	 52.32	 68.49	 64.47		Elgaria_multicarinata 18
																			  0.00	 65.58	 54.33	 48.42	 72.43	 61.02	 55.09	 53.44	 81.84	 60.82	 49.45	 82.64	 78.22	 76.53	 81.22	 73.47	 70.70	 54.93	 48.17	 82.57	 60.33	 60.64	 61.51	 74.28	 77.89	 73.64	 57.33	 50.03	 50.73	 66.13	 51.33	 67.17	 85.37	 57.10	 59.43	 73.17	 55.80	 70.89	 83.34		Eublepharis_macularius 19
																				  0.00	 60.00	 49.69	 69.15	 69.61	 70.52	 72.51	 81.85	 36.51	 53.45	 63.34	 73.57	 74.93	 64.27	 62.88	 66.71	 56.30	 60.24	 64.35	 55.42	 64.07	 70.55	 73.63	 79.90	 70.91	 69.72	 55.20	 51.64	 62.56	 44.77	 62.91	 63.73	 62.33	 60.67	 67.11	 67.77	 73.12	 65.21		Gekko_japonicus 20
																					  0.00	 40.20	 62.71	 57.31	 52.53	 51.90	 76.65	 52.82	 48.21	 61.94	 69.93	 73.75	 68.99	 72.82	 58.45	 43.71	 45.15	 62.29	 48.18	 53.00	 56.28	 64.42	 61.49	 67.76	 52.49	 45.65	 41.58	 48.52	 51.31	 58.93	 68.20	 55.16	 52.79	 63.73	 54.05	 71.35	 62.02		Hemicordylus_capensis 21
																						  0.00	 55.87	 45.08	 39.61	 41.70	 63.93	 48.24	 34.64	 50.35	 69.23	 58.63	 53.81	 57.67	 60.17	 35.36	 32.89	 52.90	 38.76	 43.69	 52.47	 58.80	 53.88	 55.45	 49.31	 32.34	 33.48	 41.50	 47.57	 41.69	 62.13	 40.24	 40.83	 51.42	 44.94	 58.53	 55.35		Iguana_delicatissima 22
																							  0.00	 66.38	 59.29	 61.52	 29.54	 72.23	 59.04	 30.33	 32.52	 25.53	 27.54	 88.94	 93.93	 66.97	 61.70	 24.87	 63.44	 61.66	 68.73	 73.98	 34.22	 29.05	 63.73	 59.46	 56.93	 74.24	 65.71	 74.93	 24.67	 65.42	 61.91	 31.94	 63.21	 26.20	 25.34		Imantodes_cenchoa 23
																								  0.00	 17.45	 20.47	 76.90	 66.73	 45.73	 68.53	 85.45	 77.15	 77.31	 75.36	 72.37	 56.05	 58.38	 71.52	 53.59	 30.82	 30.42	 67.30	 72.47	 77.84	 67.79	 50.86	 50.08	 50.07	 64.60	 65.27	 80.14	 58.26	 61.31	 76.43	 31.02	 75.16	 74.67		Lacerta_agilis 24
																									  0.00	  5.93	 78.01	 64.97	 45.25	 61.63	 75.88	 64.96	 74.35	 73.89	 64.99	 53.16	 54.02	 66.93	 51.90	 23.54	 26.89	 60.70	 68.35	 72.44	 56.22	 41.72	 46.01	 50.92	 59.13	 61.58	 72.85	 56.67	 54.62	 68.86	 25.24	 71.53	 69.13		Lacerta_bilineata 25
																										  0.00	 77.36	 66.84	 50.51	 60.03	 76.29	 70.49	 73.66	 82.38	 64.76	 54.01	 55.74	 65.27	 55.32	 25.12	 28.56	 61.74	 68.77	 69.55	 58.09	 44.56	 46.02	 52.42	 65.58	 62.58	 78.06	 60.10	 54.64	 69.22	 29.49	 75.66	 67.43		Lacerta_viridis 26
																											  0.00	 85.31	 70.14	 38.44	 37.68	 28.92	 25.53	 94.70	 93.37	 74.56	 66.46	 35.33	 72.70	 64.11	 69.48	 83.44	 36.40	 33.11	 83.79	 70.41	 68.74	 69.62	 76.35	 80.02	 31.78	 82.05	 78.42	 36.30	 74.95	 28.78	 31.63		Laticauda_colubrina 27
																												  0.00	 48.96	 66.66	 70.92	 81.59	 71.73	 56.17	 66.40	 47.65	 56.19	 66.94	 51.39	 64.03	 65.95	 63.98	 69.82	 77.33	 61.64	 56.43	 49.29	 61.04	 45.24	 72.63	 75.67	 49.71	 50.44	 65.95	 64.87	 71.17	 65.92		Lepidodactylus_listeri 28
																													  0.00	 56.15	 70.97	 65.53	 61.15	 66.97	 68.07	 45.20	 48.14	 67.16	 29.73	 46.83	 48.65	 68.43	 63.54	 64.48	 60.35	 38.72	 39.49	 48.43	 40.80	 63.83	 72.26	 52.78	 57.43	 65.66	 50.04	 60.40	 62.08		Lerista_edwardsae 29
																														  0.00	 39.93	 36.26	 33.11	 78.10	 67.74	 60.82	 63.27	 31.02	 61.73	 58.21	 66.90	 72.33	 30.99	 35.79	 68.31	 53.06	 52.38	 72.64	 54.98	 64.99	 35.27	 67.19	 63.44	 32.47	 63.83	 34.83	 31.04		Morelia_viridis 30
																															  0.00	 36.33	 32.01	 89.01	114.17	 63.70	 67.32	 28.30	 76.52	 70.13	 82.27	 87.11	 36.93	 28.83	 73.35	 62.24	 65.72	 82.01	 75.05	 87.04	 27.57	 83.24	 64.90	 38.10	 83.44	 31.70	 32.37		Myanophis_thanlyinensis 31
																																  0.00	 22.85	 97.51	100.83	 64.75	 66.24	 28.19	 69.86	 69.75	 80.90	 76.57	 26.45	 29.71	 82.97	 64.15	 70.05	 69.68	 71.51	 79.84	 26.62	 79.33	 75.01	 34.13	 66.49	 26.46	 30.50		Naja_naja 32
																																	  0.00	 92.25	 88.77	 65.30	 59.64	 23.73	 66.47	 66.84	 70.23	 81.10	 26.31	 27.19	 73.85	 62.72	 61.07	 74.18	 68.04	 69.92	 24.72	 80.80	 69.93	 32.19	 72.27	 26.39	 26.42		Ophiophagus_hannah 33
																																		  0.00	 78.66	 82.23	 68.97	 85.43	 69.82	 62.33	 72.28	 76.99	 82.20	 95.78	 80.26	 72.48	 69.11	 85.18	 61.12	 82.50	 83.82	 63.25	 75.49	 76.73	 73.24	 88.91	 88.38		Paroedura_picta 34
																																			  0.00	 82.29	 70.51	 92.68	 74.25	 55.93	 60.74	 50.74	 96.18	101.14	 67.31	 68.29	 64.82	 66.37	 66.79	 78.75	 99.87	 72.15	 77.08	 83.92	 70.04	 89.51	 94.27		Phrynocephalus_versicolor 35
																																				  0.00	 22.32	 67.01	 44.18	 56.71	 51.68	 65.97	 62.79	 61.87	 52.74	 33.48	 32.81	 47.32	 53.40	 55.01	 76.97	 52.56	 48.52	 65.66	 50.51	 71.58	 63.24		Phrynosoma_blainvillii 36
																																					  0.00	 60.32	 42.79	 56.80	 55.20	 67.76	 63.62	 58.31	 49.73	 28.74	 33.37	 46.61	 53.51	 62.89	 69.25	 51.53	 52.34	 59.89	 55.05	 60.17	 61.97		Phrynosoma_platyrhinos 37
																																						  0.00	 69.80	 62.43	 69.55	 76.63	 31.28	 16.79	 63.76	 60.66	 60.39	 71.17	 66.49	 73.29	 23.96	 75.27	 59.30	 35.16	 67.87	 23.56	  9.42		Pituophis_catenifer 38
																																							  0.00	 51.79	 53.48	 88.80	 60.54	 68.25	 61.30	 40.38	 43.25	 46.50	 49.02	 63.59	 76.10	 52.07	 56.06	 61.53	 52.77	 63.06	 65.54		Plestiodon_gilberti 39
																																								  0.00	 12.02	 63.60	 64.07	 60.90	 55.16	 44.47	 48.80	 42.48	 58.17	 59.60	 72.90	 52.21	 53.54	 62.98	 34.62	 69.05	 63.37		Podarci_raffonei 40
																																									  0.00	 67.90	 68.77	 66.94	 54.65	 44.65	 51.28	 47.98	 68.23	 61.57	 84.02	 56.84	 57.83	 73.38	 35.19	 76.27	 64.38		Podarcis_muralis 41
																																										  0.00	 83.32	 86.98	 59.19	 66.76	 68.59	 67.14	 78.08	 86.84	 79.29	 79.63	 75.64	 83.46	 60.04	 83.54	 81.80		Pogona_vitticeps 42
																																											  0.00	 29.95	 79.95	 60.49	 62.85	 74.13	 69.37	 65.67	 29.78	 77.32	 68.16	 29.50	 66.50	 26.85	 31.81		Protobothrops_mucrosquamatus 43
																																												  0.00	 71.39	 59.53	 63.89	 67.38	 68.26	 75.06	 29.76	 75.67	 67.38	 35.86	 72.81	 22.61	 18.40		Ptyas_mucosa 44
																																													  0.00	 46.96	 52.64	 55.21	 67.51	 56.97	 74.93	 58.00	 49.82	 75.31	 58.40	 68.43	 66.85		Salvator_merianae 45
																																														  0.00	 12.36	 43.06	 44.23	 58.36	 65.24	 50.06	 45.73	 60.00	 52.40	 61.01	 58.54		Sceloporus_occidentalis 46
																																															  0.00	 43.67	 42.81	 62.43	 67.30	 47.59	 45.61	 59.92	 51.90	 64.05	 57.25		Sceloporus_tristichus 47
																																																  0.00	 62.63	 59.38	 80.73	 52.31	 51.30	 75.51	 52.54	 77.03	 71.19		Shinisaurus_crocodilurus 48
																																																	  0.00	 73.56	 75.87	 48.27	 53.48	 66.24	 60.69	 69.85	 71.33		Sphaerodactylus_townsendi 49
																																																		  0.00	 73.96	 70.33	 61.80	 71.19	 69.37	 75.22	 72.11		Sphenodon_punctatus 50
																																																			  0.00	 92.72	 70.15	 35.52	 68.07	 20.30	 27.46		Thermophis_baileyi 51
																																																				  0.00	 24.59	 62.61	 53.77	 76.56	 73.83		Varanus_komodoensis 52
																																																					  0.00	 62.68	 57.57	 66.19	 61.77		Varanus_salvator 53
																																																						  0.00	 66.03	 31.92	 36.38		Vipera_latastei 54
																																																							  0.00	 76.74	 74.70		Zootaca_vivipara 55
																																																								  0.00	 23.59		Thamnophis_elegans 56
																																																									  0.00		Pantherophis_guttatus 57
