Distance Matrix
---------------

Uncorrected for Multiple Substitutions
Using base positions 123 in the codon
Gap weighting is 0.000000

	    1	    2	    3	    4	    5	    6	    7	    8	    9	    10	    11	    12	    13	    14	    15	    16	    17	    18	    19	    20	    21	    22	    23	    24	    25	    26	    27	    28	    29	    30	    31	    32	    33	    34	    35	    36	    37	    38	    39	    40	    41	    42	    43	    44	    45	    46	    47	    48	    49	    50	    51	    52	    53	    54	    55	    56	    57
	  0.00	 37.45	 38.20	 25.47	 44.57	 47.19	 25.47	 25.40	 27.34	 29.96	 22.47	 23.97	 40.07	 40.98	 37.45	 31.84	 24.21	 41.95	 44.94	 45.32	 40.45	 35.96	 24.34	 40.45	 39.70	 40.45	 29.59	 45.69	 38.20	 17.98	 32.96	 27.34	 26.59	 48.69	 49.81	 38.95	 37.83	 26.97	 41.57	 41.20	 42.70	 46.74	 21.35	 28.09	 45.69	 37.83	 37.83	 43.07	 39.33	 42.70	 29.21	 45.69	 43.07	 33.33	 37.83	 28.09	 25.09		Python_bivittatus 1
		  0.00	 25.47	 40.45	 37.08	 37.08	 40.82	 40.48	 42.32	 43.07	 41.95	 40.45	 34.08	 36.07	 30.34	 47.94	 40.48	 32.21	 37.08	 40.82	 35.21	 30.34	 40.82	 38.95	 37.08	 39.33	 42.70	 40.82	 33.33	 39.70	 43.82	 40.45	 43.07	 47.57	 44.06	 28.84	 31.09	 40.45	 33.71	 39.70	 41.20	 44.83	 40.07	 39.70	 38.95	 33.33	 32.21	 31.46	 42.32	 40.45	 42.70	 40.82	 41.20	 47.94	 37.45	 43.82	 39.70		Anolis_carolinensis 2
			  0.00	 40.45	 41.57	 40.82	 41.57	 42.46	 43.07	 44.94	 40.45	 41.57	 35.96	 32.24	 32.96	 43.45	 40.48	 37.45	 38.58	 41.95	 33.33	 31.84	 41.57	 41.57	 35.58	 37.45	 43.45	 39.70	 36.33	 41.95	 43.45	 44.19	 42.32	 44.94	 43.68	 26.59	 26.97	 40.82	 35.96	 36.70	 37.45	 49.04	 41.57	 40.82	 38.20	 34.08	 32.58	 37.45	 37.83	 43.07	 44.94	 34.46	 36.33	 47.94	 36.33	 43.45	 39.70		Anolis_sagrei 3
				  0.00	 44.57	 44.57	 25.84	 20.63	 24.34	 22.47	 28.84	 20.97	 44.19	 40.44	 38.58	 29.96	 18.65	 44.57	 44.94	 45.32	 41.20	 36.70	 17.98	 43.07	 42.70	 42.32	 22.10	 45.69	 41.95	 25.84	 23.60	 22.47	 19.85	 47.94	 47.51	 42.70	 41.57	 13.11	 42.70	 40.82	 42.32	 45.98	 23.97	 16.85	 41.57	 38.20	 37.83	 43.45	 44.57	 43.07	 20.60	 44.94	 41.95	 33.33	 43.07	 18.73	 12.73		Arizona_elegans 4
					  0.00	 12.73	 47.19	 45.63	 48.69	 53.56	 44.19	 43.82	 41.20	 43.17	 36.70	 50.56	 46.03	 35.21	 35.96	 43.45	 35.96	 35.96	 45.32	 42.32	 40.07	 40.45	 49.81	 41.57	 37.45	 44.19	 47.94	 48.31	 47.19	 46.82	 41.38	 41.57	 39.70	 45.69	 40.07	 41.95	 43.82	 41.00	 45.69	 47.19	 25.09	 38.95	 40.07	 40.45	 40.07	 41.95	 47.57	 38.95	 41.20	 52.06	 38.58	 45.69	 47.57		Aspidocelis_tigris 5
						  0.00	 46.82	 44.84	 48.69	 51.69	 43.45	 44.94	 38.58	 42.62	 38.95	 49.44	 46.03	 37.83	 35.21	 42.32	 34.83	 36.33	 46.07	 42.32	 40.82	 39.70	 47.57	 40.45	 33.71	 43.45	 47.57	 49.81	 47.57	 47.57	 40.61	 39.70	 40.07	 45.69	 38.58	 41.57	 42.70	 41.76	 46.44	 46.07	 27.72	 38.20	 38.95	 39.70	 40.07	 41.57	 49.06	 40.07	 40.45	 52.81	 43.45	 44.94	 44.94		Aspidoscelis_marmoratus 6
							  0.00	 24.60	 17.98	 27.72	 28.84	 21.35	 40.82	 40.44	 37.08	 28.84	 21.43	 41.57	 45.32	 45.32	 41.20	 38.20	 26.97	 45.32	 43.07	 42.70	 31.84	 43.07	 39.70	 27.72	 28.46	 28.84	 24.34	 49.81	 52.11	 39.70	 39.33	 26.22	 41.20	 44.19	 44.57	 49.04	 19.10	 26.59	 46.44	 37.45	 36.33	 47.19	 43.07	 46.07	 28.46	 45.69	 40.45	 27.72	 43.07	 27.72	 26.22		Azemiops_feae 7
								  0.00	 28.17	 26.19	 25.00	 24.21	 42.46	 41.67	 40.48	 29.76	 22.22	 43.25	 44.05	 44.84	 41.67	 38.89	 23.02	 46.43	 44.84	 44.84	 23.81	 44.44	 42.46	 25.00	 25.00	 24.60	 24.60	 50.00	 50.41	 40.48	 39.68	 21.43	 44.05	 44.84	 44.84	 46.34	 23.41	 17.46	 46.43	 41.27	 42.06	 46.03	 44.44	 44.05	 22.22	 46.03	 44.84	 31.35	 43.65	 18.25	 21.03		Boaedon_fuliginosus 8
									  0.00	 26.22	 28.09	 14.23	 41.95	 42.62	 40.45	 28.46	 22.22	 43.45	 47.57	 49.06	 43.07	 40.45	 24.72	 49.44	 47.94	 47.19	 29.21	 47.57	 43.82	 26.22	 30.34	 23.97	 24.34	 50.94	 50.96	 44.19	 42.32	 25.84	 43.45	 44.57	 48.31	 49.81	 16.10	 26.22	 45.32	 41.95	 41.57	 47.57	 44.57	 45.69	 28.46	 46.07	 43.07	 25.09	 46.82	 25.09	 26.59		Bothrops_jararaca 9
										  0.00	 30.71	 24.72	 44.94	 44.81	 43.45	 28.09	 25.40	 44.57	 46.07	 47.57	 44.57	 42.32	 22.85	 45.32	 44.94	 44.57	 24.34	 49.81	 44.94	 29.21	 29.59	 26.97	 22.10	 52.81	 50.96	 44.19	 44.57	 26.59	 44.57	 43.45	 44.94	 50.19	 26.59	 26.22	 48.31	 42.32	 42.32	 47.19	 48.31	 44.57	 28.09	 50.19	 44.94	 33.71	 47.19	 24.34	 26.97		Bungarus_multicintus 10
											  0.00	 28.84	 39.33	 42.08	 41.57	 35.96	 28.17	 43.45	 44.19	 41.95	 42.32	 41.20	 28.09	 41.57	 40.82	 42.32	 32.58	 45.32	 39.70	 22.85	 32.21	 29.59	 28.09	 51.31	 49.81	 41.20	 40.07	 28.46	 43.07	 43.82	 44.94	 44.83	 27.72	 29.21	 43.07	 37.08	 38.20	 46.07	 41.20	 44.94	 30.34	 48.69	 41.95	 37.08	 40.45	 29.59	 27.72		Charina_bottae 11
												  0.00	 41.95	 42.08	 37.45	 23.97	 20.63	 40.45	 45.69	 46.44	 43.45	 37.08	 23.97	 46.82	 44.94	 46.44	 26.59	 45.32	 40.45	 24.72	 26.59	 23.22	 21.35	 48.31	 50.57	 40.45	 40.82	 24.72	 40.45	 43.82	 46.82	 48.28	 13.48	 24.72	 46.82	 41.57	 41.57	 46.82	 43.45	 44.19	 23.97	 45.69	 43.07	 25.09	 44.57	 22.10	 25.47		Crotalus_tigris 12
													  0.00	 38.25	 33.71	 49.44	 41.67	 35.21	 37.08	 40.45	 35.21	 31.46	 43.82	 35.96	 34.46	 36.70	 47.19	 35.21	 24.34	 42.32	 46.44	 44.57	 43.45	 43.45	 47.51	 32.96	 33.71	 43.45	 27.72	 37.45	 38.20	 45.21	 43.45	 45.69	 42.32	 30.71	 31.46	 36.70	 36.33	 41.95	 44.19	 42.32	 41.57	 50.56	 37.45	 44.19	 44.19		Cryptoblepharus_egeriae 13
														  0.00	 23.50	 50.27	 43.45	 41.53	 40.44	 42.08	 37.16	 18.03	 45.36	 40.98	 39.89	 40.98	 46.99	 38.80	 39.89	 44.81	 45.90	 48.09	 44.26	 51.37	 48.59	 30.05	 32.79	 45.36	 34.43	 42.08	 40.98	 48.59	 43.17	 45.90	 41.53	 31.69	 33.33	 34.43	 40.98	 43.17	 46.99	 40.44	 33.88	 51.91	 44.81	 46.45	 45.90		Ctenosaura_bakeri 14
															  0.00	 41.57	 41.67	 32.96	 38.95	 40.07	 34.46	 19.10	 38.58	 37.45	 35.21	 35.96	 46.44	 37.08	 32.21	 42.32	 43.07	 40.82	 40.45	 45.32	 49.43	 25.84	 31.09	 41.20	 32.96	 34.46	 37.45	 42.53	 38.95	 40.82	 38.95	 29.21	 31.84	 34.46	 39.70	 38.95	 43.45	 35.58	 37.83	 41.57	 37.83	 43.45	 40.82		Cyclura_pinguis 15
																  0.00	 27.38	 43.82	 49.44	 46.44	 45.32	 40.82	 29.21	 49.44	 47.19	 46.44	 30.71	 49.44	 46.07	 31.09	 32.21	 30.34	 25.84	 52.43	 50.57	 44.19	 44.19	 30.71	 47.94	 48.31	 50.19	 53.64	 28.46	 30.71	 52.43	 44.19	 44.94	 50.56	 49.06	 46.44	 28.46	 47.19	 44.19	 29.59	 47.57	 28.46	 30.71		Daboia_siamensis 16
																	  0.00	 41.67	 46.03	 44.05	 41.27	 40.48	 18.65	 47.62	 46.03	 46.83	 24.21	 43.65	 41.27	 26.98	 23.41	 19.84	 19.84	 51.59	 53.25	 42.86	 41.67	 16.27	 44.05	 46.83	 47.22	 50.81	 21.83	 19.05	 47.62	 42.86	 40.48	 42.86	 44.84	 44.44	 20.24	 46.83	 44.84	 32.94	 45.24	 19.44	 15.87		Diadophis_punctatus 17
																		  0.00	 42.32	 42.70	 31.84	 30.71	 46.07	 40.45	 40.45	 39.33	 45.69	 37.45	 33.71	 41.57	 46.82	 43.45	 42.70	 46.82	 43.68	 31.46	 31.46	 40.45	 34.46	 37.83	 39.70	 41.76	 42.32	 44.57	 39.70	 32.21	 31.46	 33.33	 40.82	 43.07	 43.82	 34.46	 32.96	 47.57	 37.45	 44.19	 42.70		Elgaria_multicarinata 18
																			  0.00	 43.45	 38.20	 37.08	 45.69	 41.20	 38.58	 37.83	 49.06	 41.20	 35.96	 49.06	 47.57	 47.57	 49.06	 45.69	 45.21	 38.20	 35.21	 48.69	 41.20	 40.82	 41.20	 45.98	 47.94	 46.07	 39.33	 36.33	 36.70	 43.07	 36.70	 43.45	 49.81	 39.70	 40.82	 52.06	 38.95	 45.32	 49.06		Eublepharis_macularius 19
																				  0.00	 41.20	 37.83	 44.94	 45.32	 45.69	 46.44	 49.44	 28.84	 38.20	 42.70	 46.44	 47.19	 43.07	 42.32	 44.06	 39.33	 41.20	 43.07	 38.95	 43.07	 45.69	 46.74	 48.69	 45.69	 44.19	 38.95	 37.08	 42.32	 33.71	 42.32	 42.32	 42.32	 41.57	 49.81	 44.57	 46.44	 43.45		Gekko_japonicus 20
																					  0.00	 32.58	 41.95	 39.70	 37.45	 37.08	 47.57	 37.83	 35.21	 41.95	 44.94	 46.44	 44.57	 46.07	 40.23	 32.96	 33.71	 41.57	 35.21	 37.83	 39.33	 42.91	 41.57	 43.82	 37.45	 34.08	 31.84	 35.58	 37.08	 40.45	 43.82	 38.95	 37.83	 47.94	 38.20	 45.32	 41.57		Hemicordylus_capensis 21
																						  0.00	 40.45	 35.21	 32.21	 33.33	 44.19	 37.08	 29.21	 37.83	 46.07	 41.57	 39.70	 41.57	 42.53	 29.59	 28.09	 38.95	 31.46	 34.46	 38.58	 42.15	 39.33	 40.07	 37.45	 27.72	 28.46	 33.33	 36.70	 33.33	 43.07	 32.58	 32.96	 43.82	 35.21	 41.57	 40.07		Iguana_delicatissima 22
																							  0.00	 43.45	 40.45	 41.20	 23.97	 46.07	 40.45	 24.72	 25.84	 21.35	 22.85	 51.31	 51.72	 42.70	 40.82	 20.60	 41.95	 41.57	 44.19	 45.98	 26.97	 23.22	 41.95	 40.45	 38.95	 46.07	 43.45	 46.44	 20.60	 43.45	 41.95	 31.46	 41.95	 21.72	 20.97		Imantodes_cenchoa 23
																								  0.00	 15.36	 17.60	 47.19	 44.19	 34.08	 43.82	 49.81	 47.19	 47.19	 46.82	 44.83	 38.95	 40.07	 44.94	 37.83	 24.72	 24.34	 44.06	 45.69	 47.19	 43.82	 36.70	 36.33	 36.33	 43.07	 43.07	 48.31	 40.07	 41.57	 52.81	 24.72	 46.82	 46.07		Lacerta_agilis 24
																									  0.00	  5.62	 47.57	 43.45	 33.71	 41.57	 47.19	 43.07	 46.44	 46.07	 42.53	 37.83	 38.20	 43.45	 37.08	 19.85	 22.10	 41.38	 44.19	 45.32	 38.95	 31.84	 34.08	 36.70	 40.82	 41.57	 46.07	 39.33	 38.58	 50.19	 20.97	 45.32	 44.19		Lacerta_bilineata 25
																										  0.00	 47.19	 44.19	 36.33	 40.82	 47.19	 44.94	 46.07	 48.31	 42.53	 38.20	 38.95	 42.70	 38.58	 20.97	 23.22	 41.76	 44.19	 44.19	 39.70	 33.33	 34.08	 37.45	 43.45	 41.95	 47.57	 40.82	 38.58	 50.19	 23.60	 46.44	 43.45		Lacerta_viridis 26
																											  0.00	 50.19	 44.94	 29.59	 29.21	 23.60	 21.35	 53.18	 52.11	 46.07	 43.45	 27.72	 45.69	 42.70	 44.57	 49.43	 28.46	 26.22	 49.06	 44.94	 43.82	 44.57	 47.57	 47.94	 25.47	 49.44	 48.31	 34.08	 46.44	 23.60	 25.47		Laticauda_colubrina 27
																												  0.00	 35.96	 44.19	 45.32	 49.44	 46.07	 39.33	 44.06	 35.21	 39.33	 44.19	 37.08	 43.07	 43.82	 42.91	 45.32	 47.94	 41.57	 39.33	 35.96	 41.57	 33.71	 46.44	 47.19	 36.33	 36.70	 49.44	 43.45	 45.69	 43.82		Lepidodactylus_listeri 28
																													  0.00	 39.33	 45.32	 43.45	 41.57	 43.82	 44.06	 33.71	 35.21	 43.82	 24.34	 34.46	 35.21	 44.44	 42.32	 42.70	 40.45	 29.96	 30.34	 35.58	 31.46	 41.95	 45.69	 37.83	 40.07	 49.06	 36.33	 41.20	 41.95		Lerista_edwardsae 29
																														  0.00	 30.71	 28.46	 26.59	 48.31	 43.68	 40.82	 41.95	 25.09	 41.57	 40.07	 43.45	 45.98	 25.09	 27.72	 44.19	 37.83	 37.45	 45.69	 38.95	 42.70	 27.72	 44.19	 42.70	 31.84	 42.32	 27.34	 25.09		Morelia_viridis 30
																															  0.00	 28.46	 25.84	 51.69	 56.32	 41.95	 43.45	 23.22	 46.82	 44.94	 48.69	 50.57	 28.84	 23.60	 46.07	 41.95	 43.07	 48.69	 47.19	 50.19	 22.85	 49.44	 43.07	 35.21	 49.44	 25.47	 25.84		Myanophis_thanlyinensis 31
																																  0.00	 19.48	 53.93	 53.64	 42.32	 43.07	 23.22	 44.57	 44.57	 48.31	 47.51	 22.10	 23.97	 49.06	 42.70	 44.57	 44.94	 45.69	 47.94	 22.10	 48.69	 47.19	 32.58	 43.45	 22.10	 24.72		Naja_naja 32
																																	  0.00	 52.81	 50.96	 42.32	 40.45	 20.22	 43.45	 43.82	 44.94	 49.04	 22.10	 22.47	 46.07	 41.95	 41.20	 46.44	 44.57	 44.57	 20.97	 49.06	 45.32	 31.46	 45.69	 22.10	 22.10		Ophiophagus_hannah 33
																																		  0.00	 48.28	 49.06	 44.57	 50.56	 45.32	 41.95	 45.32	 47.51	 49.81	 53.18	 47.94	 45.32	 43.82	 50.19	 41.57	 49.44	 49.81	 42.70	 47.19	 53.56	 45.69	 51.31	 51.31		Paroedura_picta 34
																																			  0.00	 48.28	 44.83	 51.34	 46.36	 39.08	 41.00	 36.02	 52.49	 52.49	 43.30	 44.06	 42.91	 43.30	 44.06	 47.89	 53.64	 45.98	 47.89	 55.17	 44.44	 50.57	 51.72		Phrynocephalus_versicolor 35
																																				  0.00	 18.73	 42.70	 32.96	 39.33	 37.08	 43.30	 41.57	 40.82	 37.45	 26.59	 26.22	 34.83	 37.83	 38.58	 46.07	 37.45	 35.58	 47.94	 36.33	 44.57	 41.57		Phrynosoma_blainvillii 36
																																					  0.00	 40.45	 32.21	 39.33	 38.58	 44.06	 42.32	 39.70	 35.96	 23.60	 26.59	 34.46	 37.83	 41.95	 44.19	 37.08	 37.45	 46.07	 38.58	 40.45	 41.20		Phrynosoma_platyrhinos 37
																																						  0.00	 44.19	 41.95	 44.57	 47.13	 25.09	 14.61	 42.32	 40.82	 40.45	 44.94	 43.45	 45.32	 20.22	 46.82	 40.82	 33.33	 43.82	 19.85	  8.61		Pituophis_catenifer 38
																																							  0.00	 37.08	 37.83	 50.57	 40.82	 43.82	 40.82	 31.09	 32.58	 34.46	 35.96	 41.57	 46.44	 37.45	 39.33	 47.19	 37.45	 41.95	 42.70		Plestiodon_gilberti 39
																																								  0.00	 10.86	 42.53	 42.70	 41.20	 38.58	 33.33	 35.58	 32.21	 40.45	 40.82	 46.07	 37.45	 38.20	 47.94	 26.59	 44.57	 42.32		Podarci_raffonei 40
																																									  0.00	 44.06	 44.57	 43.45	 38.20	 33.33	 36.70	 34.83	 44.57	 41.57	 49.44	 39.33	 40.07	 51.69	 26.97	 46.82	 42.70		Podarcis_muralis 41
																																										  0.00	 49.81	 49.81	 40.61	 43.68	 44.44	 44.06	 48.28	 50.96	 48.28	 48.66	 47.51	 55.56	 41.00	 49.04	 48.66		Pogona_vitticeps 42
																																											  0.00	 24.34	 48.31	 41.20	 41.95	 46.44	 44.94	 43.07	 24.34	 47.94	 44.57	 29.59	 43.45	 22.47	 25.47		Protobothrops_mucrosquamatus 43
																																												  0.00	 44.57	 40.45	 41.95	 43.45	 44.19	 46.07	 23.97	 47.19	 44.19	 33.71	 45.32	 19.10	 15.73		Ptyas_mucosa 44
																																													  0.00	 34.46	 37.08	 38.58	 43.82	 39.33	 46.07	 40.07	 36.33	 52.43	 40.07	 43.45	 43.45		Salvator_merianae 45
																																														  0.00	 11.24	 32.58	 33.33	 40.07	 43.07	 35.96	 34.08	 46.44	 37.45	 40.82	 40.07		Sceloporus_occidentalis 46
																																															  0.00	 32.96	 32.58	 41.57	 43.45	 34.83	 34.08	 46.44	 37.08	 41.95	 39.33		Sceloporus_tristichus 47
																																																  0.00	 42.32	 40.45	 47.94	 37.08	 36.70	 51.69	 37.45	 46.44	 44.94		Shinisaurus_crocodilurus 48
																																																	  0.00	 46.44	 47.19	 35.58	 38.20	 49.44	 41.57	 44.94	 45.32		Sphaerodactylus_townsendi 49
																																																		  0.00	 45.32	 45.32	 41.95	 50.94	 44.57	 46.44	 44.94		Sphenodon_punctatus 50
																																																			  0.00	 52.43	 45.32	 33.33	 44.19	 17.60	 22.47		Thermophis_baileyi 51
																																																				  0.00	 20.60	 47.94	 38.20	 47.57	 46.44		Varanus_komodoensis 52
																																																					  0.00	 47.94	 40.07	 43.82	 41.95		Varanus_salvator 53
																																																						  0.00	 49.06	 31.46	 34.08		Vipera_latastei 54
																																																							  0.00	 47.19	 46.07		Zootaca_vivipara 55
																																																								  0.00	 19.85		Thamnophis_elegans 56
																																																									  0.00		Pantherophis_guttatus 57
