Distance Matrix
---------------

Uncorrected for Multiple Substitutions
Using base positions 123 in the codon
Gap weighting is 0.000000

	    1	    2	    3	    4	    5	    6	    7	    8	    9	    10	    11	    12	    13	    14	    15	    16	    17	    18	    19	    20	    21	    22	    23	    24	    25	    26	    27	    28	    29	    30	    31	    32	    33	    34	    35	    36	    37	    38	    39	    40	    41	    42	    43	    44	    45	    46	    47	    48	    49	    50	    51	    52	    53	    54	    55	    56	    57
	  0.00	 40.95	 42.47	 29.83	 39.64	 40.44	 29.12	 28.92	 27.70	 30.12	 22.24	 29.42	 39.84	 38.58	 38.73	 29.02	 27.30	 41.35	 40.95	 41.96	 36.62	 38.73	 27.91	 43.07	 39.53	 39.74	 28.41	 41.35	 37.71	 15.87	 29.42	 28.61	 28.01	 42.47	 38.22	 39.64	 39.23	 29.32	 39.86	 41.15	 40.95	 39.74	 27.91	 29.12	 40.04	 38.12	 38.22	 38.42	 39.84	 42.87	 28.82	 41.56	 39.33	 31.24	 41.86	 27.20	 29.42		Python_bivittatus 1
		  0.00	 27.30	 41.96	 35.79	 35.79	 42.16	 42.87	 41.76	 42.19	 40.65	 41.86	 35.89	 28.63	 29.73	 42.37	 41.66	 35.59	 35.69	 39.23	 34.49	 29.63	 42.26	 38.12	 35.59	 36.30	 42.57	 40.04	 33.77	 42.47	 42.57	 41.56	 41.96	 40.55	 40.44	 31.04	 30.64	 42.57	 32.06	 36.50	 36.40	 38.12	 41.56	 41.05	 37.41	 30.54	 30.84	 35.59	 37.92	 41.96	 42.67	 38.12	 38.93	 44.69	 36.80	 41.46	 42.87		Anolis_carolinensis 2
			  0.00	 42.67	 34.38	 34.58	 40.75	 43.17	 41.66	 41.28	 41.05	 42.67	 32.15	 29.24	 29.22	 42.47	 42.16	 36.10	 36.00	 38.93	 33.47	 30.64	 42.97	 36.60	 34.98	 35.89	 41.46	 38.73	 30.33	 41.56	 42.06	 40.24	 42.37	 40.14	 39.94	 29.42	 29.73	 41.96	 30.64	 32.86	 34.98	 38.62	 41.15	 40.14	 34.38	 29.22	 29.02	 33.57	 37.82	 40.75	 44.59	 38.02	 39.74	 45.50	 34.48	 40.75	 42.47		Anolis_sagrei 3
				  0.00	 40.65	 41.56	 29.42	 27.40	 29.32	 28.70	 31.14	 28.61	 42.97	 42.44	 42.16	 28.01	 22.14	 42.16	 43.17	 42.47	 41.20	 41.76	 23.56	 44.08	 43.28	 43.07	 26.49	 41.86	 41.15	 31.34	 26.79	 25.48	 26.09	 43.48	 40.24	 40.14	 41.15	 16.08	 40.57	 42.16	 43.07	 42.06	 28.72	 17.80	 42.16	 40.65	 41.15	 42.16	 43.78	 42.67	 24.47	 42.16	 42.67	 31.24	 42.97	 23.66	 14.56		Arizona_elegans 4
					  0.00	  9.00	 41.76	 41.96	 40.75	 39.25	 41.05	 42.67	 35.79	 32.89	 33.77	 42.77	 39.94	 34.88	 36.10	 37.11	 34.99	 34.07	 40.55	 38.12	 36.80	 36.91	 39.94	 38.93	 35.69	 38.83	 40.34	 40.55	 41.96	 40.04	 37.41	 34.38	 34.68	 40.04	 33.33	 36.30	 35.89	 38.02	 39.23	 39.33	 21.54	 34.18	 33.67	 35.49	 40.04	 38.32	 42.67	 40.55	 40.24	 43.48	 38.62	 40.04	 40.24		Aspidocelis_tigris 5
						  0.00	 41.15	 42.77	 40.44	 40.16	 41.35	 42.57	 36.20	 33.50	 34.58	 43.38	 40.95	 34.78	 38.02	 38.12	 35.81	 33.57	 40.14	 38.73	 36.91	 37.51	 40.55	 39.94	 37.31	 39.33	 40.34	 40.85	 42.06	 41.05	 37.11	 34.68	 34.38	 40.55	 34.18	 35.89	 36.40	 37.41	 39.74	 38.93	 21.64	 33.57	 33.57	 36.91	 41.56	 38.62	 43.38	 40.85	 42.16	 44.19	 38.52	 40.34	 41.35		Aspidoscelis_marmoratus 6
							  0.00	 29.12	 21.64	 29.31	 29.32	 21.23	 41.46	 38.58	 37.01	 22.45	 27.70	 41.35	 42.67	 40.34	 40.28	 38.02	 27.81	 43.98	 41.15	 40.75	 28.01	 40.04	 38.93	 28.21	 30.23	 27.70	 27.60	 42.57	 39.94	 39.64	 39.13	 28.51	 40.14	 39.53	 41.46	 41.86	 20.12	 26.90	 42.97	 39.94	 37.92	 40.44	 42.47	 43.17	 28.51	 42.97	 42.57	 24.77	 42.26	 27.91	 28.92		Azemiops_feae 7
								  0.00	 30.43	 29.51	 29.02	 30.54	 41.76	 40.91	 41.15	 28.72	 25.08	 41.15	 41.86	 41.66	 39.98	 40.44	 25.58	 44.99	 42.97	 43.17	 28.41	 42.06	 41.05	 29.12	 29.63	 27.30	 28.61	 45.80	 39.94	 40.44	 41.46	 27.00	 40.71	 44.99	 44.69	 42.77	 29.02	 26.79	 43.78	 41.25	 40.85	 41.66	 44.39	 43.78	 27.20	 44.08	 41.66	 32.05	 44.79	 23.36	 27.00		Boaedon_fuliginosus 8
									  0.00	 29.41	 28.92	 19.51	 40.34	 39.39	 37.82	 24.27	 29.12	 42.06	 42.97	 39.94	 41.71	 37.82	 28.41	 44.69	 42.67	 42.87	 28.11	 41.15	 38.83	 27.00	 29.73	 28.92	 27.10	 44.79	 40.04	 40.55	 40.75	 27.81	 40.85	 41.46	 41.76	 40.34	 19.51	 28.31	 41.35	 41.25	 40.95	 42.26	 41.86	 44.29	 28.72	 42.87	 42.26	 27.81	 43.78	 28.41	 28.61		Bothrops_jararaca 9
										  0.00	 29.92	 30.53	 41.38	 41.75	 41.89	 29.21	 24.95	 43.41	 41.78	 43.81	 40.51	 41.58	 27.28	 45.64	 43.20	 43.41	 22.41	 43.41	 40.37	 30.53	 27.79	 20.39	 21.70	 44.12	 40.87	 41.68	 40.37	 27.48	 41.74	 41.78	 43.31	 41.58	 28.70	 26.77	 42.39	 41.58	 40.97	 43.00	 45.44	 45.33	 28.30	 44.73	 44.32	 30.22	 43.61	 27.59	 27.28		Bungarus_multicintus 10
											  0.00	 30.03	 39.13	 38.07	 37.21	 30.03	 28.92	 41.15	 41.96	 41.56	 36.93	 37.51	 27.81	 43.07	 40.85	 40.34	 29.93	 40.75	 37.82	 22.45	 29.83	 28.72	 27.91	 42.47	 40.75	 38.62	 37.82	 29.83	 39.86	 40.95	 41.46	 39.84	 28.92	 29.73	 41.76	 37.51	 38.22	 39.43	 41.05	 43.68	 29.93	 43.17	 40.04	 32.25	 43.58	 26.49	 30.33		Charina_bottae 11
												  0.00	 40.75	 39.09	 38.62	 24.17	 27.60	 41.86	 41.86	 40.65	 43.03	 38.93	 27.20	 44.08	 42.47	 42.47	 27.10	 41.35	 40.14	 29.93	 29.12	 27.50	 25.48	 43.48	 41.35	 40.44	 40.34	 28.11	 41.56	 41.35	 42.67	 42.06	 18.20	 28.01	 43.78	 40.95	 39.33	 41.96	 43.38	 42.87	 28.01	 43.48	 43.38	 25.68	 43.28	 27.00	 28.51		Crotalus_tigris 12
													  0.00	 29.95	 29.63	 41.66	 42.26	 34.68	 36.20	 36.30	 31.64	 29.63	 41.25	 39.23	 37.21	 37.11	 42.57	 39.43	 26.90	 40.24	 40.85	 39.74	 42.26	 40.24	 40.24	 31.65	 32.05	 41.46	 25.39	 35.49	 36.70	 37.61	 38.83	 41.66	 37.01	 30.74	 30.03	 36.91	 35.29	 37.61	 42.47	 39.13	 35.29	 43.68	 38.22	 40.04	 42.16		Cryptoblepharus_egeriae 13
														  0.00	 16.45	 41.32	 41.73	 32.39	 33.50	 36.55	 30.23	 15.13	 39.49	 37.87	 33.60	 33.71	 40.41	 37.36	 28.32	 38.27	 41.12	 39.70	 39.90	 38.88	 38.68	 25.79	 25.58	 41.02	 30.39	 31.98	 34.42	 37.97	 37.87	 39.49	 34.01	 24.97	 25.38	 33.10	 35.94	 39.70	 41.32	 36.45	 34.21	 43.15	 36.65	 39.59	 40.91		Ctenosaura_bakeri 14
															  0.00	 39.84	 41.35	 32.56	 33.37	 35.89	 30.82	 16.08	 40.04	 36.60	 32.66	 32.96	 40.34	 37.92	 27.30	 38.42	 40.75	 39.53	 39.64	 39.53	 38.62	 24.27	 25.28	 40.55	 30.35	 31.75	 33.27	 36.30	 37.21	 38.42	 34.38	 26.09	 25.78	 33.06	 34.58	 40.44	 39.94	 37.82	 36.30	 42.67	 34.18	 38.42	 40.34		Cyclura_pinguis 15
																  0.00	 26.39	 41.25	 42.26	 40.95	 40.39	 40.55	 27.00	 46.41	 43.28	 42.57	 27.70	 41.96	 40.65	 29.32	 28.82	 26.39	 26.69	 43.68	 40.55	 41.35	 43.07	 28.01	 41.42	 42.47	 42.97	 41.15	 22.95	 26.49	 42.77	 41.35	 41.46	 40.24	 42.87	 44.39	 27.91	 43.28	 41.66	 21.44	 44.59	 27.81	 28.11		Daboia_siamensis 16
																	  0.00	 40.14	 41.56	 41.15	 40.39	 40.04	 20.63	 43.98	 42.97	 42.37	 26.29	 41.56	 39.53	 28.01	 25.38	 24.57	 24.17	 44.89	 40.75	 40.55	 40.44	 23.15	 42.41	 41.86	 42.47	 44.19	 26.29	 22.35	 41.46	 39.33	 38.93	 40.34	 42.97	 45.30	 18.30	 44.08	 42.16	 29.93	 43.17	 22.85	 22.75		Diadophis_punctatus 17
																		  0.00	 35.69	 40.14	 35.91	 32.25	 40.14	 39.74	 37.51	 36.60	 40.75	 39.94	 34.18	 40.95	 41.35	 41.76	 42.47	 41.25	 39.23	 34.78	 34.18	 40.34	 32.77	 36.50	 36.70	 40.75	 41.25	 40.34	 35.79	 33.27	 34.78	 32.36	 37.82	 40.14	 41.96	 39.64	 38.32	 43.68	 38.22	 40.85	 41.56		Elgaria_multicarinata 18
																			  0.00	 39.53	 36.01	 33.77	 40.85	 38.83	 38.02	 36.91	 43.17	 37.31	 37.01	 40.34	 41.35	 42.06	 41.46	 38.22	 39.23	 35.39	 35.79	 42.37	 34.18	 37.11	 38.02	 40.55	 40.95	 39.23	 36.40	 34.68	 35.19	 35.69	 38.62	 41.66	 41.96	 38.83	 38.62	 43.28	 39.03	 41.25	 42.77		Eublepharis_macularius 19
																				  0.00	 37.13	 34.98	 41.15	 40.85	 39.53	 39.94	 42.67	 27.91	 37.41	 41.46	 42.16	 42.57	 42.37	 38.02	 42.67	 37.51	 38.02	 42.26	 35.89	 39.13	 39.74	 42.06	 39.64	 40.65	 40.65	 36.10	 37.61	 40.65	 34.98	 43.28	 43.17	 42.97	 41.25	 43.38	 41.46	 40.95	 41.76		Gekko_japonicus 20
																					  0.00	 31.54	 39.47	 37.03	 35.91	 34.99	 40.79	 38.15	 31.43	 37.54	 40.49	 39.06	 39.27	 40.90	 36.32	 32.15	 32.45	 41.30	 29.18	 34.59	 35.50	 38.35	 40.18	 38.35	 35.50	 31.23	 31.33	 34.99	 37.23	 38.66	 42.73	 36.72	 35.91	 42.73	 37.84	 38.86	 40.69		Hemicordylus_capensis 21
																						  0.00	 39.13	 37.01	 33.27	 33.87	 40.65	 37.51	 29.32	 38.22	 39.03	 39.84	 39.43	 38.22	 38.62	 24.67	 25.88	 40.44	 29.93	 32.66	 34.68	 38.02	 38.42	 39.03	 33.77	 25.68	 25.68	 32.96	 35.09	 41.56	 40.55	 36.40	 35.09	 42.67	 35.49	 38.62	 40.44		Iguana_delicatissima 22
																							  0.00	 43.17	 42.97	 42.87	 27.30	 41.15	 39.74	 28.82	 26.90	 26.49	 25.99	 45.10	 41.56	 40.14	 41.05	 23.05	 41.42	 42.37	 43.07	 41.56	 26.39	 23.46	 42.87	 38.62	 39.64	 40.55	 42.37	 44.08	 23.26	 43.88	 41.66	 28.51	 44.69	 23.86	 23.66		Imantodes_cenchoa 23
																								  0.00	 24.06	 23.76	 44.59	 41.35	 36.70	 42.26	 45.50	 45.10	 46.31	 40.95	 42.67	 35.09	 36.00	 42.67	 36.17	 29.02	 28.51	 41.56	 43.07	 43.48	 40.55	 34.88	 37.01	 40.75	 39.33	 44.59	 44.79	 42.06	 40.95	 46.71	 27.91	 43.17	 43.17		Lacerta_agilis 24
																									  0.00	  6.37	 42.57	 39.74	 34.88	 39.53	 42.47	 41.96	 43.17	 38.93	 41.05	 32.76	 33.16	 40.65	 34.04	 23.86	 23.56	 41.76	 40.24	 42.16	 38.02	 33.77	 34.48	 37.82	 36.80	 43.07	 41.86	 37.92	 39.03	 43.78	 25.38	 41.56	 40.55		Lacerta_bilineata 25
																										  0.00	 42.16	 39.74	 34.28	 39.64	 43.07	 42.16	 42.57	 38.62	 41.76	 33.27	 34.07	 41.15	 35.04	 24.87	 24.47	 42.47	 40.75	 42.37	 38.32	 33.57	 34.48	 38.42	 37.61	 43.38	 42.26	 38.62	 38.32	 44.49	 26.09	 41.96	 41.25		Lacerta_viridis 26
																											  0.00	 41.35	 39.03	 28.11	 27.40	 21.03	 21.33	 44.19	 40.34	 40.44	 40.44	 28.31	 41.56	 42.97	 41.25	 41.56	 27.20	 25.88	 42.77	 41.05	 40.75	 41.56	 43.68	 44.69	 26.09	 43.38	 42.97	 30.03	 43.58	 26.59	 26.79		Laticauda_colubrina 27
																												  0.00	 37.21	 40.75	 43.58	 41.25	 40.85	 35.19	 43.07	 38.93	 39.13	 41.96	 37.45	 38.83	 39.94	 42.16	 41.46	 40.95	 41.05	 37.11	 37.61	 39.64	 34.88	 40.65	 41.96	 42.47	 40.85	 44.49	 40.75	 39.03	 41.96		Lepidodactylus_listeri 28
																													  0.00	 37.11	 40.75	 39.33	 39.94	 39.33	 37.82	 29.02	 29.02	 38.73	 23.26	 34.78	 35.09	 37.41	 38.22	 39.33	 36.10	 28.41	 28.01	 33.57	 36.10	 39.94	 39.84	 38.83	 36.30	 42.97	 35.59	 38.52	 39.53		Lerista_edwardsae 29
																														  0.00	 30.84	 29.22	 28.51	 43.07	 39.43	 39.33	 38.93	 29.93	 39.86	 40.34	 39.53	 39.64	 28.61	 29.02	 39.84	 38.22	 37.82	 39.33	 42.57	 42.67	 29.83	 41.05	 40.34	 31.85	 42.47	 27.30	 29.83		Morelia_viridis 30
																															  0.00	 25.58	 26.29	 44.69	 41.46	 41.96	 42.47	 26.79	 41.56	 42.26	 43.17	 41.25	 27.81	 26.39	 43.07	 40.24	 40.65	 40.34	 43.88	 43.28	 27.70	 43.17	 43.07	 33.77	 44.08	 26.19	 25.88		Myanophis_thanlyinensis 31
																																  0.00	 17.90	 43.58	 40.34	 39.13	 39.84	 25.58	 40.99	 41.86	 42.57	 42.16	 27.20	 24.57	 42.26	 39.84	 38.93	 41.76	 43.38	 44.08	 26.69	 42.06	 42.37	 31.45	 43.28	 23.05	 25.18		Naja_naja 32
																																	  0.00	 44.59	 39.74	 42.97	 41.25	 25.08	 41.56	 41.15	 41.25	 43.28	 25.28	 23.96	 43.48	 39.74	 39.84	 42.06	 41.66	 44.79	 25.38	 44.08	 42.26	 29.12	 42.77	 25.48	 25.68		Ophiophagus_hannah 33
																																		  0.00	 42.47	 40.14	 40.44	 42.77	 40.43	 39.33	 40.24	 43.98	 42.77	 42.67	 40.75	 38.83	 39.23	 42.47	 35.69	 43.28	 45.60	 44.08	 43.07	 46.21	 42.16	 42.06	 43.38		Paroedura_picta 34
																																			  0.00	 38.73	 39.53	 38.83	 35.04	 42.06	 41.05	 33.97	 38.52	 38.02	 38.73	 38.93	 39.33	 40.34	 42.47	 41.25	 42.67	 40.75	 40.65	 43.28	 41.05	 39.23	 39.43		Phrynocephalus_versicolor 35
																																				  0.00	 13.65	 40.95	 30.50	 32.15	 33.37	 39.13	 39.03	 39.13	 35.39	 22.65	 23.36	 33.87	 37.11	 40.55	 42.57	 38.42	 38.12	 43.28	 33.87	 39.23	 41.35		Phrynosoma_blainvillii 36
																																					  0.00	 41.66	 29.36	 33.77	 33.67	 39.84	 40.04	 38.73	 35.79	 22.75	 23.05	 34.07	 37.71	 39.84	 43.58	 39.33	 37.82	 43.88	 34.18	 39.33	 41.46		Phrynosoma_platyrhinos 37
																																						  0.00	 38.72	 40.85	 40.95	 42.77	 27.60	 18.91	 41.15	 40.75	 38.93	 42.06	 43.48	 42.57	 23.26	 42.77	 41.96	 30.74	 42.97	 24.37	 10.82		Pituophis_catenifer 38
																																							  0.00	 33.33	 33.33	 36.31	 40.28	 40.99	 35.18	 29.65	 28.51	 34.75	 35.89	 37.73	 42.55	 40.43	 37.87	 43.26	 35.04	 40.71	 40.14		Plestiodon_gilberti 39
																																								  0.00	 10.82	 40.95	 38.52	 40.55	 36.40	 33.57	 33.87	 36.30	 36.10	 43.58	 43.68	 39.74	 40.14	 43.28	 23.56	 41.25	 41.96		Podarci_raffonei 40
																																									  0.00	 41.76	 40.04	 40.85	 38.02	 35.49	 34.58	 37.61	 38.52	 42.77	 43.78	 41.15	 40.44	 44.79	 24.47	 42.37	 42.57		Podarcis_muralis 41
																																										  0.00	 40.24	 41.05	 37.92	 38.42	 38.83	 40.85	 42.06	 44.79	 43.88	 42.37	 39.33	 44.39	 42.97	 40.14	 42.47		Pogona_vitticeps 42
																																											  0.00	 26.69	 40.44	 37.92	 38.22	 40.44	 40.65	 43.58	 27.40	 43.28	 41.35	 25.48	 41.56	 28.01	 28.31		Protobothrops_mucrosquamatus 43
																																												  0.00	 41.15	 37.92	 37.41	 40.04	 42.26	 42.26	 23.05	 41.66	 41.15	 30.03	 42.16	 23.76	 17.90		Ptyas_mucosa 44
																																													  0.00	 33.57	 34.88	 36.50	 39.84	 41.25	 42.26	 41.96	 41.66	 44.49	 38.12	 41.66	 42.26		Salvator_merianae 45
																																														  0.00	 12.13	 34.18	 34.88	 40.75	 40.34	 38.83	 37.61	 43.58	 34.88	 38.93	 40.14		Sceloporus_occidentalis 46
																																															  0.00	 34.68	 35.79	 40.44	 40.44	 39.03	 38.42	 44.39	 35.19	 37.51	 39.84		Sceloporus_tristichus 47
																																																  0.00	 39.53	 40.44	 42.26	 38.93	 37.71	 43.58	 37.41	 39.94	 42.26		Shinisaurus_crocodilurus 48
																																																	  0.00	 43.58	 42.97	 41.86	 41.96	 44.99	 40.34	 41.76	 44.29		Sphaerodactylus_townsendi 49
																																																		  0.00	 45.50	 43.88	 43.88	 46.61	 43.88	 42.16	 42.97		Sphenodon_punctatus 50
																																																			  0.00	 44.89	 42.57	 30.43	 42.97	 23.15	 22.95		Thermophis_baileyi 51
																																																				  0.00	 22.75	 44.19	 41.76	 41.05	 43.07		Varanus_komodoensis 52
																																																					  0.00	 44.89	 41.25	 40.55	 42.57		Varanus_salvator 53
																																																						  0.00	 46.51	 30.03	 32.25		Vipera_latastei 54
																																																							  0.00	 43.28	 42.57		Zootaca_vivipara 55
																																																								  0.00	 23.66		Thamnophis_elegans 56
																																																									  0.00		Pantherophis_guttatus 57
