Distance Matrix
---------------

Uncorrected for Multiple Substitutions
Using base positions 123 in the codon
Gap weighting is 0.000000

	    1	    2	    3	    4	    5	    6	    7	    8	    9	    10	    11	    12	    13	    14	    15	    16	    17	    18	    19	    20	    21	    22	    23	    24	    25	    26	    27	    28	    29	    30	    31	    32	    33	    34	    35	    36	    37	    38	    39	    40	    41	    42	    43	    44	    45	    46	    47	    48	    49	    50	    51	    52	    53	    54	    55	    56	    57
	  0.00	 36.62	 38.71	 29.27	 39.63	 39.25	 26.16	 30.82	 29.39	 29.37	 23.06	 30.14	 37.69	 32.74	 32.99	 29.15	 27.96	 37.34	 42.22	 41.76	 39.73	 32.56	 27.72	 38.41	 38.11	 38.77	 31.12	 40.93	 36.66	 15.89	 27.96	 28.38	 28.08	 42.82	 42.14	 34.95	 35.56	 29.21	 38.71	 37.69	 37.40	 41.20	 28.55	 28.91	 39.90	 34.29	 35.42	 38.89	 40.80	 41.11	 27.65	 37.87	 38.05	 30.38	 39.31	 28.28	 27.54		Python_bivittatus 1
		  0.00	 24.43	 41.04	 37.58	 37.63	 37.93	 39.37	 40.32	 39.06	 36.32	 38.76	 35.48	 29.03	 28.21	 38.83	 39.61	 34.47	 36.96	 36.68	 33.63	 29.75	 38.95	 34.89	 34.29	 34.65	 41.16	 37.10	 33.07	 36.26	 39.55	 39.73	 38.17	 39.71	 40.99	 27.89	 28.11	 38.65	 34.05	 34.71	 33.45	 41.56	 37.81	 38.83	 38.47	 32.02	 31.42	 33.45	 38.71	 39.62	 39.50	 35.66	 36.08	 40.50	 34.83	 38.75	 38.89		Anolis_carolinensis 2
			  0.00	 40.08	 37.34	 36.92	 40.80	 40.80	 41.64	 40.97	 36.56	 41.51	 34.11	 28.79	 28.39	 40.26	 40.38	 33.03	 35.59	 37.87	 32.92	 29.15	 39.61	 33.87	 34.95	 35.36	 41.58	 36.68	 32.06	 37.63	 39.67	 40.86	 38.95	 39.77	 41.29	 26.93	 27.69	 38.83	 33.63	 34.59	 32.62	 43.06	 40.74	 39.43	 36.68	 29.93	 28.67	 33.21	 38.77	 40.04	 40.28	 34.47	 35.30	 41.76	 34.59	 40.01	 39.43		Anolis_sagrei 3
				  0.00	 41.37	 41.22	 27.06	 27.42	 28.43	 25.42	 30.47	 28.53	 40.50	 37.28	 37.90	 30.47	 23.95	 40.38	 42.22	 43.01	 39.96	 38.59	 23.24	 41.16	 40.68	 41.34	 27.42	 44.40	 39.41	 28.26	 26.05	 27.42	 25.81	 45.57	 42.81	 37.64	 38.20	 16.31	 40.20	 39.78	 39.55	 44.02	 27.48	 19.35	 40.20	 37.63	 38.59	 41.94	 44.15	 43.93	 23.64	 40.74	 40.86	 29.98	 40.44	 26.29	 15.65		Arizona_elegans 4
					  0.00	 10.28	 41.79	 41.61	 42.09	 42.08	 40.65	 42.26	 38.54	 34.58	 34.48	 41.85	 42.69	 36.32	 37.21	 40.17	 37.22	 34.34	 39.57	 39.03	 38.97	 39.03	 43.24	 39.46	 37.40	 39.51	 40.35	 39.63	 41.25	 41.96	 41.33	 34.46	 34.52	 41.61	 38.06	 37.58	 36.92	 43.11	 42.09	 42.51	 25.74	 36.92	 37.10	 38.97	 40.95	 43.25	 40.48	 38.36	 38.12	 42.12	 39.63	 41.31	 40.53		Aspidocelis_tigris 5
						  0.00	 40.56	 41.88	 41.16	 41.75	 39.78	 41.33	 37.40	 33.69	 33.53	 40.80	 42.65	 36.20	 36.66	 39.61	 37.10	 33.81	 39.13	 38.35	 37.63	 38.53	 42.83	 39.92	 37.02	 39.55	 39.55	 38.89	 40.20	 41.09	 42.14	 33.93	 32.61	 41.52	 37.16	 37.87	 37.46	 41.86	 41.16	 41.64	 24.49	 35.72	 36.50	 39.13	 40.32	 42.97	 39.50	 37.87	 37.75	 40.97	 38.83	 40.25	 40.62		Aspidoscelis_marmoratus 6
							  0.00	 28.38	 22.16	 27.87	 28.79	 21.35	 39.73	 37.57	 37.24	 21.68	 25.45	 39.13	 42.70	 41.46	 40.44	 36.98	 25.45	 40.26	 40.14	 40.80	 30.05	 42.49	 39.59	 26.94	 25.81	 27.42	 26.82	 44.68	 42.56	 38.06	 37.48	 26.05	 39.61	 40.20	 39.84	 42.22	 18.70	 27.00	 40.86	 37.10	 37.51	 39.67	 41.16	 41.89	 25.31	 39.84	 39.90	 23.00	 39.73	 26.11	 25.45		Azemiops_feae 7
								  0.00	 30.41	 29.25	 31.42	 29.90	 39.84	 39.13	 40.53	 29.33	 26.11	 41.64	 42.05	 41.82	 41.22	 39.31	 26.40	 41.76	 42.00	 41.46	 29.33	 43.21	 39.95	 30.59	 28.97	 28.61	 28.61	 46.23	 43.83	 39.14	 39.16	 25.33	 41.34	 41.88	 41.40	 43.36	 29.87	 27.90	 40.02	 39.19	 39.43	 41.22	 42.83	 43.75	 26.33	 40.68	 39.37	 30.69	 41.28	 24.55	 26.22		Boaedon_fuliginosus 8
									  0.00	 30.98	 29.51	 20.33	 40.38	 37.40	 36.76	 25.57	 27.96	 40.86	 42.11	 41.34	 39.73	 37.04	 27.48	 40.14	 39.01	 39.90	 30.94	 42.85	 40.79	 28.49	 27.54	 28.79	 28.20	 45.22	 43.77	 38.24	 38.62	 29.51	 40.02	 40.56	 39.61	 43.18	 18.70	 29.15	 41.76	 37.22	 38.11	 41.82	 40.92	 43.33	 26.63	 40.26	 40.98	 25.59	 40.02	 29.36	 28.26		Bothrops_jararaca 9
										  0.00	 30.26	 29.82	 41.03	 37.08	 38.78	 29.49	 25.96	 41.27	 42.28	 43.42	 40.55	 38.70	 24.64	 39.23	 38.10	 38.46	 24.34	 43.20	 39.40	 30.20	 26.26	 23.03	 21.77	 45.87	 44.13	 38.77	 38.18	 26.61	 40.55	 39.11	 39.06	 43.17	 28.35	 26.32	 41.39	 37.86	 39.35	 41.27	 42.64	 43.32	 26.72	 41.03	 41.57	 30.50	 40.55	 27.29	 27.03		Bungarus_multicintus 10
											  0.00	 30.44	 36.50	 34.35	 35.21	 30.53	 29.45	 36.56	 40.91	 40.98	 38.77	 35.07	 27.00	 38.47	 37.57	 37.63	 31.60	 40.51	 35.89	 22.82	 29.27	 29.57	 29.27	 43.84	 41.17	 35.61	 35.86	 29.75	 39.31	 38.83	 39.07	 41.74	 29.69	 30.11	 39.43	 35.60	 34.77	 38.71	 39.49	 41.65	 28.90	 36.86	 37.34	 31.24	 38.05	 29.60	 28.91		Charina_bottae 11
												  0.00	 39.47	 36.48	 36.92	 25.42	 27.45	 39.47	 41.86	 42.22	 40.01	 36.24	 27.75	 40.25	 39.95	 40.61	 31.76	 42.36	 39.34	 29.43	 28.11	 28.71	 27.27	 45.57	 43.70	 39.19	 38.60	 27.93	 40.31	 40.55	 40.73	 42.15	 19.80	 27.99	 41.39	 36.90	 37.86	 40.79	 40.43	 42.84	 26.66	 40.67	 39.89	 26.26	 41.09	 28.25	 27.21		Crotalus_tigris 12
													  0.00	 30.94	 30.19	 40.26	 40.20	 32.80	 35.65	 33.81	 29.81	 30.05	 38.41	 32.26	 32.20	 33.39	 41.64	 33.39	 25.90	 35.54	 39.07	 40.80	 38.59	 38.22	 43.53	 32.32	 32.25	 39.90	 27.54	 32.97	 33.75	 41.74	 40.14	 41.28	 37.04	 31.06	 32.14	 33.21	 34.95	 39.44	 38.78	 34.41	 34.29	 39.25	 34.23	 39.11	 39.37		Cryptoblepharus_egeriae 13
														  0.00	 17.21	 38.77	 37.75	 29.75	 35.17	 35.78	 31.42	 15.41	 36.14	 31.60	 31.78	 32.38	 40.08	 35.37	 28.17	 33.15	 37.10	 36.80	 34.77	 39.89	 39.24	 26.21	 26.31	 37.81	 32.56	 31.90	 31.30	 39.52	 38.41	 37.40	 35.60	 26.70	 27.30	 32.68	 36.14	 38.66	 35.01	 33.33	 32.92	 36.81	 32.92	 35.92	 37.22		Ctenosaura_bakeri 14
															  0.00	 39.03	 38.25	 29.83	 33.93	 35.51	 31.20	 15.84	 36.64	 31.50	 31.50	 32.04	 41.06	 35.45	 29.08	 33.23	 37.48	 37.24	 36.04	 38.96	 40.11	 25.51	 25.60	 37.24	 31.50	 31.68	 31.50	 40.50	 36.58	 37.30	 34.37	 26.42	 26.66	 31.74	 34.67	 38.56	 36.65	 33.53	 33.17	 38.15	 33.71	 36.85	 37.06		Cyclura_pinguis 15
																  0.00	 28.38	 39.07	 42.70	 42.41	 41.16	 39.19	 27.72	 41.10	 40.62	 41.04	 31.96	 42.43	 39.83	 29.27	 29.15	 29.93	 28.20	 45.04	 44.50	 38.12	 38.14	 28.38	 40.14	 41.52	 41.16	 43.72	 24.01	 29.33	 40.98	 37.69	 37.99	 39.78	 42.77	 43.03	 28.96	 40.98	 40.80	 22.14	 40.20	 28.46	 28.32		Daboia_siamensis 16
																	  0.00	 39.78	 41.87	 42.47	 40.86	 38.29	 19.95	 40.80	 40.86	 41.28	 26.22	 42.91	 38.16	 27.42	 25.63	 25.27	 25.09	 45.33	 43.35	 37.16	 37.96	 23.72	 39.25	 40.38	 40.14	 43.00	 27.00	 24.07	 42.35	 37.51	 36.44	 41.34	 41.28	 43.87	 19.45	 41.22	 40.44	 28.10	 41.16	 23.83	 21.92		Diadophis_punctatus 17
																		  0.00	 35.59	 36.56	 34.17	 30.23	 38.53	 33.99	 32.97	 33.51	 41.82	 36.80	 30.44	 37.40	 39.07	 40.50	 38.71	 40.43	 41.11	 30.28	 30.03	 40.92	 33.69	 34.11	 33.63	 42.40	 39.61	 40.26	 35.42	 33.03	 32.74	 29.51	 36.80	 39.62	 39.14	 33.21	 33.51	 39.72	 34.29	 39.23	 38.71		Elgaria_multicarinata 18
																			  0.00	 37.20	 35.59	 34.51	 42.11	 36.60	 36.72	 37.14	 43.90	 35.17	 32.75	 40.79	 41.57	 42.88	 41.63	 40.84	 39.77	 35.11	 34.82	 40.25	 34.63	 36.42	 35.29	 43.90	 41.93	 41.87	 37.38	 35.59	 35.47	 37.92	 34.27	 40.08	 41.04	 38.94	 39.29	 43.01	 36.36	 40.30	 40.31		Eublepharis_macularius 19
																				  0.00	 35.72	 35.90	 41.82	 37.10	 37.34	 37.81	 44.80	 29.32	 34.57	 39.67	 41.64	 43.73	 42.29	 37.98	 43.17	 35.85	 35.92	 42.89	 34.53	 38.89	 38.41	 43.42	 41.76	 42.89	 39.31	 36.86	 36.56	 37.57	 34.29	 41.05	 42.13	 37.28	 38.17	 41.92	 38.29	 41.22	 40.68		Gekko_japonicus 20
																					  0.00	 31.54	 39.25	 33.99	 33.27	 33.63	 41.70	 34.23	 30.62	 37.99	 39.73	 39.31	 39.78	 39.35	 41.23	 33.69	 32.61	 39.90	 30.11	 33.63	 33.57	 40.66	 40.08	 40.26	 35.84	 33.33	 34.17	 33.03	 36.26	 39.02	 40.51	 35.48	 35.84	 39.32	 33.69	 39.83	 39.37		Hemicordylus_capensis 21
																						  0.00	 36.44	 31.66	 32.20	 32.92	 40.50	 34.59	 28.89	 33.15	 36.86	 37.81	 36.20	 39.00	 39.30	 26.45	 26.73	 37.99	 31.54	 31.84	 31.60	 40.24	 37.69	 37.93	 35.19	 27.36	 27.48	 32.44	 34.17	 38.66	 36.45	 32.86	 33.21	 37.60	 34.05	 35.86	 37.10		Iguana_delicatissima 22
																							  0.00	 40.20	 38.47	 39.19	 26.94	 42.01	 37.08	 26.94	 25.21	 24.31	 23.60	 44.02	 42.62	 35.49	 35.80	 22.34	 38.47	 39.55	 39.73	 41.86	 27.12	 23.30	 39.19	 36.26	 37.46	 40.80	 40.20	 42.55	 19.87	 38.53	 38.59	 28.49	 39.61	 22.44	 21.57		Imantodes_cenchoa 23
																								  0.00	 16.91	 17.50	 40.44	 36.86	 32.30	 37.40	 39.19	 40.80	 39.19	 39.77	 41.66	 33.57	 32.55	 40.50	 33.45	 20.13	 19.65	 41.86	 39.90	 40.74	 37.10	 32.68	 33.21	 32.20	 37.99	 39.98	 40.04	 35.07	 34.77	 39.80	 20.31	 39.11	 39.43		Lacerta_agilis 24
																									  0.00	  6.33	 41.04	 36.56	 30.92	 37.81	 38.95	 40.74	 39.78	 39.17	 41.96	 32.26	 32.07	 40.02	 32.32	 20.61	 19.12	 41.08	 40.14	 40.20	 37.10	 31.72	 32.62	 33.09	 37.75	 39.44	 39.20	 34.95	 34.17	 39.48	 20.07	 38.93	 38.05		Lacerta_bilineata 25
																										  0.00	 41.34	 36.92	 32.00	 38.83	 40.26	 40.86	 40.14	 40.13	 41.72	 32.62	 32.67	 40.62	 32.50	 19.53	 18.34	 42.04	 41.10	 40.14	 37.46	 31.90	 32.97	 33.33	 38.59	 40.51	 39.56	 35.96	 34.59	 40.42	 20.13	 38.93	 38.71		Lacerta_viridis 26
																											  0.00	 45.66	 40.31	 29.15	 27.90	 23.72	 24.01	 46.29	 43.89	 39.14	 38.86	 27.96	 42.05	 41.34	 41.04	 45.41	 30.82	 27.12	 43.19	 40.02	 38.95	 43.31	 43.55	 45.00	 26.69	 42.05	 42.11	 31.24	 41.70	 28.70	 27.78		Laticauda_colubrina 27
																												  0.00	 34.15	 41.11	 42.55	 42.97	 41.77	 37.09	 41.31	 35.97	 35.26	 42.79	 33.99	 38.12	 37.82	 43.32	 42.37	 42.85	 38.96	 36.03	 36.45	 37.76	 33.69	 40.17	 41.19	 37.82	 37.40	 41.52	 37.76	 41.05	 42.19		Lepidodactylus_listeri 28
																													  0.00	 36.66	 38.40	 40.19	 37.92	 38.38	 40.86	 30.92	 30.85	 38.70	 25.42	 32.30	 31.58	 41.97	 39.53	 39.47	 35.41	 30.32	 30.50	 32.95	 35.59	 38.35	 37.63	 34.21	 33.79	 39.39	 32.60	 37.77	 37.02		Lerista_edwardsae 29
																														  0.00	 27.30	 27.18	 27.60	 44.08	 41.17	 34.83	 35.08	 28.20	 37.75	 37.46	 37.28	 42.16	 28.49	 28.85	 40.08	 34.59	 35.07	 38.71	 39.73	 41.65	 27.83	 36.98	 37.46	 29.98	 38.23	 28.82	 26.52		Morelia_viridis 30
																															  0.00	 25.33	 24.79	 44.86	 43.23	 37.76	 37.36	 26.46	 39.84	 39.61	 39.37	 43.48	 26.46	 26.58	 41.16	 36.98	 37.40	 41.34	 41.28	 42.61	 26.51	 39.19	 38.71	 29.36	 40.44	 27.02	 24.19		Myanophis_thanlyinensis 31
																																  0.00	 19.47	 44.38	 43.41	 38.24	 38.08	 27.00	 41.10	 41.04	 40.68	 43.18	 27.66	 26.22	 41.28	 36.92	 37.04	 42.00	 42.89	 43.21	 24.06	 41.16	 40.38	 30.22	 41.88	 25.15	 25.81		Naja_naja 32
																																	  0.00	 45.22	 42.56	 37.16	 36.76	 25.09	 40.32	 38.83	 39.07	 41.74	 27.06	 25.81	 40.86	 36.74	 37.63	 40.32	 40.44	 42.49	 23.04	 39.19	 38.71	 28.57	 40.32	 24.19	 24.37		Ophiophagus_hannah 33
																																		  0.00	 44.37	 39.60	 39.81	 44.38	 40.25	 39.77	 39.59	 44.14	 45.93	 45.04	 40.85	 40.19	 39.59	 39.59	 39.53	 43.38	 44.52	 41.09	 41.75	 44.66	 39.83	 45.24	 44.92		Paroedura_picta 34
																																			  0.00	 39.01	 38.84	 43.35	 42.93	 40.63	 40.93	 38.30	 43.95	 43.17	 40.75	 40.57	 39.96	 43.47	 44.07	 45.12	 43.49	 42.20	 41.60	 44.84	 41.17	 41.96	 42.44		Phrynocephalus_versicolor 35
																																				  0.00	 14.20	 36.39	 32.50	 33.27	 32.02	 40.67	 38.54	 36.56	 35.49	 24.36	 24.24	 31.84	 38.24	 38.97	 37.78	 34.29	 32.91	 38.71	 33.39	 35.93	 36.39		Phrynosoma_blainvillii 36
																																					  0.00	 37.48	 30.87	 32.73	 31.77	 39.98	 37.30	 36.22	 34.47	 24.44	 24.50	 31.71	 37.00	 38.45	 37.91	 33.27	 33.15	 39.32	 32.43	 37.87	 37.48		Phrynosoma_platyrhinos 37
																																						  0.00	 39.90	 39.61	 39.84	 43.48	 27.48	 18.04	 40.26	 36.92	 37.10	 40.86	 42.83	 43.51	 22.74	 41.10	 40.44	 30.53	 39.78	 24.25	 13.26		Pituophis_catenifer 38
																																							  0.00	 33.81	 33.27	 42.94	 39.07	 41.10	 37.04	 32.44	 32.50	 32.80	 35.42	 38.42	 39.62	 35.36	 35.42	 40.50	 35.13	 38.99	 40.32		Plestiodon_gilberti 39
																																								  0.00	 10.45	 41.56	 40.50	 40.20	 37.34	 32.92	 33.33	 34.47	 38.17	 39.50	 39.74	 35.01	 34.53	 39.64	 18.28	 38.75	 38.89		Podarci_raffonei 40
																																									  0.00	 41.74	 39.78	 39.73	 37.04	 32.20	 33.09	 33.93	 38.77	 39.68	 40.10	 35.60	 35.42	 40.27	 18.28	 38.93	 38.65		Podarcis_muralis 41
																																										  0.00	 43.18	 42.40	 43.78	 40.60	 41.86	 42.52	 43.12	 45.13	 43.14	 43.18	 42.70	 44.09	 41.68	 42.35	 43.06		Pogona_vitticeps 42
																																											  0.00	 28.32	 42.47	 38.11	 39.19	 39.78	 41.76	 42.91	 28.19	 41.04	 40.02	 24.25	 40.20	 28.64	 26.64		Protobothrops_mucrosquamatus 43
																																												  0.00	 40.92	 36.56	 36.92	 41.52	 42.23	 44.23	 23.76	 41.88	 40.92	 30.53	 40.98	 25.87	 18.04		Ptyas_mucosa 44
																																													  0.00	 36.80	 37.34	 38.35	 40.44	 42.73	 40.39	 38.95	 38.35	 40.58	 38.53	 40.97	 41.04		Salvator_merianae 45
																																														  0.00	 13.08	 33.75	 36.74	 38.30	 36.86	 35.13	 34.29	 38.78	 32.62	 38.33	 36.08		Sceloporus_occidentalis 46
																																															  0.00	 33.75	 35.78	 39.68	 36.98	 36.32	 33.81	 39.48	 34.65	 37.61	 36.92		Sceloporus_tristichus 47
																																																  0.00	 39.19	 39.08	 41.47	 33.75	 33.09	 41.29	 35.13	 40.25	 40.86		Shinisaurus_crocodilurus 48
																																																	  0.00	 42.13	 41.47	 39.31	 37.93	 40.03	 39.37	 40.97	 40.80		Sphaerodactylus_townsendi 49
																																																		  0.00	 43.05	 40.22	 39.68	 42.17	 40.16	 42.80	 42.91		Sphenodon_punctatus 50
																																																			  0.00	 39.80	 39.80	 29.43	 40.39	 21.10	 22.32		Thermophis_baileyi 51
																																																				  0.00	 19.18	 40.50	 35.24	 39.89	 41.16		Varanus_komodoensis 52
																																																					  0.00	 40.35	 35.36	 39.59	 39.31		Varanus_salvator 53
																																																						  0.00	 40.19	 28.37	 29.51		Vipera_latastei 54
																																																							  0.00	 40.43	 39.73		Zootaca_vivipara 55
																																																								  0.00	 23.77		Thamnophis_elegans 56
																																																									  0.00		Pantherophis_guttatus 57
