Distance Matrix
---------------

Uncorrected for Multiple Substitutions
Using base positions 123 in the codon
Gap weighting is 0.000000

	    1	    2	    3	    4	    5	    6	    7	    8	    9	    10	    11	    12	    13	    14	    15	    16	    17	    18	    19	    20	    21	    22	    23	    24	    25	    26	    27	    28	    29	    30	    31	    32	    33	    34	    35	    36	    37	    38	    39	    40	    41	    42	    43	    44	    45	    46	    47	    48	    49	    50	    51	    52	    53	    54	    55
	  0.00	 30.56	 31.20	 20.30	 30.23	 30.66	 22.33	 22.97	 21.37	 20.73	 17.31	 19.66	 27.88	 25.98	 26.60	 22.22	 28.74	 31.30	 30.76	 28.53	 26.39	 21.15	 30.66	 30.66	 31.20	 22.54	 30.45	 26.60	 14.00	 20.09	 22.12	 20.73	 34.62	 32.37	 29.17	 30.24	 21.15	 28.10	 29.17	 28.74	 30.24	 20.30	 20.51	 29.15	 29.59	 30.45	 29.49	 31.73	 28.63	 22.54	 33.00	 30.34	 25.75	 30.88	 19.87		Python_bivittatus 1
		  0.00	 20.83	 31.52	 29.37	 29.59	 33.23	 33.12	 34.40	 31.94	 31.94	 33.55	 27.78	 25.48	 27.88	 34.08	 28.63	 28.85	 29.90	 28.53	 28.31	 31.62	 29.38	 30.56	 31.20	 32.37	 32.16	 27.78	 30.34	 32.69	 34.51	 32.91	 31.30	 32.69	 23.82	 21.47	 33.76	 28.53	 26.92	 27.67	 34.08	 33.23	 32.69	 28.51	 23.93	 25.64	 27.35	 30.45	 29.70	 35.79	 32.55	 30.98	 35.79	 30.56	 33.23		Anolis_carolinensis 2
			  0.00	 30.88	 29.47	 29.17	 33.76	 33.87	 33.23	 31.94	 32.37	 34.19	 27.56	 25.22	 27.67	 33.12	 30.02	 29.38	 28.94	 28.31	 26.07	 32.48	 29.17	 28.42	 28.74	 31.84	 31.52	 26.39	 31.62	 32.16	 33.33	 34.62	 30.76	 31.52	 24.25	 22.44	 32.05	 27.46	 27.03	 27.99	 32.16	 31.94	 31.20	 29.37	 24.04	 23.61	 28.31	 30.98	 28.31	 35.58	 32.77	 32.37	 36.65	 28.74	 32.16		Anolis_sagrei 3
				  0.00	 29.80	 31.20	 21.05	 23.29	 22.01	 18.48	 20.51	 22.01	 30.13	 31.31	 30.66	 19.02	 33.33	 31.62	 32.69	 28.85	 29.38	 18.80	 32.05	 30.88	 32.26	 22.22	 33.87	 29.49	 21.37	 20.19	 21.58	 21.05	 35.58	 32.59	 28.74	 30.88	 16.03	 31.41	 30.45	 31.62	 33.55	 21.69	 12.61	 30.23	 30.02	 30.02	 32.69	 31.52	 29.49	 18.38	 33.67	 31.73	 24.89	 31.84	 14.53		Arizona_elegans 4
					  0.00	  9.11	 33.33	 32.48	 31.94	 30.33	 30.98	 32.80	 26.58	 25.95	 28.40	 31.83	 29.26	 29.47	 31.51	 26.90	 26.58	 29.69	 26.58	 27.76	 28.08	 32.26	 29.80	 26.90	 30.55	 31.40	 31.19	 30.65	 33.12	 32.48	 27.97	 27.65	 31.19	 28.08	 26.05	 26.90	 33.55	 31.40	 29.80	 18.65	 27.33	 28.19	 29.26	 30.33	 28.19	 33.12	 31.41	 30.12	 36.23	 27.01	 30.01		Aspidocelis_tigris 5
						  0.00	 34.51	 32.91	 33.87	 31.20	 31.62	 33.12	 26.71	 26.74	 28.85	 33.55	 28.85	 29.81	 31.83	 27.24	 28.21	 30.34	 27.99	 29.17	 29.06	 33.76	 31.20	 27.35	 31.41	 31.73	 31.73	 31.84	 32.69	 33.23	 28.31	 27.46	 32.16	 28.21	 25.43	 27.03	 34.51	 32.16	 30.24	 18.33	 27.24	 28.95	 29.38	 30.77	 27.67	 33.55	 32.32	 30.24	 36.54	 27.24	 30.77		Aspidoscelis_marmoratus 6
							  0.00	 24.04	 17.95	 21.05	 23.29	 19.98	 31.09	 30.54	 31.30	 21.47	 31.94	 33.76	 34.94	 32.05	 31.09	 20.83	 32.59	 33.23	 34.19	 23.93	 33.55	 31.20	 23.18	 20.62	 22.86	 23.61	 36.76	 36.22	 30.98	 32.59	 22.54	 32.05	 32.26	 32.26	 35.58	 17.09	 22.12	 33.23	 29.38	 30.88	 32.59	 34.62	 32.05	 23.50	 33.45	 34.40	 23.08	 33.01	 21.79		Azemiops_feae 7
								  0.00	 23.72	 23.08	 23.50	 25.32	 32.05	 30.80	 31.84	 23.72	 34.40	 35.04	 35.37	 31.52	 31.73	 21.37	 33.65	 34.51	 35.58	 23.93	 34.83	 32.69	 23.40	 24.25	 22.22	 23.40	 35.05	 34.08	 32.16	 33.97	 24.36	 33.55	 31.73	 32.37	 35.15	 24.89	 22.33	 33.44	 32.48	 32.91	 34.40	 34.94	 33.33	 22.01	 33.78	 34.40	 26.92	 33.65	 22.65		Boaedon_fuliginosus 8
									  0.00	 20.73	 24.47	 16.24	 30.88	 29.66	 31.20	 22.44	 29.81	 33.23	 36.23	 29.81	 29.27	 21.90	 33.01	 32.91	 33.55	 23.82	 31.62	 31.94	 22.44	 20.51	 21.90	 20.51	 36.23	 34.94	 32.16	 33.65	 22.97	 31.09	 31.94	 32.37	 34.29	 16.03	 22.54	 32.48	 32.59	 32.37	 32.59	 32.69	 31.41	 21.90	 32.32	 33.23	 23.18	 33.33	 21.47		Bothrops_jararaca 9
										  0.00	 23.29	 22.01	 31.41	 30.80	 30.66	 22.22	 32.37	 33.44	 32.90	 29.38	 30.98	 21.47	 31.73	 31.84	 33.12	 20.83	 33.55	 30.24	 21.90	 22.44	 19.44	 18.70	 36.23	 33.33	 30.13	 31.73	 19.98	 31.09	 30.34	 30.98	 34.19	 20.83	 18.80	 31.51	 30.88	 31.94	 32.69	 34.29	 30.45	 20.19	 34.01	 33.87	 26.82	 31.52	 19.12		Bungarus_multicintus 10
											  0.00	 23.50	 30.77	 27.76	 29.81	 22.54	 31.30	 31.84	 32.58	 28.74	 28.74	 20.51	 30.66	 30.98	 30.56	 23.50	 32.80	 29.27	 18.59	 20.73	 21.90	 22.97	 35.26	 32.69	 28.10	 29.49	 22.01	 28.42	 29.17	 30.13	 33.76	 20.94	 21.37	 32.37	 29.49	 29.59	 31.62	 33.23	 29.38	 22.54	 32.43	 32.26	 23.82	 29.91	 21.37		Charina_bottae 11
												  0.00	 31.52	 29.15	 29.91	 22.44	 29.91	 34.19	 34.83	 29.17	 29.06	 21.47	 31.09	 32.59	 32.48	 23.82	 33.33	 30.02	 21.26	 20.30	 21.69	 21.69	 36.76	 34.08	 30.13	 31.52	 23.40	 32.37	 32.16	 32.48	 31.94	 16.67	 21.90	 31.83	 30.34	 31.62	 31.09	 33.97	 30.88	 22.12	 32.88	 31.30	 23.29	 32.80	 21.58		Crotalus_tigris 12
													  0.00	 22.94	 25.75	 31.20	 26.71	 31.41	 28.51	 25.75	 23.93	 30.98	 28.95	 28.10	 28.42	 32.59	 28.10	 21.90	 29.91	 30.24	 31.62	 30.34	 32.26	 31.52	 23.93	 25.32	 31.20	 23.29	 27.03	 28.63	 32.80	 29.59	 30.56	 27.76	 22.86	 24.47	 28.10	 26.82	 28.31	 31.52	 28.49	 29.17	 33.23	 30.34	 28.63		Cryptoblepharus_egeriae 13
														  0.00	 16.60	 32.70	 25.98	 28.39	 27.76	 26.62	 13.94	 29.66	 26.49	 26.62	 26.11	 30.67	 25.73	 23.57	 27.12	 29.66	 29.02	 29.02	 30.04	 29.40	 21.17	 21.29	 30.04	 22.69	 25.35	 26.87	 31.56	 29.40	 29.78	 27.48	 21.80	 22.05	 23.95	 28.14	 26.87	 30.93	 26.72	 27.00	 33.97	 27.76	 29.53		Ctenosaura_bakeri 14
															  0.00	 32.91	 27.14	 27.67	 28.72	 27.78	 15.71	 30.24	 28.95	 29.38	 29.49	 30.45	 27.24	 26.07	 28.95	 31.73	 30.66	 30.56	 32.80	 31.52	 22.12	 22.76	 30.45	 25.32	 25.96	 27.24	 32.26	 30.77	 30.56	 27.55	 24.04	 23.08	 27.99	 29.81	 27.88	 31.94	 28.49	 29.91	 36.00	 29.38	 29.70		Cyclura_pinguis 15
																  0.00	 34.19	 34.94	 33.87	 31.84	 30.98	 18.16	 34.83	 33.87	 33.23	 22.86	 34.29	 30.98	 22.44	 21.15	 23.18	 22.54	 38.59	 35.90	 31.84	 32.26	 21.26	 33.87	 32.05	 33.33	 35.79	 21.05	 18.38	 32.58	 32.26	 31.84	 33.12	 34.19	 32.05	 18.38	 34.01	 34.08	 25.11	 33.23	 19.02		Diadophis_punctatus 16
																	  0.00	 30.88	 29.26	 27.46	 25.11	 31.30	 28.42	 28.10	 26.92	 33.01	 27.78	 25.96	 31.30	 30.02	 30.77	 31.30	 31.83	 32.80	 24.57	 25.64	 32.48	 26.07	 26.82	 28.42	 31.84	 30.66	 32.59	 27.76	 22.86	 24.89	 25.85	 29.27	 27.46	 32.48	 28.94	 27.88	 35.26	 29.59	 31.52		Elgaria_multicarinata 17
																		  0.00	 30.33	 28.95	 27.88	 33.65	 29.59	 29.49	 29.59	 34.19	 29.27	 29.17	 32.26	 33.01	 34.08	 32.80	 31.73	 33.33	 29.27	 27.03	 34.19	 30.56	 27.03	 27.78	 35.36	 33.44	 32.37	 27.87	 28.53	 29.06	 30.34	 28.31	 29.91	 36.32	 32.55	 33.23	 36.00	 29.27	 33.76		Eublepharis_macularius 18
																			  0.00	 28.72	 28.94	 33.76	 30.76	 29.58	 29.37	 35.05	 23.15	 27.76	 32.69	 31.94	 35.69	 35.48	 30.86	 33.98	 26.90	 26.37	 33.98	 28.62	 28.30	 30.01	 32.37	 33.98	 33.12	 29.68	 29.47	 28.08	 29.26	 29.05	 30.23	 34.19	 31.19	 31.30	 38.16	 30.55	 33.12		Gekko_japonicus 19
																				  0.00	 26.71	 30.88	 25.75	 27.35	 28.10	 31.84	 28.85	 24.68	 29.17	 29.59	 30.88	 27.78	 33.55	 29.91	 25.00	 25.43	 30.66	 26.18	 25.64	 26.28	 33.01	 29.70	 29.91	 27.22	 27.03	 26.82	 27.88	 30.45	 26.82	 32.69	 29.17	 29.59	 33.44	 26.60	 28.63		Hemicordylus_capensis 20
																					  0.00	 29.06	 27.03	 27.24	 27.88	 29.81	 25.96	 23.93	 28.63	 28.74	 30.98	 29.27	 31.19	 30.98	 21.90	 21.15	 29.38	 23.29	 26.28	 26.71	 30.98	 29.27	 29.06	 26.90	 22.44	 22.44	 23.82	 29.06	 25.96	 31.20	 26.80	 27.35	 32.16	 27.99	 27.67		Iguana_delicatissima 21
																						  0.00	 30.88	 32.05	 31.94	 21.79	 32.91	 30.66	 21.37	 20.51	 20.09	 21.15	 36.66	 33.87	 29.06	 31.52	 19.44	 31.73	 29.49	 30.77	 34.29	 19.98	 18.48	 31.19	 29.49	 30.02	 31.20	 33.01	 30.34	 19.23	 33.22	 32.48	 24.36	 31.09	 17.84		Imantodes_cenchoa 22
																							  0.00	 13.89	 12.82	 33.12	 30.98	 25.96	 30.56	 30.02	 31.73	 31.30	 30.87	 31.62	 25.75	 25.85	 32.91	 27.46	 18.48	 17.74	 33.44	 31.30	 31.84	 28.94	 27.46	 27.78	 27.56	 31.84	 28.42	 33.76	 30.41	 31.20	 35.58	 19.44	 31.52		Lacerta_agilis 23
																								  0.00	  6.84	 33.76	 29.06	 27.14	 30.34	 30.13	 32.26	 31.41	 31.94	 32.37	 26.07	 25.32	 33.55	 27.78	 19.76	 19.23	 33.65	 32.16	 32.16	 27.55	 27.03	 26.28	 27.56	 28.42	 28.63	 34.29	 30.97	 30.98	 36.54	 19.23	 31.52		Lacerta_bilineata 24
																									  0.00	 33.65	 28.95	 26.28	 30.98	 30.24	 32.48	 32.48	 32.05	 33.12	 26.07	 25.53	 33.23	 28.31	 19.55	 19.34	 33.76	 31.62	 32.05	 28.30	 28.31	 26.39	 29.27	 30.02	 29.27	 34.40	 31.19	 30.34	 36.11	 20.19	 32.48		Lacerta_viridis 25
																										  0.00	 33.23	 32.48	 24.04	 23.50	 20.19	 19.44	 36.87	 35.26	 30.88	 31.52	 23.18	 33.23	 31.09	 31.30	 34.83	 23.93	 22.22	 33.01	 30.77	 32.37	 32.69	 35.36	 32.80	 21.37	 32.09	 33.55	 26.50	 33.76	 19.76		Laticauda_colubrina 26
																											  0.00	 27.46	 31.09	 32.59	 33.76	 32.16	 32.69	 33.44	 27.67	 27.35	 34.19	 28.74	 30.45	 30.98	 33.33	 31.94	 33.87	 29.58	 29.38	 29.06	 28.74	 27.46	 28.31	 34.72	 29.17	 29.59	 37.39	 31.20	 32.59		Lepidodactylus_listeri 27
																												  0.00	 28.10	 30.02	 29.91	 30.02	 30.98	 30.66	 23.29	 23.82	 29.59	 22.22	 25.64	 25.85	 31.73	 29.27	 30.66	 26.37	 24.25	 25.11	 25.85	 28.63	 26.71	 32.05	 29.05	 29.59	 34.62	 27.78	 28.31		Lerista_edwardsae 28
																													  0.00	 21.79	 23.50	 22.12	 36.23	 32.05	 29.38	 29.81	 22.76	 29.81	 30.56	 29.70	 32.91	 21.37	 21.90	 30.23	 30.66	 30.77	 31.20	 31.30	 30.24	 22.86	 32.21	 32.69	 26.18	 30.56	 21.15		Morelia_viridis 29
																														  0.00	 22.12	 21.79	 35.69	 34.51	 30.56	 32.05	 21.05	 31.09	 30.77	 31.62	 32.59	 20.19	 18.80	 30.76	 29.27	 30.02	 31.41	 31.94	 28.95	 20.94	 31.87	 31.20	 23.82	 32.37	 19.55		Myanophis_thanlyinensis 30
																															  0.00	 18.48	 35.91	 33.65	 30.24	 32.69	 22.01	 32.37	 31.52	 31.94	 34.51	 21.26	 20.94	 33.23	 31.30	 31.84	 32.80	 34.51	 31.20	 21.26	 34.12	 33.65	 27.56	 33.76	 19.23		Naja_naja 31
																																  0.00	 36.44	 32.80	 30.77	 31.62	 22.22	 30.98	 31.62	 31.52	 34.19	 22.01	 21.15	 31.94	 30.66	 31.84	 31.41	 33.33	 31.84	 22.76	 31.98	 31.20	 26.28	 31.84	 19.76		Ophiophagus_hannah 32
																																	  0.00	 35.80	 30.65	 30.23	 37.62	 31.40	 31.83	 32.37	 33.44	 35.16	 36.12	 34.09	 31.62	 31.40	 33.44	 30.33	 31.40	 36.44	 36.95	 36.98	 40.84	 33.33	 36.66		Paroedura_picta 33
																																		  0.00	 29.17	 29.06	 33.65	 31.94	 29.91	 30.98	 28.31	 34.29	 33.23	 32.37	 30.34	 30.77	 31.84	 34.51	 33.01	 36.86	 33.78	 34.62	 38.25	 32.91	 33.55		Phrynocephalus_versicolor 34
																																			  0.00	 11.86	 30.88	 24.68	 25.11	 25.00	 31.84	 30.13	 29.70	 26.37	 17.95	 19.44	 24.25	 27.35	 26.71	 31.09	 30.07	 28.31	 34.29	 27.24	 29.38		Phrynosoma_blainvillii 35
																																				  0.00	 32.16	 25.11	 25.43	 24.79	 32.16	 30.34	 30.45	 27.44	 19.66	 19.98	 24.47	 28.63	 26.18	 33.65	 28.27	 29.06	 33.55	 26.71	 31.20		Phrynosoma_platyrhinos 36
																																					  0.00	 31.62	 32.05	 32.26	 34.51	 23.08	 15.49	 33.12	 30.34	 30.34	 33.01	 33.65	 30.77	 22.01	 34.35	 34.08	 25.64	 32.16	 11.65		Pituophis_catenifer 37
																																						  0.00	 26.39	 27.88	 33.65	 31.84	 32.16	 29.05	 24.15	 24.36	 25.75	 29.17	 27.99	 33.76	 29.05	 30.45	 34.72	 28.95	 31.73		Plestiodon_gilberti 38
																																							  0.00	 10.36	 31.73	 32.59	 31.30	 26.47	 23.93	 24.89	 25.53	 30.34	 27.88	 32.69	 28.94	 30.13	 34.72	 19.55	 30.98		Podarci_raffonei 39
																																								  0.00	 31.73	 32.59	 33.12	 27.33	 25.43	 26.60	 26.60	 30.02	 26.92	 34.72	 30.41	 30.98	 35.15	 19.44	 31.20		Podarcis_muralis 40
																																									  0.00	 33.44	 34.40	 32.26	 32.16	 31.94	 34.40	 32.69	 34.72	 35.15	 34.23	 33.44	 37.07	 34.29	 33.55		Pogona_vitticeps 41
																																										  0.00	 20.62	 33.33	 30.77	 30.34	 31.94	 32.80	 31.62	 22.12	 32.09	 31.94	 22.54	 31.73	 21.37		Protobothrops_mucrosquamatus 42
																																											  0.00	 31.83	 29.70	 29.27	 32.59	 33.65	 29.81	 18.27	 32.77	 31.94	 26.07	 32.80	 14.96		Ptyas_mucosa 43
																																												  0.00	 27.33	 28.19	 29.37	 29.47	 27.44	 34.08	 31.30	 31.19	 36.44	 28.40	 31.08		Salvator_merianae 44
																																													  0.00	 11.86	 25.32	 27.88	 25.85	 31.20	 28.60	 28.63	 33.76	 27.78	 28.85		Sceloporus_occidentalis 45
																																														  0.00	 26.39	 28.74	 27.24	 32.59	 30.29	 29.27	 35.68	 28.63	 29.81		Sceloporus_tristichus 46
																																															  0.00	 31.73	 29.38	 34.62	 28.60	 29.27	 33.87	 27.03	 31.73		Shinisaurus_crocodilurus 47
																																																  0.00	 28.63	 33.76	 33.33	 32.91	 36.75	 31.20	 32.16		Sphaerodactylus_townsendi 48
																																																	  0.00	 33.76	 29.84	 30.56	 33.44	 30.24	 29.91		Sphenodon_punctatus 49
																																																		  0.00	 34.46	 33.23	 27.03	 34.51	 19.34		Thermophis_baileyi 50
																																																			  0.00	 18.02	 33.45	 31.19	 31.98		Varanus_komodoensis 51
																																																				  0.00	 34.83	 32.16	 31.09		Varanus_salvator 52
																																																					  0.00	 34.40	 25.43		Vipera_latastei 53
																																																						  0.00	 32.26		Zootaca_vivipara 54
																																																							  0.00		Pantherophis_guttatus 55
