Distance Matrix
---------------

Uncorrected for Multiple Substitutions
Using base positions 123 in the codon
Gap weighting is 0.000000

	    1	    2	    3	    4	    5	    6	    7	    8	    9	    10	    11	    12	    13	    14	    15	    16	    17	    18	    19	    20	    21	    22	    23	    24	    25	    26	    27	    28	    29	    30	    31	    32	    33	    34	    35	    36	    37	    38	    39	    40	    41	    42	    43	    44	    45	    46	    47	    48	    49	    50	    51	    52	    53	    54	    55	    56	    57
	  0.00	 37.46	 36.38	 25.00	 37.85	 37.92	 25.30	 29.05	 27.10	 25.75	 21.55	 53.62	 35.29	 31.80	 33.41	 26.50	 25.15	 36.27	 38.30	 36.49	 33.54	 32.43	 25.90	 37.39	 35.36	 35.29	 26.13	 35.21	 34.08	 16.29	 25.90	 25.68	 24.85	 37.20	 37.18	 34.46	 33.93	 25.83	 54.12	 36.64	 36.86	 38.16	 23.95	 25.23	 36.50	 32.88	 32.21	 36.26	 36.41	 37.46	 24.40	 37.61	 37.24	 27.29	 37.61	 24.90	 24.92		Python_bivittatus 1
		  0.00	 27.48	 37.69	 36.49	 36.27	 39.11	 39.56	 37.69	 37.91	 37.16	 62.68	 33.11	 29.13	 30.48	 37.24	 38.36	 33.94	 36.04	 36.64	 35.51	 30.26	 37.24	 36.34	 34.08	 34.46	 37.09	 35.96	 30.56	 36.71	 38.14	 37.01	 37.54	 37.73	 36.88	 28.00	 27.93	 37.54	 58.78	 33.41	 33.56	 37.86	 36.94	 36.79	 36.17	 28.23	 28.60	 32.28	 37.76	 37.09	 37.84	 35.81	 34.98	 37.95	 35.51	 38.31	 36.94		Anolis_carolinensis 2
			  0.00	 35.36	 34.90	 35.45	 37.39	 37.86	 38.17	 37.39	 36.69	 57.78	 32.63	 27.35	 28.96	 37.16	 37.63	 33.26	 33.88	 34.97	 30.94	 29.59	 37.70	 34.11	 34.43	 34.58	 36.61	 35.28	 30.13	 36.38	 36.61	 37.70	 35.91	 36.01	 34.82	 27.95	 28.26	 37.00	 54.82	 33.02	 32.86	 36.71	 37.00	 37.16	 36.09	 28.88	 29.20	 33.96	 36.22	 35.68	 37.08	 35.91	 34.43	 38.20	 32.40	 37.94	 35.52		Anolis_sagrei 3
				  0.00	 38.07	 38.15	 23.05	 26.28	 25.38	 24.62	 26.05	 58.70	 37.24	 33.98	 34.31	 26.50	 21.10	 36.12	 40.56	 38.51	 35.20	 36.34	 22.37	 39.41	 37.09	 37.54	 25.60	 38.66	 34.68	 26.13	 24.17	 23.42	 23.05	 39.92	 37.71	 36.56	 36.26	 14.19	 56.99	 36.86	 37.09	 40.35	 23.57	 17.04	 37.47	 35.44	 35.06	 37.09	 40.77	 38.81	 20.95	 40.84	 39.34	 26.28	 38.59	 23.83	 13.51		Arizona_elegans 4
					  0.00	  9.26	 37.92	 39.43	 38.75	 38.30	 38.07	 56.88	 35.14	 32.44	 34.84	 38.15	 39.43	 34.31	 38.39	 36.27	 33.99	 34.24	 39.05	 37.10	 36.64	 36.04	 37.92	 35.52	 33.26	 37.40	 38.30	 39.28	 36.64	 37.21	 37.41	 34.01	 34.76	 38.15	 54.84	 36.12	 36.64	 38.32	 37.55	 37.62	 24.07	 35.44	 35.97	 34.91	 38.53	 36.19	 37.40	 35.89	 37.25	 39.48	 35.21	 38.86	 36.72		Aspidocelis_tigris 5
						  0.00	 37.85	 39.58	 38.68	 38.53	 37.62	 59.06	 34.69	 33.33	 34.54	 38.75	 39.43	 34.77	 37.93	 36.87	 33.99	 34.39	 39.65	 37.62	 36.79	 36.49	 38.22	 36.49	 33.26	 37.47	 38.60	 39.20	 36.87	 37.43	 36.66	 34.61	 35.21	 38.83	 56.63	 35.44	 35.97	 37.94	 37.25	 38.37	 23.98	 35.52	 35.74	 35.06	 39.13	 36.57	 38.07	 37.02	 36.64	 39.23	 34.99	 39.78	 36.87		Aspidoscelis_marmoratus 6
							  0.00	 28.75	 19.44	 24.85	 25.98	 59.06	 36.56	 32.52	 34.16	 22.82	 24.25	 35.59	 39.50	 37.31	 34.37	 33.63	 24.77	 38.74	 36.79	 36.86	 26.28	 37.24	 33.78	 24.92	 24.77	 25.53	 23.72	 38.64	 38.46	 36.34	 35.51	 24.10	 58.78	 36.19	 37.31	 41.48	 17.57	 23.05	 37.47	 35.74	 36.26	 35.44	 36.86	 38.59	 23.57	 38.81	 38.21	 23.68	 37.84	 24.67	 23.50		Azemiops_feae 7
								  0.00	 27.48	 29.05	 28.83	 59.78	 38.74	 35.11	 36.41	 28.53	 26.58	 38.53	 41.08	 40.77	 38.32	 36.34	 25.45	 40.24	 40.02	 40.92	 29.80	 39.49	 35.74	 27.55	 25.90	 26.28	 27.48	 41.52	 41.10	 37.39	 37.16	 24.40	 59.86	 40.39	 39.49	 40.20	 27.10	 27.48	 39.09	 35.51	 35.59	 38.14	 39.71	 40.54	 24.40	 39.26	 40.24	 28.04	 40.39	 24.29	 25.83		Boaedon_fuliginosus 8
									  0.00	 26.05	 25.98	 56.52	 36.19	 33.74	 35.21	 22.97	 23.20	 35.82	 40.63	 37.61	 35.20	 35.29	 25.08	 38.74	 37.84	 37.46	 27.48	 37.01	 36.49	 24.85	 24.47	 24.62	 25.00	 38.71	 37.63	 37.31	 37.46	 24.92	 57.71	 37.99	 38.89	 38.69	 13.74	 26.05	 37.47	 36.41	 36.49	 36.79	 38.36	 39.04	 24.02	 38.51	 37.91	 24.10	 40.24	 25.67	 23.87		Bothrops_jararaca 9
										  0.00	 28.38	 60.87	 37.16	 34.55	 35.74	 27.25	 25.38	 36.79	 39.05	 37.69	 37.86	 35.96	 24.40	 40.62	 38.44	 38.14	 22.30	 37.69	 36.41	 27.33	 25.08	 19.74	 19.37	 39.24	 38.24	 35.44	 35.06	 26.65	 56.63	 37.84	 37.61	 41.18	 23.95	 25.45	 39.33	 36.34	 35.74	 37.31	 38.66	 38.51	 24.47	 39.11	 38.51	 28.97	 39.11	 27.28	 24.85		Bungarus_multicintus 10
											  0.00	 56.16	 35.21	 31.72	 34.16	 28.00	 27.78	 36.19	 38.90	 37.16	 33.92	 33.78	 26.88	 37.84	 36.04	 36.19	 27.33	 36.41	 34.08	 21.92	 26.80	 28.15	 25.60	 38.26	 38.08	 35.36	 35.06	 26.88	 53.76	 36.11	 37.91	 38.61	 24.55	 26.88	 36.50	 33.33	 34.08	 36.41	 36.34	 38.66	 25.00	 38.21	 37.46	 27.71	 38.06	 27.05	 25.53		Charina_bottae 11
												  0.00	 59.42	 56.11	 54.71	 55.80	 57.25	 55.80	 57.97	 59.06	 57.61	 53.99	 57.25	 60.87	 57.97	 57.61	 57.61	 52.54	 62.68	 56.52	 57.97	 57.97	 56.88	 59.42	 58.70	 58.33	 59.78	 58.70	 40.22	 61.96	 62.68	 55.43	 55.07	 60.87	 59.05	 60.87	 59.42	 55.80	 60.51	 60.51	 58.70	 57.25	 59.42	 59.12	 61.23	 58.23	 60.14		Crotalus_tigris 12
													  0.00	 29.61	 29.80	 37.24	 36.41	 32.73	 35.97	 35.44	 33.23	 30.41	 36.79	 34.91	 33.63	 33.18	 38.51	 33.18	 26.80	 36.11	 36.64	 37.16	 36.34	 36.52	 37.41	 32.06	 31.91	 36.41	 58.42	 32.51	 33.86	 36.88	 35.59	 38.06	 34.79	 29.88	 30.56	 32.73	 35.21	 36.56	 36.26	 37.01	 36.26	 37.45	 34.16	 35.94	 36.56		Cryptoblepharus_egeriae 13
														  0.00	 15.86	 35.11	 34.47	 29.68	 33.82	 33.98	 29.79	 14.24	 33.01	 33.50	 31.96	 31.88	 34.47	 30.58	 27.67	 33.01	 34.39	 33.90	 32.52	 34.64	 35.69	 22.90	 22.65	 33.33	 52.46	 31.07	 32.44	 33.66	 31.88	 33.74	 32.59	 22.17	 24.03	 30.83	 33.58	 33.33	 32.44	 33.17	 32.69	 34.59	 33.17	 35.03	 32.77		Ctenosaura_bakeri 14
															  0.00	 36.71	 35.74	 31.08	 35.14	 35.06	 32.40	 17.64	 35.51	 35.36	 34.01	 33.03	 35.06	 32.06	 28.68	 34.01	 35.29	 35.14	 31.91	 36.44	 35.60	 25.98	 26.58	 33.93	 56.27	 32.88	 34.08	 34.77	 32.88	 34.91	 33.41	 25.38	 26.58	 32.96	 34.01	 35.81	 32.58	 33.86	 32.43	 36.61	 34.68	 34.94	 33.93		Cyclura_pinguis 15
																  0.00	 26.58	 36.49	 39.35	 37.69	 36.27	 36.71	 26.95	 38.74	 37.69	 37.46	 27.63	 37.84	 37.24	 28.00	 25.45	 26.73	 25.83	 40.08	 38.91	 37.24	 37.69	 25.23	 55.20	 37.09	 37.69	 41.48	 22.90	 26.20	 38.77	 36.41	 36.86	 37.24	 39.34	 37.69	 25.60	 40.39	 39.94	 19.73	 38.74	 26.74	 24.77		Daboia_siamensis 16
																	  0.00	 36.79	 41.99	 38.81	 35.66	 35.74	 19.59	 40.92	 38.59	 38.36	 26.73	 38.36	 35.36	 25.83	 23.57	 23.12	 22.67	 39.70	 38.91	 36.34	 37.09	 21.85	 58.06	 38.21	 38.29	 40.87	 22.07	 21.92	 38.52	 35.66	 36.41	 37.16	 39.34	 39.79	 19.22	 39.41	 38.81	 26.95	 40.09	 21.61	 20.57		Diadophis_punctatus 17
																		  0.00	 36.58	 36.42	 34.07	 28.97	 36.72	 34.99	 35.89	 35.67	 36.49	 35.52	 31.45	 36.12	 37.32	 36.95	 34.84	 37.97	 37.87	 30.93	 32.51	 35.74	 55.91	 35.97	 34.91	 36.51	 34.24	 36.57	 36.09	 32.20	 31.90	 31.00	 34.99	 36.64	 35.14	 33.94	 32.20	 37.96	 34.31	 35.64	 35.82		Elgaria_multicarinata 18
																			  0.00	 36.19	 37.57	 35.44	 39.95	 37.17	 37.47	 36.49	 38.98	 33.18	 36.19	 39.58	 39.95	 41.08	 38.60	 37.74	 37.87	 35.06	 34.24	 40.71	 55.56	 36.12	 36.49	 39.38	 38.83	 39.73	 36.18	 35.59	 34.46	 35.21	 37.40	 38.83	 40.78	 39.28	 38.75	 39.48	 36.49	 38.94	 39.95		Eublepharis_macularius 19
																				  0.00	 34.90	 34.23	 39.71	 37.76	 36.41	 36.34	 40.32	 27.48	 34.61	 38.51	 38.51	 38.59	 38.36	 34.62	 38.46	 34.53	 34.91	 38.29	 58.78	 35.89	 35.96	 39.52	 36.41	 38.44	 36.17	 35.14	 35.51	 36.11	 32.28	 38.89	 38.44	 38.29	 38.14	 38.37	 38.21	 38.77	 38.14		Gekko_japonicus 20
																					  0.00	 31.34	 34.98	 35.58	 33.84	 33.23	 37.33	 34.14	 31.18	 33.00	 34.75	 35.89	 34.22	 34.80	 35.82	 32.70	 32.02	 35.28	 57.71	 33.76	 34.83	 38.34	 33.84	 35.96	 34.95	 32.85	 33.38	 35.74	 34.67	 36.49	 35.74	 37.71	 35.28	 37.81	 33.99	 35.40	 33.99		Hemicordylus_capensis 21
																						  0.00	 35.36	 33.93	 33.26	 32.81	 36.94	 30.78	 27.85	 33.11	 35.74	 35.74	 34.46	 34.62	 36.27	 25.30	 25.30	 35.29	 54.84	 31.23	 33.26	 34.62	 32.81	 36.26	 33.25	 24.77	 24.32	 31.68	 32.96	 34.76	 34.53	 32.81	 32.28	 37.11	 34.68	 35.56	 35.74		Iguana_delicatissima 22
																							  0.00	 39.56	 37.61	 37.54	 25.38	 37.24	 34.98	 25.75	 22.37	 23.05	 22.60	 40.15	 39.06	 35.89	 36.04	 21.62	 56.63	 37.61	 37.99	 41.10	 23.80	 21.17	 38.04	 35.81	 35.51	 36.79	 38.51	 38.81	 19.97	 38.06	 39.26	 28.21	 39.94	 21.15	 20.57		Imantodes_cenchoa 23
																								  0.00	 23.35	 22.22	 39.86	 35.74	 34.23	 38.66	 40.02	 40.17	 40.54	 38.56	 37.71	 33.03	 33.11	 38.81	 57.35	 24.85	 25.08	 38.91	 38.21	 39.41	 38.93	 34.08	 33.18	 34.91	 37.99	 38.51	 38.36	 37.24	 37.54	 40.72	 24.92	 39.31	 38.81		Lacerta_agilis 24
																									  0.00	  6.68	 38.44	 36.04	 32.43	 36.56	 38.14	 39.04	 39.04	 38.03	 36.73	 33.56	 32.51	 37.69	 57.71	 21.92	 22.67	 39.29	 36.49	 37.39	 36.42	 32.88	 33.03	 33.48	 36.86	 37.84	 37.91	 36.86	 37.09	 38.46	 24.10	 38.39	 37.24		Lacerta_bilineata 25
																										  0.00	 38.51	 35.36	 32.66	 35.96	 38.06	 38.89	 37.84	 37.58	 36.12	 32.81	 32.73	 37.99	 56.27	 21.02	 21.47	 39.22	 36.86	 36.86	 36.50	 33.33	 32.66	 33.41	 36.19	 37.46	 37.69	 36.86	 37.16	 38.12	 23.50	 37.70	 37.01		Lacerta_viridis 26
																											  0.00	 38.81	 35.89	 26.50	 27.70	 21.02	 20.50	 39.17	 38.99	 35.36	 35.96	 26.13	 56.63	 39.41	 39.79	 40.65	 25.98	 26.28	 39.74	 36.34	 36.79	 37.84	 40.32	 39.26	 25.08	 39.71	 39.49	 28.55	 40.32	 26.90	 24.85		Laticauda_colubrina 27
																												  0.00	 32.96	 36.71	 36.41	 37.76	 37.54	 33.26	 37.56	 34.53	 35.66	 37.39	 55.20	 35.21	 35.89	 36.73	 36.19	 38.81	 34.71	 33.48	 33.86	 33.93	 32.58	 38.06	 38.44	 37.76	 37.31	 38.87	 35.81	 37.39	 36.94		Lepidodactylus_listeri 28
																													  0.00	 33.56	 35.96	 35.21	 35.44	 35.61	 33.56	 29.43	 28.23	 34.76	 59.14	 30.86	 32.06	 35.82	 33.41	 33.71	 32.36	 27.85	 27.40	 30.11	 34.31	 32.73	 34.83	 34.98	 33.71	 36.94	 32.73	 35.63	 33.71		Lerista_edwardsae 29
																														  0.00	 26.13	 25.00	 24.62	 37.80	 36.95	 34.91	 35.36	 24.70	 55.20	 35.89	 36.34	 38.16	 23.65	 27.33	 36.82	 34.46	 33.03	 36.04	 36.71	 38.44	 25.53	 36.79	 37.16	 28.55	 38.66	 25.21	 24.70		Morelia_viridis 30
																															  0.00	 24.55	 23.50	 38.71	 39.06	 36.49	 37.39	 23.42	 54.48	 37.54	 38.06	 40.72	 23.87	 23.80	 37.47	 36.41	 36.34	 36.11	 38.44	 40.39	 21.25	 38.96	 39.26	 27.20	 39.86	 25.44	 21.85		Myanophis_thanlyinensis 31
																																  0.00	 18.39	 38.33	 38.46	 36.34	 36.19	 23.42	 57.71	 38.51	 38.51	 40.87	 23.57	 25.53	 38.04	 35.66	 35.74	 36.56	 39.49	 40.32	 21.85	 40.99	 38.96	 26.95	 40.02	 25.13	 22.30		Naja_naja 32
																																	  0.00	 38.86	 39.22	 34.61	 35.51	 24.10	 55.20	 36.41	 37.24	 40.57	 23.05	 24.40	 38.77	 35.06	 35.81	 36.56	 38.21	 39.71	 20.95	 37.84	 37.61	 27.79	 39.86	 24.37	 22.22		Ophiophagus_hannah 33
																																		  0.00	 38.36	 36.29	 34.85	 39.77	 59.86	 38.64	 39.02	 40.64	 37.58	 38.56	 36.69	 34.92	 35.83	 37.80	 35.15	 40.30	 39.09	 39.77	 40.68	 38.68	 39.32	 38.52	 39.09		Paroedura_picta 34
																																			  0.00	 35.82	 35.29	 38.01	 58.06	 36.88	 36.80	 35.30	 37.86	 38.39	 38.06	 36.12	 35.82	 35.67	 39.22	 37.03	 38.99	 40.05	 38.46	 39.16	 35.37	 38.57	 37.93		Phrynocephalus_versicolor 35
																																				  0.00	 14.94	 36.79	 57.35	 31.83	 31.31	 36.80	 35.66	 36.34	 35.04	 22.45	 22.45	 31.53	 35.29	 36.19	 36.19	 34.98	 34.38	 38.29	 33.41	 34.71	 34.38		Phrynosoma_blainvillii 36
																																					  0.00	 36.11	 55.20	 32.28	 32.51	 38.01	 35.89	 34.38	 35.04	 21.55	 21.62	 31.31	 36.11	 35.36	 36.34	 36.19	 35.29	 37.78	 32.51	 36.02	 34.76		Phrynosoma_platyrhinos 37
																																						  0.00	 60.22	 36.34	 37.39	 39.22	 23.65	 17.49	 39.01	 34.53	 33.93	 36.19	 38.81	 37.84	 20.65	 40.17	 38.96	 26.20	 39.26	 23.75	 11.56		Pituophis_catenifer 38
																																							  0.00	 54.84	 57.71	 55.20	 54.48	 55.91	 57.75	 58.06	 58.42	 52.33	 56.63	 57.35	 56.99	 58.78	 58.42	 59.28	 58.42	 56.35	 58.42		Plestiodon_gilberti 39
																																								  0.00	 10.96	 38.24	 37.24	 36.64	 35.28	 32.21	 31.98	 32.66	 37.54	 37.91	 37.46	 37.16	 35.81	 39.80	 22.67	 37.78	 35.89		Podarci_raffonei 40
																																									  0.00	 38.08	 37.84	 37.61	 36.01	 33.11	 32.13	 33.03	 38.59	 37.91	 37.84	 37.16	 37.01	 41.14	 22.97	 37.32	 36.41		Podarcis_muralis 41
																																										  0.00	 38.08	 41.10	 37.49	 37.56	 37.71	 37.63	 38.69	 39.52	 40.80	 39.89	 37.93	 41.77	 39.67	 40.57	 39.37		Pogona_vitticeps 42
																																											  0.00	 24.40	 36.09	 35.36	 34.38	 35.06	 35.96	 37.01	 22.07	 37.76	 37.76	 23.93	 38.44	 24.90	 22.60		Protobothrops_mucrosquamatus 43
																																												  0.00	 38.61	 34.68	 34.98	 36.41	 39.64	 38.74	 20.87	 39.79	 38.51	 26.70	 38.44	 24.14	 15.32		Ptyas_mucosa 44
																																													  0.00	 34.96	 35.60	 35.60	 38.20	 36.58	 37.63	 37.15	 36.42	 37.91	 36.01	 38.20	 37.47		Salvator_merianae 45
																																														  0.00	 11.86	 32.28	 33.93	 35.14	 35.51	 33.63	 33.78	 35.43	 34.23	 35.71	 34.01		Sceloporus_occidentalis 46
																																															  0.00	 31.68	 35.51	 35.59	 35.59	 32.36	 33.93	 36.36	 34.38	 35.25	 32.81		Sceloporus_tristichus 47
																																																  0.00	 35.81	 36.79	 35.29	 34.61	 33.78	 37.28	 34.61	 34.64	 35.81		Shinisaurus_crocodilurus 48
																																																	  0.00	 40.02	 37.46	 37.91	 35.96	 38.46	 38.59	 37.24	 40.24		Sphaerodactylus_townsendi 49
																																																		  0.00	 39.41	 39.49	 38.36	 37.95	 36.49	 39.62	 37.16		Sphenodon_punctatus 50
																																																			  0.00	 38.74	 37.46	 26.03	 39.86	 21.53	 18.84		Thermophis_baileyi 51
																																																				  0.00	 20.87	 40.22	 38.14	 39.16	 39.94		Varanus_komodoensis 52
																																																					  0.00	 40.22	 38.06	 38.70	 38.36		Varanus_salvator 53
																																																						  0.00	 40.39	 26.78	 25.61		Vipera_latastei 54
																																																							  0.00	 39.69	 38.89		Zootaca_vivipara 55
																																																								  0.00	 23.37		Thamnophis_elegans 56
																																																									  0.00		Pantherophis_guttatus 57
