Distance Matrix
---------------

Using the Tamura correction method
Using base positions 123 in the codon
Gap weighting is 0.000000

	    1	    2	    3	    4	    5	    6	    7	    8	    9	    10	    11	    12	    13	    14	    15	    16	    17	    18	    19	    20	    21	    22	    23	    24	    25	    26	    27	    28	    29	    30	    31	    32	    33	    34	    35	    36	    37	    38	    39	    40	    41	    42	    43	    44	    45	    46	    47	    48	    49	    50	    51	    52	    53	    54	    55	    56
	  0.00	 24.30	 38.83	 21.67	 41.47	 26.25	 23.31	 26.56	 39.32	 23.86	 38.84	 41.88	 20.16	 45.12	 40.18	 37.06	 41.87	 24.52	 36.49	 37.25	 16.97	 37.03	 39.39	 25.69	 43.84	 41.21	 27.85	 21.38	 15.36	 40.42	 40.70	 24.58	 37.21	 28.06	 37.06	 42.87	 26.15	 45.73	 44.49	 44.09	 26.50	 45.21	 25.57	 45.88	 41.87	 35.50	 18.01	 21.59	 37.94	 36.26	 37.46	 37.54	 29.16	 36.45	 38.02	 41.91		Arizona_elegans 1
		  0.00	 41.84	 21.95	 38.97	 23.52	 25.71	 23.55	 43.55	 20.21	 41.33	 43.77	 18.78	 40.98	 36.51	 36.30	 41.32	 23.96	 38.51	 36.32	 20.14	 39.45	 41.04	 24.10	 43.23	 42.35	 23.09	 19.54	 21.74	 42.18	 42.37	 20.94	 37.78	 25.32	 35.61	 43.76	 23.18	 45.40	 39.85	 42.62	 24.70	 41.70	 23.22	 45.84	 43.25	 36.48	 22.09	 20.57	 39.45	 40.14	 39.67	 42.11	 23.83	 34.98	 37.12	 41.37		Thermophis_baileyi 2
			  0.00	 43.14	 31.58	 42.75	 41.47	 42.04	 28.34	 40.93	 29.65	 34.22	 39.66	 40.92	 31.65	 27.41	 34.07	 40.52	 28.02	 28.53	 37.05	 29.56	 37.26	 44.44	 39.57	 31.35	 44.17	 39.61	 39.47	 30.44	 33.57	 43.06	 29.14	 45.18	 29.64	 32.75	 42.04	 38.73	 36.21	 34.03	 41.42	 38.94	 40.45	 35.12	 30.06	 28.16	 39.90	 38.88	 33.18	 32.56	 29.91	 30.19	 39.68	 30.20	 30.68	 30.66		Elgaria_multicarinata 3
				  0.00	 42.52	 24.41	 24.61	 24.65	 40.76	 20.93	 39.48	 40.33	 16.76	 41.91	 37.35	 34.82	 41.22	 23.09	 36.83	 34.67	 21.46	 36.09	 44.24	 25.21	 40.35	 40.65	 27.42	 21.35	 20.18	 44.33	 39.69	 20.59	 34.38	 23.63	 33.70	 41.32	 25.57	 39.94	 43.28	 42.33	 25.59	 42.62	 24.27	 43.08	 43.36	 33.14	 21.18	 22.35	 36.25	 41.30	 40.52	 39.49	 25.13	 35.14	 37.54	 42.17		Thamnophis_elegans 4
					  0.00	 40.40	 40.00	 42.34	 31.90	 40.67	 29.82	 32.20	 38.23	 42.45	 35.09	 32.30	 33.61	 42.74	 30.35	 29.94	 40.26	 30.74	 34.78	 42.99	 41.07	 32.99	 40.60	 40.95	 44.25	 10.64	 32.68	 39.08	 31.05	 42.31	 31.55	 32.54	 42.16	 42.92	 36.47	 36.48	 41.98	 40.48	 38.99	 36.17	 36.20	 30.02	 42.57	 39.54	 22.15	 33.58	 33.56	 31.87	 43.75	 32.30	 33.18	 32.14		Aspidocelis_tigris 5
						  0.00	 23.24	 24.22	 43.22	 24.28	 39.92	 43.27	 24.27	 46.76	 38.44	 36.55	 40.63	 26.04	 37.90	 38.68	 21.52	 38.40	 43.02	 18.40	 44.20	 41.21	 24.37	 24.11	 23.87	 39.60	 39.77	 26.84	 37.00	 27.26	 38.00	 42.52	 18.96	 46.52	 39.96	 43.58	 25.66	 45.34	 19.45	 45.55	 38.42	 37.73	 23.91	 22.26	 36.53	 41.50	 40.80	 39.92	 27.00	 37.64	 38.43	 39.25		Azemiops_feae 6
							  0.00	 24.97	 38.62	 23.52	 38.38	 40.85	 23.92	 47.41	 43.17	 36.52	 42.76	 23.82	 37.93	 38.37	 21.06	 39.40	 41.06	 22.23	 44.60	 39.92	 25.02	 23.10	 23.71	 40.06	 41.41	 25.76	 38.17	 29.12	 36.18	 41.57	 20.71	 43.42	 39.58	 42.29	 25.82	 47.41	 21.09	 45.72	 39.87	 35.33	 24.81	 22.95	 39.29	 37.20	 37.78	 39.00	 27.04	 38.24	 38.85	 41.77		Daboia_siamensis 7
								  0.00	 41.24	 24.27	 38.93	 40.75	 22.86	 45.14	 38.30	 34.85	 43.23	 24.42	 38.27	 34.45	 24.96	 39.81	 42.30	 25.94	 46.92	 39.27	 22.60	 24.13	 26.41	 45.43	 40.63	 25.93	 38.23	 28.33	 39.08	 42.00	 24.24	 42.71	 42.08	 39.74	 30.03	 41.66	 25.14	 46.29	 41.07	 35.63	 27.79	 23.54	 40.04	 41.58	 38.94	 39.58	 29.27	 36.86	 35.48	 40.11		Charina_bottae 8
									  0.00	 39.41	 30.76	 30.95	 41.01	 41.86	 29.70	 26.46	 27.89	 37.43	 29.42	 29.01	 38.00	 27.35	 33.34	 40.67	 37.27	 32.36	 40.61	 41.89	 40.78	 33.93	 30.65	 41.42	 27.49	 41.37	 27.33	 30.47	 40.27	 41.92	 36.85	 33.66	 40.79	 39.90	 38.47	 37.07	 32.78	 26.19	 37.65	 37.24	 30.96	 35.64	 25.86	 29.50	 41.10	 27.05	 31.14	 32.81		Shinisaurus_crocodilurus 9
										  0.00	 36.81	 39.78	 20.10	 41.63	 35.52	 32.89	 39.25	 25.50	 34.46	 36.17	 20.71	 37.12	 43.50	 22.22	 41.68	 37.81	 24.76	 19.86	 22.14	 42.39	 38.46	 22.19	 35.58	 19.03	 34.44	 37.14	 22.99	 44.39	 43.36	 40.88	 21.62	 43.15	 23.55	 41.09	 42.16	 34.79	 22.33	 21.12	 36.14	 38.64	 35.49	 39.65	 19.83	 32.56	 36.29	 37.29		Ophiophagus_hannah 10
											  0.00	 28.43	 35.09	 41.86	 31.32	 28.40	 22.27	 35.28	 27.38	 27.62	 36.49	 24.60	 34.39	 40.28	 37.64	 27.94	 39.88	 38.86	 40.95	 29.44	 27.73	 40.01	 21.67	 39.28	 25.50	 29.83	 38.36	 45.87	 35.76	 36.81	 39.25	 36.30	 40.43	 32.10	 28.98	 21.21	 39.89	 38.85	 27.77	 30.95	 25.93	 25.79	 40.43	 23.93	 34.96	 27.73		Anolis_sagrei 11
												  0.00	 39.89	 40.99	 34.58	 31.21	 32.09	 38.17	 31.44	 29.32	 38.68	 29.37	 33.38	 44.68	 39.01	 22.28	 40.98	 40.22	 41.02	 33.92	  6.97	 41.03	 30.01	 39.83	 31.07	 11.92	 41.92	 38.34	 37.62	 37.16	 39.10	 42.41	 41.25	 38.41	 21.55	 26.25	 38.98	 38.93	 35.48	 35.59	 28.72	 29.67	 39.64	 29.49	 34.71	 24.70		Lacerta_bilineata 12
													  0.00	 41.31	 37.29	 34.92	 40.68	 22.43	 37.02	 37.45	 19.15	 35.60	 46.95	 23.72	 45.35	 37.57	 26.37	 16.92	 19.79	 38.70	 39.30	 20.52	 36.97	 23.06	 33.80	 40.53	 23.08	 40.81	 44.15	 41.92	 23.67	 47.62	 24.10	 42.85	 40.15	 34.90	 21.41	 21.80	 35.54	 38.90	 37.52	 39.91	 21.35	 32.79	 38.40	 37.50		Imantodes_cenchoa 13
														  0.00	 40.88	 36.95	 42.30	 46.79	 38.11	 36.25	 43.26	 37.93	 41.67	 45.84	 48.25	 38.16	 44.60	 45.03	 41.28	 45.26	 39.35	 41.99	 37.45	 41.98	 37.34	 39.48	 46.71	 32.77	 40.48	 47.15	 47.02	 44.35	 44.85	 43.50	 39.66	 38.56	 44.75	 42.18	 43.55	 42.13	 35.87	 39.08	 41.71	 34.67	 40.98	 39.91		Phrynocephalus_versicolor 14
															  0.00	 24.01	 26.98	 36.05	 24.90	 26.87	 39.73	 25.20	 31.66	 39.24	 36.14	 32.76	 39.24	 38.78	 39.87	 34.13	 32.32	 38.67	 26.45	 36.97	 22.93	 33.48	 38.98	 42.42	 31.39	 34.28	 38.54	 35.65	 38.84	 34.26	 36.10	 25.21	 38.55	 36.82	 32.89	 36.98	 28.82	 24.75	 39.97	 22.73	 30.75	 30.51		Cryptoblepharus_egeriae 15
																  0.00	 26.79	 33.24	 17.09	 15.89	 33.04	 23.51	 31.27	 36.29	 32.20	 28.52	 35.89	 33.05	 35.94	 32.26	 30.84	 36.09	 22.96	 39.35	 22.69	 33.28	 33.82	 38.32	 31.59	 32.27	 38.29	 32.97	 34.61	 35.47	 33.02	 22.42	 35.94	 35.22	 30.28	 32.65	 24.84	 25.01	 37.93	 21.81	 26.39	 29.06		Iguana_delicatissima 16
																	  0.00	 41.71	 27.45	 26.90	 40.86	 26.72	 33.17	 43.59	 35.25	 30.33	 40.87	 40.24	 44.04	 32.26	 30.76	 42.97	 22.78	 42.79	 25.42	 30.87	 38.40	 40.64	 34.96	 37.69	 43.41	 37.02	 39.08	 37.17	 32.32	 24.51	 41.45	 40.55	 28.35	 33.26	 27.81	 25.69	 41.56	 25.69	 35.05	 30.73		Anolis_carolinensis 17
																		  0.00	 35.76	 34.47	 21.45	 35.00	 40.06	 23.31	 44.08	 39.52	 25.99	 23.79	 22.27	 41.40	 36.24	 25.92	 36.13	 27.41	 35.01	 40.97	 24.40	 39.78	 38.49	 42.30	 26.42	 43.28	 26.29	 44.90	 39.45	 32.34	 22.01	 23.98	 39.72	 38.63	 38.97	 37.33	 28.39	 33.18	 37.12	 39.01		Myanophis_thanlyinensis 18
																			  0.00	 16.80	 36.65	 24.04	 34.79	 37.99	 33.18	 29.61	 38.47	 35.19	 37.73	 31.30	 30.85	 39.15	 23.78	 40.11	 24.71	 32.05	 37.43	 37.85	 33.97	 33.79	 37.74	 34.90	 38.24	 33.29	 33.52	 23.06	 39.33	 37.14	 30.49	 30.77	 26.73	 22.89	 38.13	 23.09	 27.78	 27.44		Cyclura_pinguis 19
																				  0.00	 33.06	 24.53	 30.92	 39.92	 35.17	 28.39	 37.79	 33.72	 36.97	 32.51	 28.16	 39.82	 23.12	 41.47	 24.46	 29.11	 37.17	 37.81	 32.34	 33.86	 37.87	 31.75	 35.47	 32.72	 33.41	 20.64	 37.90	 36.70	 27.97	 31.11	 25.86	 26.54	 38.57	 23.50	 28.09	 27.80		Ctenosaura_bakeri 20
																					  0.00	 35.43	 37.94	 22.68	 46.71	 36.00	 23.82	 17.97	 14.32	 39.64	 38.29	 21.73	 32.99	 27.78	 35.25	 37.81	 23.19	 41.02	 39.71	 43.61	 23.07	 44.94	 22.75	 43.09	 37.30	 31.99	 15.67	 21.16	 33.95	 35.99	 36.38	 36.56	 23.18	 34.57	 37.34	 38.57		Ptyas_mucosa 21
																						  0.00	 34.75	 36.99	 33.83	 27.60	 36.99	 39.00	 36.50	 32.50	 29.24	 38.97	 24.01	 40.86	 23.96	 30.70	 37.64	 36.72	 30.85	 31.07	 39.40	 33.20	 36.24	 35.84	 30.17	 23.11	 38.07	 34.30	 28.25	 32.78	 26.97	 22.12	 40.26	 23.80	 30.19	 28.23		Lerista_edwardsae 22
																							  0.00	 44.72	 36.70	 35.21	 41.80	 38.73	 40.16	 33.31	 32.96	 39.43	 30.77	 44.41	 32.62	 34.73	 43.12	 40.03	 25.47	 32.41	 46.34	 36.04	 43.12	 38.11	 35.70	 30.99	 41.00	 40.00	 33.93	 32.36	 33.92	 34.26	 45.84	 31.56	 33.76	 38.38		Lepidodactylus_listeri 23
																								  0.00	 44.13	 41.60	 26.54	 25.20	 25.35	 43.33	 43.57	 24.97	 39.38	 25.89	 36.78	 46.93	 16.27	 44.96	 44.13	 42.46	 26.42	 44.53	 19.15	 45.33	 45.50	 37.23	 24.64	 22.91	 40.36	 43.16	 39.92	 39.40	 26.39	 36.77	 37.54	 40.99		Bothrops_jararaca 24
																									  0.00	 40.68	 44.81	 42.48	 46.05	 43.31	 38.66	 44.17	 34.13	 41.11	 36.35	 40.07	 48.94	 46.42	 38.43	 38.17	 43.78	 40.83	 48.21	 44.67	 43.37	 36.06	 47.51	 45.22	 39.02	 42.96	 36.06	 35.63	 44.55	 37.04	 19.94	 39.29		Varanus_komodoensis 25
																										  0.00	 42.32	 39.36	 41.34	 33.72	 21.29	 41.59	 25.78	 40.31	 27.17	 23.75	 43.15	 40.79	 34.32	 36.67	 39.09	 36.28	 42.27	 34.95	 22.67	 23.98	 42.79	 40.10	 33.23	 32.75	 26.50	 27.01	 40.69	 25.04	 32.91	  9.99		Podarcis_muralis 26
																											  0.00	 27.87	 26.60	 41.53	 40.83	 27.30	 36.14	 28.26	 36.55	 41.29	 25.87	 44.29	 41.85	 44.54	 30.31	 43.99	 25.76	 42.13	 44.91	 37.82	 26.19	 25.02	 41.86	 40.88	 39.47	 40.12	 28.77	 37.42	 37.99	 41.34		Morelia_viridis 27
																												  0.00	 19.99	 39.20	 37.56	 22.82	 36.35	 26.06	 38.29	 40.50	 21.94	 44.02	 43.35	 42.74	 24.68	 41.92	 24.10	 45.30	 40.30	 35.68	 21.62	 22.59	 36.67	 37.91	 38.16	 39.64	 23.82	 35.21	 35.25	 41.57		Diadophis_punctatus 28
																													  0.00	 44.37	 38.78	 21.18	 35.53	 27.60	 36.01	 41.31	 24.61	 42.81	 41.25	 42.45	 24.39	 43.89	 25.97	 44.84	 41.37	 35.08	 11.51	 20.56	 37.61	 39.33	 38.64	 38.10	 23.17	 36.22	 38.92	 41.25		Pantherophis_guttatus 29
																														  0.00	 32.08	 42.08	 30.86	 43.91	 31.27	 32.56	 41.57	 40.96	 36.86	 35.77	 44.35	 40.08	 41.88	 35.10	 35.12	 30.83	 41.74	 41.08	 21.07	 31.56	 34.33	 32.19	 43.35	 30.47	 35.42	 33.74		Aspidoscelis_marmoratus 30
																															  0.00	 39.89	 28.43	 37.38	 31.19	 14.00	 40.85	 37.49	 34.33	 36.10	 37.56	 40.56	 41.81	 35.50	 20.95	 25.33	 39.26	 38.50	 34.24	 31.16	 27.44	 28.90	 39.49	 28.19	 34.95	 22.02		Lacerta_viridis 31
																																  0.00	 32.91	 25.24	 36.05	 41.12	 24.66	 46.03	 43.88	 44.17	 27.39	 45.09	 26.61	 41.27	 40.27	 34.21	 23.14	 22.26	 39.43	 39.60	 38.62	 37.04	 27.36	 34.71	 38.82	 39.74		Boaedon_fuliginosus 32
																																	  0.00	 36.04	 19.17	 28.55	 38.35	 38.55	 33.00	 34.20	 37.81	 35.84	 38.78	 28.69	 27.12	 12.08	 35.29	 37.88	 30.49	 30.69	 25.97	 25.94	 35.99	 19.83	 29.80	 25.79		Phrynosoma_platyrhinos 33
																																		  0.00	 37.41	 38.62	 25.47	 46.10	 46.09	 42.91	 22.34	 43.86	 26.31	 43.81	 43.05	 36.94	 26.74	 23.41	 40.36	 42.15	 38.62	 40.94	 23.08	 36.13	 38.29	 41.63		Naja_naja 34
																																			  0.00	 32.44	 37.82	 37.36	 31.07	 33.72	 38.39	 32.60	 37.60	 32.03	 30.66	 17.98	 35.80	 34.06	 31.78	 32.75	 27.12	 24.54	 35.92	 10.47	 30.73	 26.45		Sceloporus_tristichus 35
																																				  0.00	 44.64	 40.25	 37.03	 39.48	 38.71	 41.98	 41.49	 38.15	 21.36	 26.35	 38.61	 40.92	 32.61	 34.09	 29.64	 28.96	 38.44	 30.79	 36.11	 24.86		Lacerta_agilis 36
																																					  0.00	 45.30	 41.33	 40.33	 26.33	 44.64	 17.22	 46.02	 39.72	 37.95	 24.06	 21.49	 38.33	 40.90	 39.07	 38.10	 27.44	 36.81	 37.12	 42.37		Protobothrops_mucrosquamatus 37
																																						  0.00	 40.59	 44.04	 47.11	 45.51	 42.82	 43.11	 39.99	 38.91	 41.72	 41.54	 40.91	 40.84	 39.62	 39.04	 45.12	 37.73	 38.73	 39.66		Pogona_vitticeps 38
																																							  0.00	 34.13	 42.15	 37.95	 42.52	 40.18	 35.62	 30.91	 43.82	 41.55	 34.86	 32.77	 34.76	 29.02	 43.09	 30.08	 34.57	 36.33		Gekko_japonicus 39
																																								  0.00	 47.66	 36.17	 40.23	 38.68	 40.79	 34.62	 43.60	 40.01	 35.84	 38.36	 34.87	 32.33	 44.92	 32.09	 34.36	 36.05		Sphaerodactylus_townsendi 40
																																									  0.00	 47.37	 24.80	 46.58	 40.22	 36.93	 23.90	 21.73	 39.92	 40.72	 38.11	 40.74	 25.82	 36.19	 38.70	 41.12		Bungarus_multicintus 41
																																										  0.00	 45.31	 42.74	 43.43	 33.94	 45.77	 41.49	 39.13	 37.14	 34.81	 34.95	 46.31	 34.63	 37.93	 35.95		Paroedura_picta 42
																																											  0.00	 42.13	 40.00	 36.42	 22.38	 23.52	 36.46	 40.77	 36.87	 36.42	 25.16	 37.44	 37.31	 40.13		Crotalus_tigris 43
																																												  0.00	 39.77	 30.47	 45.60	 43.36	 36.20	 39.62	 34.83	 33.11	 42.63	 31.67	 37.36	 34.44		Sphenodon_punctatus 44
																																													  0.00	 24.57	 38.88	 40.89	 34.33	 30.71	 28.47	 29.52	 41.75	 29.82	 35.94	 23.15		Zootoca_vivipara 45
																																														  0.00	 35.12	 35.29	 29.68	 29.68	 23.41	 22.99	 34.70	 19.10	 30.99	 24.38		Phrynosoma_blainvillii 46
																																															  0.00	 20.55	 38.45	 40.57	 39.18	 39.73	 24.66	 36.22	 39.98	 43.51		Pituophis_catenifer 47
																																																  0.00	 38.28	 37.05	 34.57	 35.92	 25.46	 35.33	 36.89	 40.03		Tropidonophis_doriae 48
																																																	  0.00	 34.32	 32.75	 31.87	 39.37	 31.21	 32.12	 33.04		Salvator_merianae 49
																																																		  0.00	 32.43	 32.01	 38.86	 31.46	 36.79	 32.80		Eublepharis_macularius 50
																																																			  0.00	 26.64	 39.51	 25.42	 32.19	 27.48		Hemicordylus_capensis 51
																																																				  0.00	 42.33	 23.28	 32.11	 27.47		Plestiodon_gilberti 52
																																																					  0.00	 36.42	 40.48	 40.33		Laticauda_colubrina 53
																																																						  0.00	 30.54	 25.67		Sceloporus_occidentalis 54
																																																							  0.00	 33.16		Varanus_salvator 55
																																																								  0.00		Podarci_raffonei 56
