Distance Matrix
---------------

Using the Tamura correction method
Using base positions 123 in the codon
Gap weighting is 0.000000

	    1	    2	    3	    4	    5	    6	    7	    8	    9	    10	    11	    12	    13	    14	    15	    16	    17	    18	    19	    20	    21	    22	    23	    24	    25	    26	    27	    28	    29	    30	    31	    32	    33	    34	    35	    36	    37	    38	    39	    40	    41	    42	    43	    44	    45	    46	    47	    48	    49	    50	    51	    52	    53	    54	    55
	  0.00	 31.40	 59.82	 37.65	 53.73	 36.05	 39.77	 42.07	 58.59	 38.84	 58.54	 53.83	 32.48	 54.47	 56.95	 52.81	 60.38	 35.85	 53.63	 54.20	 20.71	 49.21	 49.44	 43.82	 57.81	 39.45	 24.00	 23.57	 52.99	 51.26	 34.41	 61.01	 35.99	 54.02	 54.10	 39.20	 64.45	 53.93	 60.17	 32.57	 60.42	 40.17	 48.99	 53.41	 51.32	 25.62	 35.39	 50.02	 52.02	 50.41	 57.15	 34.03	 51.79	 58.66	 52.65		Arizona_elegans 1
		  0.00	 61.48	 26.87	 59.09	 30.57	 35.95	 43.82	 63.01	 31.99	 56.80	 61.39	 26.89	 60.04	 56.01	 50.27	 61.84	 31.31	 48.66	 48.52	 25.97	 62.34	 59.63	 33.21	 63.31	 41.03	 24.82	 26.12	 57.38	 55.33	 35.25	 57.75	 26.22	 58.01	 57.57	 31.83	 65.75	 57.76	 49.82	 30.74	 58.22	 34.48	 58.70	 60.63	 55.21	 23.82	 34.85	 48.40	 60.39	 53.35	 59.56	 35.08	 54.68	 58.80	 55.21		Thermophis_baileyi 2
			  0.00	 60.55	 51.75	 54.67	 53.07	 57.38	 43.95	 56.95	 47.66	 53.61	 56.62	 56.29	 47.97	 49.45	 48.82	 55.54	 45.58	 44.82	 61.42	 58.48	 46.95	 56.70	 47.98	 65.17	 55.21	 56.71	 53.28	 51.01	 61.01	 48.25	 53.61	 51.11	 59.23	 50.41	 60.77	 47.78	 54.76	 56.93	 55.61	 59.83	 52.48	 54.30	 45.15	 56.75	 59.89	 44.45	 49.80	 46.99	 52.87	 61.16	 48.92	 49.81	 54.17		Elgaria_multicarinata 3
				  0.00	 53.82	 32.76	 33.01	 34.05	 57.52	 36.13	 59.00	 54.10	 28.43	 60.79	 57.66	 51.65	 58.61	 33.61	 49.21	 52.71	 33.66	 60.99	 54.04	 31.75	 56.61	 37.90	 30.25	 30.35	 54.27	 48.40	 33.50	 57.04	 28.63	 53.97	 53.55	 30.95	 55.74	 58.99	 55.97	 32.44	 57.72	 35.95	 54.44	 51.72	 53.87	 30.04	 29.40	 47.74	 59.72	 49.42	 60.26	 34.70	 50.95	 58.23	 53.54		Thamnophis_elegans 4
					  0.00	 53.82	 51.99	 48.95	 43.26	 62.00	 49.29	 47.28	 53.80	 49.90	 47.79	 51.33	 47.92	 53.52	 42.42	 46.47	 53.89	 38.43	 40.30	 52.34	 47.10	 57.79	 58.04	 53.21	  9.69	 43.71	 56.22	 45.62	 54.00	 43.90	 45.56	 48.36	 50.29	 42.73	 51.20	 59.51	 50.55	 49.32	 47.16	 41.38	 47.23	 60.54	 52.78	 21.06	 44.12	 40.68	 46.83	 54.78	 41.72	 43.31	 48.17		Aspidocelis_tigris 5
						  0.00	 24.69	 36.03	 54.70	 30.34	 58.45	 63.47	 32.74	 55.01	 53.18	 50.52	 59.64	 33.20	 47.76	 44.29	 34.09	 56.34	 51.41	 24.59	 58.64	 43.21	 30.54	 35.98	 52.34	 58.46	 36.42	 53.55	 32.82	 56.01	 65.16	 21.92	 56.51	 54.53	 59.63	 34.72	 62.36	 27.74	 52.87	 50.81	 48.71	 32.99	 36.39	 42.31	 57.28	 59.97	 60.12	 39.63	 55.90	 50.32	 59.48		Azemiops_feae 6
							  0.00	 34.77	 56.01	 36.55	 58.53	 54.29	 36.87	 56.28	 54.57	 55.46	 53.82	 33.99	 50.08	 49.81	 38.78	 53.30	 53.84	 27.82	 62.35	 38.70	 35.41	 39.23	 53.56	 53.65	 41.01	 57.25	 34.77	 60.07	 56.61	 24.71	 52.39	 54.15	 68.19	 32.16	 56.55	 29.71	 54.46	 50.52	 50.43	 33.95	 37.17	 47.37	 57.86	 59.91	 60.84	 38.67	 56.86	 59.13	 54.78		Daboia_siamensis 7
								  0.00	 51.64	 40.37	 62.68	 58.59	 37.96	 53.96	 52.60	 50.50	 52.46	 33.11	 47.03	 48.80	 39.97	 53.50	 54.17	 36.31	 54.69	 30.12	 39.48	 41.75	 50.43	 56.50	 38.06	 51.55	 34.03	 51.37	 56.41	 38.38	 57.86	 50.86	 55.35	 38.91	 56.75	 37.36	 58.41	 48.39	 43.89	 39.54	 41.00	 44.43	 61.60	 50.22	 51.37	 38.03	 46.85	 48.63	 57.94		Charina_bottae 8
									  0.00	 59.25	 41.17	 40.77	 57.51	 53.31	 39.58	 38.23	 44.40	 54.98	 34.88	 33.95	 57.88	 36.40	 33.41	 54.86	 36.41	 62.95	 55.70	 61.98	 43.87	 37.69	 62.19	 39.37	 58.85	 39.65	 41.81	 54.21	 46.47	 41.61	 48.59	 57.77	 62.90	 54.67	 45.94	 37.44	 37.74	 56.36	 58.41	 36.07	 45.31	 42.13	 38.77	 55.82	 38.85	 43.61	 39.13		Shinisaurus_crocodilurus 9
										  0.00	 57.28	 60.77	 37.41	 58.33	 54.62	 48.18	 59.70	 36.97	 48.20	 43.79	 39.44	 64.89	 53.54	 37.61	 57.82	 42.72	 33.17	 36.06	 57.96	 57.98	 41.15	 56.73	 26.26	 51.56	 63.15	 30.59	 53.27	 59.42	 61.49	 34.64	 61.78	 37.68	 55.38	 59.63	 53.35	 36.93	 32.90	 47.08	 61.77	 58.09	 61.31	 38.06	 48.02	 54.44	 54.53		Ophiophagus_hannah 10
											  0.00	 51.99	 56.99	 49.61	 45.50	 36.33	 35.27	 54.25	 33.49	 36.85	 61.48	 44.25	 43.97	 59.88	 45.91	 66.91	 60.14	 58.36	 50.83	 46.98	 61.40	 40.91	 51.71	 39.94	 44.74	 58.74	 61.10	 39.48	 60.82	 55.33	 54.55	 56.95	 50.56	 49.20	 34.94	 55.40	 54.17	 40.91	 45.97	 47.48	 40.92	 60.69	 37.57	 49.36	 47.65		Anolis_sagrei 11
												  0.00	 64.55	 53.14	 39.60	 41.29	 47.83	 57.40	 42.52	 42.83	 56.46	 43.86	 36.61	 56.12	 28.97	 61.61	 59.26	 61.80	 51.03	  8.12	 55.64	 46.16	 58.19	 41.46	 19.32	 59.36	 56.23	 47.50	 50.04	 53.32	 49.93	 58.51	 50.12	 26.36	 40.80	 61.07	 64.19	 39.41	 45.12	 40.63	 37.94	 55.41	 40.31	 53.11	 32.57		Lacerta_bilineata 12
													  0.00	 57.70	 57.77	 47.52	 57.35	 33.46	 48.27	 46.36	 29.04	 54.85	 60.03	 29.66	 60.35	 42.03	 30.04	 34.08	 57.51	 58.98	 34.49	 56.83	 32.30	 51.24	 56.57	 36.40	 60.08	 52.66	 52.58	 32.51	 57.25	 34.57	 59.90	 56.32	 52.81	 32.44	 28.62	 49.85	 59.08	 55.40	 61.78	 38.45	 50.72	 55.21	 59.83		Imantodes_cenchoa 13
														  0.00	 49.10	 54.23	 52.26	 56.63	 52.02	 52.50	 54.80	 50.24	 50.50	 55.33	 47.20	 56.41	 57.37	 53.47	 53.42	 49.59	 66.90	 56.59	 47.70	 52.84	 48.88	 56.89	 46.17	 44.72	 54.94	 59.28	 59.21	 62.88	 58.50	 51.74	 51.18	 57.18	 64.68	 38.63	 53.43	 47.31	 50.35	 63.03	 49.82	 51.83	 58.62		Phrynocephalus_versicolor 14
															  0.00	 34.56	 43.97	 49.39	 32.23	 34.13	 50.74	 36.86	 37.58	 53.26	 45.72	 61.17	 58.58	 53.80	 49.76	 41.30	 61.54	 43.67	 52.77	 34.95	 39.19	 55.11	 51.93	 40.72	 46.31	 63.61	 46.78	 58.24	 52.76	 43.06	 36.86	 52.07	 66.87	 43.89	 45.65	 41.61	 36.94	 56.79	 39.46	 42.02	 45.24		Cryptoblepharus_egeriae 15
																  0.00	 34.43	 51.44	 19.65	 13.21	 49.98	 40.71	 40.52	 51.80	 38.34	 56.45	 51.55	 49.85	 51.13	 39.30	 53.74	 34.78	 45.88	 33.34	 39.32	 58.53	 48.72	 39.23	 50.69	 52.79	 51.36	 52.68	 46.20	 41.36	 29.28	 49.14	 50.96	 39.05	 43.80	 39.61	 38.67	 47.06	 29.50	 36.42	 40.78		Iguana_delicatissima 16
																	  0.00	 55.86	 34.96	 35.32	 61.77	 40.51	 44.91	 51.84	 44.18	 54.76	 64.27	 59.04	 52.42	 45.62	 51.34	 38.31	 54.04	 40.53	 42.43	 54.81	 54.12	 46.24	 53.15	 54.18	 49.88	 56.10	 46.90	 45.73	 34.10	 57.15	 59.96	 38.06	 46.98	 40.34	 39.93	 59.54	 34.74	 49.26	 42.48		Anolis_carolinensis 17
																		  0.00	 46.90	 45.22	 35.32	 57.87	 52.87	 28.14	 55.45	 36.36	 33.20	 34.77	 54.58	 53.46	 40.14	 58.27	 33.86	 51.59	 58.05	 29.98	 55.24	 51.11	 53.66	 38.62	 56.87	 32.95	 57.96	 48.41	 52.05	 33.43	 36.33	 46.21	 63.06	 52.41	 56.22	 35.59	 50.98	 56.29	 53.59		Myanophis_thanlyinensis 18
																			  0.00	 19.60	 51.96	 38.83	 38.08	 50.47	 39.83	 60.59	 53.93	 50.01	 43.33	 37.37	 57.35	 32.03	 49.88	 29.76	 42.16	 47.20	 52.48	 35.28	 50.68	 47.74	 51.28	 50.84	 45.61	 44.67	 26.70	 45.34	 54.22	 36.16	 42.83	 39.12	 38.74	 50.61	 26.98	 40.04	 44.70		Cyclura_pinguis 19
																				  0.00	 50.00	 42.46	 39.05	 44.31	 36.56	 58.83	 51.55	 51.07	 46.94	 38.18	 57.16	 28.68	 44.23	 26.68	 42.89	 48.23	 45.25	 39.69	 49.58	 50.48	 54.04	 49.14	 40.86	 41.37	 26.30	 47.44	 49.25	 34.83	 45.19	 39.55	 42.96	 44.87	 28.29	 37.42	 39.37		Ctenosaura_bakeri 20
																					  0.00	 54.45	 52.33	 39.94	 53.96	 43.81	 23.75	 23.54	 57.39	 51.33	 27.14	 60.18	 34.37	 48.45	 57.00	 36.07	 63.76	 50.38	 56.51	 33.95	 57.92	 44.15	 57.31	 47.58	 48.95	 24.81	 38.87	 52.36	 58.46	 50.27	 63.91	 34.90	 47.40	 55.86	 54.69		Ptyas_mucosa 21
																						  0.00	 38.33	 62.26	 42.50	 60.11	 55.86	 63.82	 39.31	 38.97	 59.90	 41.06	 62.91	 38.71	 37.44	 61.18	 51.68	 43.31	 46.68	 54.74	 52.49	 58.85	 51.27	 44.22	 33.50	 64.56	 59.77	 40.50	 38.05	 40.91	 35.82	 53.23	 35.55	 44.04	 45.36		Lerista_edwardsae 22
																							  0.00	 53.26	 40.00	 62.40	 54.54	 55.35	 40.78	 34.05	 53.09	 40.70	 47.58	 42.62	 38.26	 49.82	 46.45	 33.80	 46.54	 49.01	 51.51	 50.75	 45.11	 38.56	 42.71	 54.69	 54.36	 37.30	 36.03	 34.80	 36.48	 55.86	 40.72	 40.28	 42.34		Lepidodactylus_listeri 23
																								  0.00	 56.34	 43.82	 37.90	 42.94	 53.44	 49.21	 45.25	 57.23	 33.16	 56.00	 60.49	 23.16	 54.21	 55.93	 56.32	 38.30	 64.45	 25.08	 61.87	 50.97	 52.70	 40.80	 33.09	 51.36	 66.22	 55.81	 61.30	 37.85	 54.70	 56.57	 52.64		Bothrops_jararaca 24
																									  0.00	 63.66	 59.20	 64.41	 49.45	 26.14	 63.18	 39.46	 53.34	 41.84	 31.22	 59.98	 50.67	 46.13	 48.89	 57.17	 52.31	 51.09	 51.16	 32.41	 40.80	 59.97	 59.37	 43.50	 44.86	 35.95	 42.82	 53.26	 39.70	 44.61	 19.79		Podarcis_muralis 25
																										  0.00	 38.37	 39.62	 59.27	 56.51	 44.42	 58.89	 35.67	 65.73	 58.07	 38.46	 64.86	 63.61	 59.78	 37.97	 59.90	 40.04	 59.55	 56.83	 55.61	 41.78	 45.34	 47.76	 63.12	 62.86	 64.08	 42.96	 58.15	 55.16	 56.43		Morelia_viridis 26
																											  0.00	 29.37	 54.27	 52.16	 36.33	 60.61	 32.54	 54.69	 62.52	 34.24	 62.42	 49.27	 50.46	 37.68	 62.89	 38.92	 53.51	 58.18	 52.68	 26.62	 37.22	 46.25	 59.79	 54.13	 59.82	 33.29	 54.70	 54.37	 56.84		Diadophis_punctatus 27
																												  0.00	 52.78	 56.84	 33.93	 59.60	 33.94	 56.23	 57.99	 30.16	 60.09	 54.94	 67.28	 32.20	 61.28	 41.78	 51.64	 62.42	 55.42	 18.11	 41.86	 44.97	 59.76	 52.70	 63.36	 34.27	 55.11	 56.43	 57.09		Pantherophis_guttatus 28
																													  0.00	 44.24	 64.53	 45.56	 54.31	 46.60	 45.47	 48.76	 52.49	 43.82	 50.99	 58.04	 58.98	 49.21	 45.88	 40.72	 46.53	 59.46	 58.54	 27.78	 44.59	 41.66	 50.83	 53.04	 44.82	 43.86	 46.23		Aspidoscelis_marmoratus 29
																														  0.00	 56.18	 42.35	 53.00	 37.78	 16.18	 52.52	 54.93	 43.49	 46.74	 51.98	 51.34	 52.45	 43.57	 25.84	 36.32	 54.94	 59.13	 39.31	 43.99	 35.31	 36.95	 53.47	 36.76	 43.58	 30.45		Lacerta_viridis 30
																															  0.00	 60.32	 37.47	 51.28	 58.57	 37.78	 65.21	 58.51	 62.19	 34.14	 58.63	 43.58	 56.20	 52.18	 51.22	 37.56	 38.25	 47.74	 57.23	 57.08	 60.49	 44.56	 50.24	 56.65	 56.41		Boaedon_fuliginosus 31
																																  0.00	 50.41	 26.03	 44.54	 56.10	 51.28	 39.72	 60.12	 51.75	 54.87	 55.87	 48.80	 41.36	 17.00	 55.39	 59.56	 44.61	 42.97	 43.10	 45.98	 52.94	 29.49	 44.71	 43.43		Phrynosoma_platyrhinos 32
																																	  0.00	 49.91	 58.00	 32.67	 50.98	 53.17	 60.23	 28.23	 57.81	 34.69	 55.48	 56.46	 45.99	 30.65	 36.50	 41.70	 53.61	 48.31	 54.41	 30.82	 50.61	 47.43	 56.01		Naja_naja 33
																																		  0.00	 39.80	 54.20	 50.88	 42.95	 53.20	 56.92	 51.94	 55.95	 50.67	 40.49	 23.75	 52.91	 54.81	 41.95	 47.96	 36.21	 42.89	 55.02	 13.95	 41.83	 44.17		Sceloporus_tristichus 34
																																			  0.00	 64.22	 57.04	 43.64	 47.32	 61.52	 55.55	 56.51	 43.63	 29.61	 38.79	 59.45	 61.36	 47.07	 42.59	 37.89	 36.55	 55.08	 36.78	 41.49	 31.49		Lacerta_agilis 35
																																				  0.00	 53.39	 48.66	 61.39	 36.94	 59.85	 25.33	 59.50	 52.70	 52.93	 34.79	 38.41	 46.57	 59.28	 54.76	 57.94	 37.87	 51.66	 57.39	 51.27		Protobothrops_mucrosquamatus 36
																																					  0.00	 49.99	 59.43	 61.00	 58.15	 54.60	 53.74	 54.54	 50.10	 57.83	 57.92	 37.16	 55.72	 46.08	 56.26	 57.55	 50.08	 55.51	 54.51		Pogona_vitticeps 37
																																						  0.00	 50.18	 60.75	 50.23	 56.55	 50.90	 43.89	 36.77	 53.82	 53.93	 34.28	 42.28	 41.43	 36.48	 50.13	 37.13	 48.64	 43.35		Gekko_japonicus 38
																																							  0.00	 70.61	 46.13	 58.57	 53.81	 45.82	 55.42	 65.22	 58.81	 42.52	 59.24	 45.93	 44.31	 63.89	 50.31	 44.87	 47.70		Sphaerodactylus_townsendi 39
																																								  0.00	 68.75	 36.00	 51.60	 54.72	 49.66	 30.23	 33.22	 48.45	 51.72	 56.57	 54.75	 29.84	 55.29	 60.03	 56.39		Bungarus_multicintus 40
																																									  0.00	 59.21	 64.31	 50.02	 48.26	 61.70	 61.23	 43.01	 46.52	 53.44	 48.89	 64.42	 51.34	 53.04	 53.90		Paroedura_picta 41
																																										  0.00	 54.75	 54.68	 53.30	 39.95	 39.48	 46.35	 63.87	 59.96	 55.96	 42.67	 57.07	 56.65	 48.25		Crotalus_tigris 42
																																											  0.00	 44.13	 42.29	 51.79	 53.87	 41.28	 47.85	 49.27	 52.63	 56.21	 47.59	 51.01	 50.96		Sphenodon_punctatus 43
																																												  0.00	 36.36	 61.57	 53.10	 40.67	 41.84	 42.35	 42.19	 54.51	 42.56	 43.92	 27.31		Zootoca_vivipara 44
																																													  0.00	 49.27	 55.21	 39.92	 42.42	 40.78	 40.92	 47.78	 20.28	 42.13	 44.97		Phrynosoma_blainvillii 45
																																														  0.00	 37.01	 45.57	 59.33	 52.44	 58.21	 32.03	 52.89	 52.61	 58.80		Pituophis_catenifer 46
																																															  0.00	 51.26	 58.87	 55.12	 58.95	 36.52	 53.73	 60.46	 56.16		Tropidonophis_doriae 47
																																																  0.00	 40.59	 41.79	 33.32	 43.62	 39.88	 37.91	 45.43		Salvator_merianae 48
																																																	  0.00	 39.85	 40.70	 53.99	 44.41	 43.58	 46.33		Eublepharis_macularius 49
																																																		  0.00	 39.42	 57.25	 38.10	 41.81	 39.42		Hemicordylus_capensis 50
																																																			  0.00	 54.47	 38.64	 47.44	 44.38		Plestiodon_gilberti 51
																																																				  0.00	 52.50	 57.59	 50.09		Laticauda_colubrina 52
																																																					  0.00	 41.05	 43.96		Sceloporus_occidentalis 53
																																																						  0.00	 48.90		Varanus_salvator 54
																																																							  0.00		Podarci_raffonei 55
