Distance Matrix
---------------

Using the Tamura correction method
Using base positions 123 in the codon
Gap weighting is 0.000000

	    1	    2	    3	    4	    5	    6	    7	    8	    9	    10	    11	    12	    13	    14	    15	    16	    17	    18	    19	    20	    21	    22	    23	    24	    25	    26	    27	    28	    29	    30	    31	    32	    33	    34	    35	    36	    37	    38	    39	    40	    41	    42	    43	    44	    45	    46	    47	    48	    49	    50	    51	    52	    53	    54	    55	    56
	  0.00	 51.85	133.26	 63.82	118.53	 64.39	 69.99	 83.27	114.98	 46.47	115.53	 96.97	 53.41	103.06	 92.97	126.40	114.99	 60.98	110.52	121.11	 36.71	111.08	156.71	 56.54	122.57	 94.14	 67.47	 51.92	 34.87	115.11	 97.19	 59.81	112.82	 56.72	120.20	118.00	 50.97	 93.79	 96.53	100.56	 56.61	123.48	 55.62	114.29	115.24	110.55	 34.08	 62.11	121.63	143.83	106.73	110.09	 69.16	120.99	115.66	 86.32		Arizona_elegans 1
		  0.00	106.35	 55.48	 90.99	 57.03	 71.55	 68.34	105.05	 52.69	121.31	119.65	 39.24	 85.65	 94.24	 95.80	106.59	 37.08	109.00	100.22	 54.91	105.59	147.35	 54.95	114.79	 97.99	 70.63	 35.50	 39.40	 97.37	124.38	 56.17	112.09	 54.53	136.18	 99.64	 53.04	110.70	106.34	108.60	 54.77	124.89	 58.34	133.71	111.34	108.48	 38.62	 63.71	 99.87	121.53	102.14	102.18	 60.33	123.09	118.23	113.49		Thermophis_baileyi 2
			  0.00	124.35	 72.13	105.22	114.63	 80.51	 71.63	 99.49	 71.67	 71.16	 90.52	 88.33	 77.70	 55.08	 69.40	 83.59	 55.41	 64.70	110.31	 58.98	 95.31	 87.67	 82.13	 68.12	 99.33	106.70	 97.62	 77.25	 69.46	115.86	 69.63	 89.77	 67.86	 74.86	 94.59	 96.74	 86.65	102.96	118.10	 95.66	100.59	102.06	 65.71	 73.21	 92.75	 90.10	 85.22	 80.24	 93.93	 77.42	 87.79	 57.85	 76.37	 65.63		Elgaria_multicarinata 3
				  0.00	107.06	 68.34	 72.06	 69.44	129.47	 69.02	110.40	138.94	 60.52	102.72	105.32	106.44	129.70	 59.52	107.24	123.61	 49.84	135.07	169.01	 75.24	106.57	131.73	 70.06	 60.74	 59.09	104.06	135.10	 58.72	107.69	 76.61	130.80	100.03	 77.69	107.47	105.80	 97.51	 52.30	133.11	 62.54	136.21	101.47	108.82	 57.48	 60.23	 99.78	144.71	 99.52	135.97	 73.22	108.01	108.66	110.09		Thamnophis_elegans 4
					  0.00	 88.74	105.37	 95.80	 50.36	 93.86	 56.06	 62.03	 91.73	 73.58	 62.59	 64.44	 53.11	 90.67	 59.74	 61.82	129.90	 58.46	 96.87	 84.80	 87.99	 60.59	118.43	 95.30	 98.53	  6.10	 65.07	 78.60	 60.28	 89.81	 58.75	 68.31	 80.77	 87.41	 76.28	 74.02	118.07	 82.23	 80.20	 83.05	 62.07	 63.00	 95.11	118.72	 29.59	 66.42	 78.66	 77.38	 94.28	 63.14	 80.44	 65.00		Aspidocelis_tigris 5
						  0.00	 61.14	 66.94	108.81	 53.35	 95.00	113.04	 45.43	 82.13	108.12	102.28	115.91	 54.88	 98.31	100.51	 48.58	 85.30	127.29	 49.12	125.31	 97.16	 77.36	 41.21	 51.46	 88.94	120.79	 63.06	 96.07	 59.06	109.30	140.69	 44.04	 93.97	115.49	119.47	 60.98	146.31	 44.44	112.88	119.95	 95.98	 56.02	 55.41	103.03	138.51	121.78	102.55	 69.30	 98.94	111.55	112.25		Azemiops_feae 6
							  0.00	 67.95	 99.64	 64.92	118.99	119.94	 54.06	 81.29	118.09	122.27	115.80	 56.52	106.06	108.50	 77.47	 87.10	111.13	 58.51	114.95	122.08	 62.02	 59.98	 72.94	105.26	130.28	 67.14	 99.70	 66.60	120.81	123.11	 60.90	110.90	114.67	 91.38	 69.05	139.35	 53.56	122.65	 98.24	103.72	 64.67	 73.55	112.83	132.26	 93.67	101.02	 84.84	115.51	106.43	110.43		Daboia_siamensis 7
								  0.00	112.50	 64.67	128.15	127.88	 61.05	 70.78	115.95	114.48	121.55	 70.05	128.40	107.50	 74.29	 96.06	130.29	 59.21	116.41	105.16	 54.14	 62.22	 61.07	 95.66	105.22	 77.22	110.44	 70.07	117.76	118.65	 62.33	107.41	130.93	 86.41	 66.66	121.56	 64.32	107.57	102.90	109.14	 71.28	 62.70	 98.46	102.73	103.88	 95.18	 72.34	103.07	 94.47	 99.25		Charina_bottae 8
									  0.00	 91.55	 73.25	 80.70	 93.94	 76.16	 63.41	 80.01	 66.24	 89.67	 75.36	 72.33	115.64	 63.49	 82.68	104.63	 68.80	 67.71	103.84	102.86	104.36	 54.31	 79.20	 85.99	 74.70	 87.23	 69.32	 76.16	100.96	 87.93	 66.73	 76.35	114.98	 78.39	100.88	 90.50	 75.10	 66.12	 96.60	 89.51	 61.44	 78.05	 72.60	 71.92	 95.95	 63.00	 77.78	 64.29		Shinisaurus_crocodilurus 9
										  0.00	105.42	 89.13	 50.08	 82.97	 80.41	104.24	100.83	 58.17	102.17	101.36	 55.51	 86.67	107.95	 56.73	114.26	 96.83	 80.46	 44.10	 45.77	 99.50	 89.35	 58.52	 80.91	 28.35	106.21	116.10	 56.57	 86.39	 84.89	 92.29	 35.37	131.18	 54.60	 94.42	117.32	 86.15	 49.61	 51.55	 92.91	102.10	 88.01	 72.58	 40.89	 81.65	 89.70	 93.40		Ophiophagus_hannah 10
											  0.00	 53.76	114.53	 69.13	 59.65	 59.93	 45.10	 91.64	 49.31	 54.09	 97.92	 58.82	 89.77	134.04	 62.99	 57.85	121.43	120.58	105.75	 54.64	 55.39	 98.31	 47.15	 88.13	 49.67	 60.58	103.61	 82.29	 87.97	 85.22	106.62	 93.61	110.70	 85.85	 62.61	 54.11	122.75	 93.00	 62.31	 70.88	 94.27	 66.83	 85.74	 56.74	 78.81	 61.80		Anolis_sagrei 11
												  0.00	115.96	 71.46	 77.02	 64.63	 58.82	101.25	 63.29	 62.24	105.37	 63.35	 85.23	107.57	 84.98	 36.85	 94.77	 98.64	100.30	 61.87	  7.70	106.76	 65.42	102.47	 71.85	 28.81	117.45	 86.56	 73.50	 78.53	129.19	 88.74	112.01	 94.88	 36.73	 75.30	 86.84	100.61	 83.99	 68.50	 92.95	 76.59	124.13	 68.14	 70.03	 30.74		Lacerta_bilineata 12
													  0.00	 74.63	 98.56	109.32	 92.47	 47.12	120.48	 88.65	 61.66	 92.10	133.65	 58.83	102.75	104.57	 67.67	 36.19	 53.16	 98.58	109.79	 54.22	102.49	 54.89	125.81	106.20	 61.31	104.49	112.08	122.25	 51.37	134.72	 53.82	134.43	 98.44	109.90	 42.45	 56.91	110.76	147.45	 81.03	106.61	 73.04	121.67	 94.47	 92.87		Imantodes_cenchoa 13
														  0.00	 91.67	 77.40	 73.96	 78.47	 79.77	 72.60	 87.41	 86.24	 85.12	115.06	 91.02	 72.41	 80.96	 90.96	 92.29	 73.64	 67.96	 72.78	 77.43	 84.41	 86.47	 67.10	 89.62	 81.11	101.20	 70.37	 82.75	 87.93	 90.90	 97.15	 67.32	 81.72	 76.27	 78.52	 79.68	 69.96	 72.07	 87.80	 80.27	 90.69	 95.61	 69.73		Phrynocephalus_versicolor 14
															  0.00	 67.47	 64.85	 96.46	 81.11	 72.31	 95.31	 60.61	106.48	102.07	 65.02	 53.20	122.77	 92.75	 84.48	 64.05	 83.67	111.12	 89.60	 96.53	 75.16	 73.71	 90.61	 79.52	 82.70	 68.96	 95.59	 79.17	 95.03	 74.17	 76.61	 76.04	 78.15	 86.11	 64.17	 69.49	 79.36	 71.26	 91.87	 76.58	 73.03	 62.89		Cryptoblepharus_egeriae 15
																  0.00	 53.71	 91.12	 26.00	 24.34	111.67	 57.64	 80.69	113.49	 69.57	 66.74	121.89	115.94	104.29	 67.49	 63.06	 95.82	 51.11	100.17	 52.17	 62.16	111.16	 82.78	 74.73	 65.92	126.53	 76.39	114.33	 92.51	 68.31	 50.82	100.29	101.96	 72.16	 67.73	 91.18	 73.40	112.65	 44.59	 64.44	 62.14		Iguana_delicatissima 16
																	  0.00	 94.45	 51.26	 48.92	121.45	 61.98	 93.18	112.19	 69.82	 57.14	106.20	100.92	108.24	 61.33	 54.66	100.79	 54.77	 94.03	 57.62	 58.30	122.81	 92.63	 77.13	 82.36	102.59	 70.40	111.90	 77.84	 62.72	 57.87	107.28	 89.74	 63.47	 60.88	 70.79	 80.24	101.08	 55.68	 69.22	 61.12		Anolis_carolinensis 17
																		  0.00	 92.40	 99.77	 55.63	 88.20	130.68	 63.74	 96.25	 99.19	 68.47	 50.60	 49.86	 94.33	101.61	 48.77	 96.85	 57.08	107.60	101.17	 56.46	 86.48	106.64	115.70	 51.27	110.54	 50.80	115.55	 91.46	 89.63	 53.10	 57.06	 94.87	120.04	 99.54	 94.46	 65.80	108.69	102.34	 98.12		Myanophis_thanlyinensis 18
																			  0.00	 37.17	102.21	 64.79	 80.89	115.17	 71.38	 64.00	105.89	129.36	 96.62	 62.66	 61.91	 92.09	 53.03	 91.63	 65.26	 62.32	108.07	 76.38	 69.73	 73.69	124.12	 63.72	106.71	 87.94	 68.83	 54.11	101.21	 96.25	 61.30	 66.47	 85.49	 65.65	 88.62	 53.61	 66.06	 60.96		Cyclura_pinguis 19
																				  0.00	128.61	 66.94	 68.82	121.46	 76.75	 65.51	110.33	101.95	106.44	 66.16	 69.54	 96.47	 57.38	 90.36	 50.67	 62.80	107.91	 85.67	 80.02	 80.65	123.84	 88.02	123.21	 92.34	 58.21	 50.40	 99.35	 95.59	 72.37	 78.05	 75.93	 79.00	105.39	 49.12	 73.82	 59.61		Ctenosaura_bakeri 20
																					  0.00	100.86	130.14	 54.66	105.61	 97.88	 59.84	 47.10	 24.41	142.85	106.14	 56.61	 96.92	 69.72	122.48	107.85	 63.80	 88.06	101.91	 95.35	 50.13	108.59	 55.14	119.46	100.54	 93.91	 28.10	 49.75	110.84	137.86	117.22	111.50	 61.43	 99.50	 98.90	104.75		Ptyas_mucosa 21
																						  0.00	 73.20	 85.89	 77.43	 67.91	112.04	102.27	 79.02	 66.17	 58.86	 94.30	 58.43	 82.38	 55.31	 73.07	 85.78	 69.97	 77.24	 78.11	113.27	 86.31	 93.77	 90.61	 68.21	 64.01	 80.01	 95.06	 72.54	 62.67	 76.35	 41.99	 95.10	 56.74	 64.95	 64.60		Lerista_edwardsae 22
																							  0.00	119.00	110.82	 84.34	106.00	119.68	134.15	104.59	 97.16	100.62	 69.09	116.34	 78.13	 91.54	100.27	 91.77	 72.13	 78.62	144.01	100.93	138.33	105.31	 71.65	 69.00	132.94	129.77	 88.05	 98.09	 78.39	 79.33	127.91	 68.75	 96.88	 92.11		Lepidodactylus_listeri 23
																								  0.00	137.18	 99.94	 64.31	 43.08	 48.06	 88.73	110.28	 75.61	102.35	 64.93	139.35	123.97	 24.84	 96.89	133.59	100.43	 73.21	123.50	 42.43	121.49	129.04	102.71	 51.98	 77.37	108.02	111.78	107.98	107.05	 78.64	113.20	 95.91	114.49		Bothrops_jararaca 24
																									  0.00	 67.38	136.15	122.13	119.96	 79.98	 76.62	109.27	 68.51	110.83	 86.63	 69.32	169.71	 63.29	 88.29	 75.25	106.90	 88.06	127.79	 91.02	 69.09	 76.72	115.53	113.89	 82.49	 68.94	 76.32	 81.84	 88.84	 84.02	 40.33	 62.67		Varanus_komodoensis 25
																										  0.00	 93.55	 87.85	 96.14	 60.55	 40.98	 97.30	 68.63	105.59	 76.59	 41.85	101.97	 79.45	 85.59	 80.97	101.81	 80.05	100.24	 87.12	 43.10	 66.20	 98.19	 85.75	 68.41	 68.22	 80.43	 77.15	105.58	 70.60	 64.14	 17.23		Podarcis_muralis 26
																											  0.00	 65.52	 65.82	119.23	 97.39	 84.37	 91.66	 77.46	102.66	 92.37	 61.58	 97.69	107.13	100.62	 78.60	137.81	 67.13	105.99	 97.76	 89.91	 62.57	 60.08	123.62	134.46	 93.35	105.05	 85.50	 94.88	111.80	101.56		Morelia_viridis 27
																												  0.00	 41.77	 97.79	111.07	 59.08	100.20	 59.19	101.58	105.57	 51.01	 91.97	107.26	107.95	 48.18	107.74	 46.28	122.52	103.80	 95.07	 38.43	 51.49	 92.35	146.99	 92.41	102.29	 66.84	 98.35	 97.07	 87.02		Diadophis_punctatus 28
																													  0.00	108.97	100.80	 49.15	 97.61	 52.83	111.95	107.73	 49.31	 91.83	 86.41	 96.50	 50.45	114.66	 43.22	 98.58	105.90	 88.49	 20.00	 49.36	 96.52	127.31	 99.36	 83.33	 46.63	102.47	 92.83	 99.41		Pantherophis_guttatus 29
																														  0.00	 64.95	 86.46	 63.46	 92.84	 63.02	 65.08	 81.00	 89.24	 82.01	 75.77	128.16	 88.42	 84.60	 80.97	 63.77	 69.35	102.72	122.87	 33.51	 71.13	 82.59	 83.64	 96.59	 66.14	 80.17	 66.52		Aspidoscelis_marmoratus 30
																															  0.00	 99.37	 65.62	103.71	 75.67	 25.61	126.96	 86.64	 75.45	 76.73	123.23	 77.26	121.06	 87.98	 41.63	 77.40	 94.74	 93.54	 82.41	 61.01	 84.23	 78.43	109.01	 68.33	 70.07	 33.01		Lacerta_viridis 31
																																  0.00	 90.82	 53.14	 96.79	109.15	 73.59	105.97	 88.59	 93.72	 47.54	114.61	 73.39	127.10	102.55	 92.15	 54.53	 65.63	 79.22	127.97	 94.41	104.45	 64.93	 94.20	109.06	 84.99		Boaedon_fuliginosus 32
																																	  0.00	 82.24	 35.51	 72.78	111.53	 72.98	 70.20	 80.46	 98.22	100.71	104.04	 85.88	 72.72	 15.90	 87.60	 80.50	 73.44	 79.54	 91.18	 57.70	 74.34	 36.19	 87.64	 80.74		Phrynosoma_platyrhinos 33
																																		  0.00	 92.39	107.53	 62.63	 83.92	112.39	 99.16	 36.70	101.92	 59.83	 94.31	107.71	 81.75	 51.68	 51.58	 83.44	111.93	 84.06	 70.94	 43.34	 83.20	 83.90	 95.84		Naja_naja 34
																																			  0.00	 81.56	138.04	 74.71	 76.72	 74.20	109.79	 93.04	126.03	 74.38	 71.17	 36.26	108.93	114.56	 60.24	 73.61	 93.37	 69.28	 90.79	 19.80	 82.86	 72.47		Sceloporus_tristichus 35
																																				  0.00	111.84	 85.33	 95.10	 76.84	106.35	 78.08	109.87	100.29	 33.78	 74.03	 89.32	109.18	 76.41	 79.58	 77.09	 80.29	 99.51	 77.16	 70.40	 34.68		Lacerta_agilis 36
																																					  0.00	100.36	121.41	102.89	 69.63	126.05	 37.33	122.26	119.88	110.31	 50.46	 82.44	 95.27	119.61	 92.74	 96.46	 73.33	117.45	120.40	109.08		Protobothrops_mucrosquamatus 37
																																						  0.00	 74.96	 61.44	 82.83	 77.90	 97.54	 80.29	 66.78	 76.38	111.83	 94.88	 83.72	 71.18	 81.17	 78.22	 79.81	 76.31	 60.26	 75.56		Pogona_vitticeps 38
																																							  0.00	 66.43	105.72	106.37	109.97	 97.54	 87.37	 82.33	102.16	 89.96	 80.24	 92.62	 88.57	 93.96	101.57	 76.53	 85.47	 75.80		Gekko_japonicus 39
																																								  0.00	 99.11	 79.31	116.50	 86.44	 78.69	 77.05	 98.47	103.94	 61.12	 76.16	 67.27	 82.47	 84.40	 73.88	 64.37	 80.97		Sphaerodactylus_townsendi 40
																																									  0.00	126.41	 64.43	 96.11	110.32	 99.25	 56.99	 44.61	 92.35	119.81	 94.00	 96.45	 47.84	116.59	 85.90	 88.64		Bungarus_multicintus 41
																																										  0.00	113.23	112.63	 81.86	 91.41	105.32	121.55	 91.16	 68.95	 87.68	 85.91	 90.44	 97.31	 79.82	 67.64		Paroedura_picta 42
																																											  0.00	122.68	116.08	105.28	 47.53	 59.69	105.89	115.19	 92.91	 98.77	 75.71	109.29	117.42	102.15		Crotalus_tigris 43
																																												  0.00	114.32	 87.32	104.90	 96.89	 77.49	 92.26	 93.84	 92.05	103.42	 82.26	 75.90	 84.72		Sphenodon_punctatus 44
																																													  0.00	 69.47	101.38	104.83	 75.65	 78.13	 76.01	 73.30	141.43	 77.64	 65.61	 33.62		Zootoca_vivipara 45
																																														  0.00	 88.84	 76.69	 68.25	 75.34	 93.24	 59.08	 84.27	 38.15	 83.49	 75.78		Phrynosoma_blainvillii 46
																																															  0.00	 52.27	104.82	134.56	104.43	105.77	 51.53	 96.87	101.69	 86.96		Pituophis_catenifer 47
																																																  0.00	115.84	124.06	107.32	 95.35	 65.08	 95.80	111.62	 91.85		Tropidonophis_doriae 48
																																																	  0.00	 74.44	 73.62	 81.32	 74.82	 60.10	 76.84	 64.93		Salvator_merianae 49
																																																		  0.00	 87.03	 85.03	105.92	 74.93	 74.99	 74.28		Eublepharis_macularius 50
																																																			  0.00	 78.27	 79.87	 81.71	 66.07	 72.06		Hemicordylus_capensis 51
																																																				  0.00	 73.41	 57.47	 67.58	 78.40		Plestiodon_gilberti 52
																																																					  0.00	 81.25	 93.59	103.53		Laticauda_colubrina 53
																																																						  0.00	 70.60	 74.00		Sceloporus_occidentalis 54
																																																							  0.00	 58.20		Varanus_salvator 55
																																																								  0.00		Podarci_raffonei 56
