Distance Matrix
---------------

Using the Tamura correction method
Using base positions 123 in the codon
Gap weighting is 0.000000

	    1	    2	    3	    4	    5	    6	    7	    8	    9	    10	    11	    12	    13	    14	    15	    16	    17	    18	    19	    20	    21	    22	    23	    24	    25	    26	    27	    28	    29	    30	    31	    32	    33	    34	    35	    36	    37	    38	    39	    40	    41	    42	    43	    44	    45	    46	    47	    48	    49	    50	    51	    52	    53	    54	    55	    56
	  0.00	 27.02	 56.96	 29.05	 59.86	 29.83	 37.28	 41.04	 54.54	 28.98	 64.72	 60.06	 26.08	 63.70	 59.03	 60.88	 63.41	 31.88	 64.03	 62.87	 22.03	 59.96	 62.35	 32.38	 73.88	 66.26	 35.55	 27.22	 15.84	 61.28	 59.76	 28.62	 58.93	 32.85	 64.27	 64.30	 29.17	 63.92	 61.49	 65.01	 32.52	 64.76	 35.94	 64.91	 67.23	 59.50	 18.31	 34.70	 54.94	 55.75	 59.87	 57.50	 34.78	 60.95	 62.23	 68.15		Arizona_elegans 1
		  0.00	 53.28	 30.20	 64.88	 31.61	 38.00	 39.65	 57.35	 30.37	 72.92	 68.65	 25.85	 65.64	 57.60	 57.46	 64.56	 31.90	 59.55	 60.55	 32.82	 57.95	 60.97	 31.82	 71.15	 70.91	 34.85	 24.49	 26.45	 61.11	 68.28	 31.47	 61.05	 30.13	 62.66	 62.35	 30.20	 60.82	 62.51	 62.84	 28.91	 63.67	 32.77	 65.45	 67.50	 63.41	 29.27	 28.06	 61.75	 61.19	 63.63	 56.06	 33.74	 60.97	 57.19	 68.40		Thermophis_baileyi 2
			  0.00	 58.11	 48.80	 55.74	 60.96	 59.79	 34.86	 53.76	 44.99	 46.75	 56.58	 54.85	 39.23	 37.25	 41.29	 57.10	 39.69	 37.67	 59.02	 39.58	 50.45	 56.93	 52.75	 44.69	 55.02	 53.73	 61.13	 49.46	 45.65	 58.23	 37.13	 53.40	 38.56	 43.28	 55.81	 54.57	 48.16	 45.37	 54.66	 55.93	 58.02	 55.02	 44.64	 38.03	 56.28	 51.92	 48.78	 45.76	 43.65	 37.69	 62.96	 38.21	 42.64	 44.66		Elgaria_multicarinata 3
				  0.00	 60.93	 38.72	 37.87	 44.41	 59.15	 31.94	 65.48	 67.49	 29.85	 67.54	 57.60	 59.20	 64.13	 34.91	 64.89	 61.71	 34.31	 64.88	 68.95	 36.35	 72.23	 67.40	 39.07	 30.28	 30.36	 61.02	 67.13	 31.26	 64.11	 35.09	 66.10	 62.26	 32.65	 67.33	 65.16	 62.88	 36.09	 72.71	 36.55	 67.40	 68.41	 63.37	 30.29	 34.16	 61.91	 62.43	 59.69	 59.33	 39.09	 64.91	 61.51	 65.22		Thamnophis_elegans 4
					  0.00	 62.14	 63.14	 66.01	 46.38	 63.88	 49.95	 54.85	 59.83	 55.09	 54.46	 48.20	 49.65	 61.31	 54.73	 50.90	 59.63	 52.71	 60.17	 66.70	 66.58	 48.50	 63.68	 66.88	 62.10	 12.28	 54.54	 66.38	 48.84	 63.41	 52.97	 52.07	 61.94	 59.52	 56.97	 58.90	 63.02	 60.47	 72.24	 61.11	 50.02	 48.99	 60.30	 61.29	 33.74	 54.79	 52.41	 50.28	 62.42	 48.97	 57.13	 47.22		Aspidocelis_tigris 5
						  0.00	 27.16	 38.87	 55.15	 29.58	 69.11	 62.29	 30.46	 65.60	 57.82	 55.27	 66.00	 34.18	 64.00	 56.63	 35.36	 57.61	 57.71	 23.68	 70.31	 64.10	 34.73	 29.54	 31.34	 62.48	 61.23	 36.22	 59.72	 33.43	 65.80	 59.06	 20.88	 60.48	 62.22	 60.40	 36.57	 63.03	 25.59	 64.12	 64.94	 59.69	 30.92	 34.71	 55.26	 59.09	 62.59	 60.15	 37.49	 64.35	 60.72	 66.27		Azemiops_feae 6
							  0.00	 45.49	 58.65	 32.33	 66.83	 66.80	 39.44	 66.28	 61.28	 58.65	 65.17	 39.43	 64.74	 61.27	 36.38	 62.97	 61.24	 34.22	 68.94	 63.86	 41.11	 36.09	 37.98	 66.53	 65.66	 40.40	 61.58	 38.97	 63.47	 64.09	 29.55	 67.97	 64.21	 66.78	 38.74	 65.46	 36.00	 64.73	 68.69	 61.48	 36.81	 41.02	 64.60	 61.33	 64.11	 61.10	 39.93	 68.08	 58.98	 64.14		Daboia_siamensis 7
								  0.00	 59.93	 39.98	 65.98	 66.78	 39.52	 64.06	 59.51	 57.23	 62.58	 39.84	 65.86	 59.97	 41.31	 61.80	 60.02	 42.33	 66.62	 67.21	 29.49	 43.56	 39.37	 66.91	 66.76	 41.83	 60.86	 39.69	 61.77	 63.54	 39.95	 58.97	 64.74	 60.26	 41.77	 67.68	 43.76	 68.81	 66.26	 60.81	 39.23	 39.14	 60.44	 56.36	 64.35	 57.69	 43.32	 62.18	 62.80	 63.96		Charina_bottae 8
									  0.00	 56.59	 42.00	 43.16	 58.27	 49.98	 45.67	 36.81	 39.74	 59.42	 39.82	 37.90	 57.13	 39.54	 50.50	 58.21	 47.10	 44.20	 58.89	 62.13	 58.22	 48.34	 43.17	 57.01	 38.39	 54.03	 35.92	 45.89	 58.40	 51.38	 45.92	 42.50	 53.03	 52.54	 56.39	 54.54	 44.96	 38.54	 56.03	 55.69	 48.54	 41.61	 41.30	 40.38	 58.62	 38.57	 43.03	 43.80		Shinisaurus_crocodilurus 9
										  0.00	 62.27	 64.23	 28.23	 62.85	 57.00	 58.79	 63.86	 33.84	 62.83	 56.14	 34.33	 61.09	 64.34	 29.82	 66.47	 63.44	 34.35	 28.65	 27.95	 64.27	 64.59	 31.49	 59.08	 24.51	 59.24	 63.05	 30.55	 65.10	 63.41	 63.17	 28.91	 66.73	 31.80	 68.27	 59.87	 57.04	 27.62	 29.37	 57.72	 58.47	 58.27	 56.73	 30.80	 62.49	 57.84	 64.10		Ophiophagus_hannah 10
											  0.00	 49.82	 64.98	 55.98	 47.15	 41.17	 25.79	 71.54	 41.32	 39.87	 64.25	 48.04	 54.60	 70.20	 74.21	 47.01	 63.21	 70.20	 66.35	 55.89	 48.31	 64.65	 32.69	 67.02	 34.51	 46.70	 63.84	 58.22	 55.26	 49.20	 57.00	 60.08	 70.49	 63.89	 46.96	 35.85	 62.59	 64.72	 56.30	 44.67	 49.52	 44.00	 67.72	 37.14	 52.98	 44.37		Anolis_sagrei 11
												  0.00	 68.41	 62.73	 48.48	 48.61	 51.83	 60.65	 44.10	 45.52	 62.57	 45.89	 53.05	 64.92	 79.94	 30.22	 62.67	 65.94	 64.60	 56.33	  3.66	 66.96	 42.60	 65.29	 44.80	 21.83	 61.64	 56.05	 52.29	 54.37	 68.76	 62.87	 62.60	 59.62	 30.38	 40.62	 60.43	 67.72	 53.04	 52.43	 49.24	 44.36	 68.58	 47.64	 54.39	 28.70		Lacerta_bilineata 12
													  0.00	 63.84	 58.26	 62.81	 60.89	 30.04	 63.89	 57.87	 31.01	 63.55	 59.74	 35.14	 74.71	 66.14	 32.30	 22.23	 23.77	 58.77	 66.49	 26.74	 59.52	 29.53	 66.24	 60.66	 33.45	 63.07	 66.26	 60.17	 30.72	 66.44	 38.02	 65.34	 62.70	 60.13	 27.51	 26.78	 54.01	 55.06	 58.61	 58.73	 34.66	 60.51	 61.46	 68.44		Imantodes_cenchoa 13
														  0.00	 53.88	 52.47	 54.29	 61.95	 55.93	 53.30	 62.44	 53.11	 54.83	 64.74	 82.30	 59.18	 57.98	 64.70	 63.82	 54.89	 62.69	 62.53	 50.65	 62.24	 54.15	 64.65	 60.81	 52.33	 56.40	 56.01	 60.95	 62.17	 74.59	 63.73	 56.00	 49.44	 61.14	 59.98	 54.43	 52.21	 53.95	 54.67	 66.85	 54.97	 58.85	 58.04		Phrynocephalus_versicolor 14
															  0.00	 38.84	 44.26	 55.98	 40.72	 39.13	 60.02	 32.43	 43.96	 58.83	 62.46	 49.92	 58.90	 56.64	 59.54	 52.64	 47.34	 57.73	 40.16	 54.19	 41.72	 46.16	 58.93	 55.94	 46.17	 41.04	 58.13	 54.62	 59.88	 58.58	 48.70	 39.52	 57.71	 54.97	 45.59	 48.26	 45.34	 32.71	 65.93	 41.51	 48.04	 48.15		Cryptoblepharus_egeriae 15
																  0.00	 39.54	 55.31	 22.55	 19.82	 61.83	 32.66	 47.83	 56.20	 54.50	 42.89	 57.62	 61.49	 60.10	 48.69	 46.63	 63.97	 33.35	 58.81	 33.65	 41.90	 52.87	 46.61	 43.86	 43.36	 59.55	 55.59	 59.40	 54.98	 46.90	 33.38	 57.54	 51.48	 49.97	 43.72	 44.63	 34.62	 61.81	 32.83	 37.92	 42.03		Iguana_delicatissima 16
																	  0.00	 61.69	 38.57	 34.45	 61.82	 45.51	 52.16	 66.93	 60.10	 45.75	 60.38	 65.88	 63.54	 50.50	 49.66	 65.12	 31.27	 67.61	 33.73	 44.19	 65.51	 58.52	 53.51	 50.65	 60.40	 57.01	 69.33	 55.14	 46.69	 35.21	 59.21	 62.26	 50.74	 45.41	 49.61	 39.69	 67.42	 34.53	 52.01	 45.93		Anolis_carolinensis 17
																		  0.00	 59.71	 58.99	 34.21	 58.37	 55.30	 34.88	 53.01	 60.83	 36.95	 31.64	 30.56	 61.31	 59.28	 33.51	 62.34	 33.09	 66.01	 58.50	 32.31	 61.58	 55.78	 65.92	 35.01	 65.43	 36.32	 61.05	 66.12	 60.20	 34.80	 34.05	 56.95	 60.44	 58.10	 57.33	 39.93	 62.05	 58.50	 63.50		Myanophis_thanlyinensis 18
																			  0.00	 25.79	 63.34	 40.27	 48.94	 65.65	 53.41	 45.26	 61.10	 59.41	 62.80	 53.14	 42.75	 62.92	 33.70	 61.35	 36.76	 43.10	 59.31	 51.66	 47.66	 50.98	 61.97	 57.85	 61.89	 57.03	 47.01	 34.29	 60.16	 52.82	 56.34	 45.72	 46.01	 38.03	 63.56	 33.53	 41.75	 46.98		Cyclura_pinguis 19
																				  0.00	 64.67	 36.67	 48.43	 59.18	 66.12	 43.69	 56.47	 61.02	 63.07	 49.20	 43.34	 64.25	 30.57	 58.00	 29.85	 39.32	 57.06	 49.59	 45.95	 45.85	 57.57	 58.06	 59.19	 50.58	 41.87	 31.52	 57.47	 54.30	 53.22	 44.12	 46.50	 37.24	 60.84	 31.67	 40.18	 43.74		Ctenosaura_bakeri 20
																					  0.00	 57.71	 60.42	 35.98	 65.36	 63.20	 35.11	 31.82	 24.80	 58.62	 62.23	 30.78	 54.88	 31.78	 62.22	 66.33	 32.87	 61.99	 61.84	 66.38	 31.43	 67.36	 39.05	 65.49	 63.63	 58.65	 22.24	 35.78	 57.36	 55.91	 58.01	 59.00	 37.09	 59.68	 62.54	 66.07		Ptyas_mucosa 21
																						  0.00	 44.62	 59.56	 52.71	 46.40	 58.22	 62.75	 62.46	 52.63	 45.33	 62.59	 33.18	 56.77	 35.79	 42.84	 53.66	 54.28	 45.51	 42.24	 62.41	 54.84	 58.60	 55.44	 44.66	 36.23	 55.42	 60.12	 47.16	 47.02	 46.26	 27.96	 63.29	 37.64	 43.71	 46.22		Lerista_edwardsae 22
																							  0.00	 57.98	 59.36	 55.54	 58.51	 58.78	 60.57	 62.01	 52.39	 63.36	 51.42	 61.12	 50.92	 47.69	 58.78	 60.14	 36.30	 48.26	 60.32	 55.02	 60.65	 65.33	 51.32	 51.79	 59.01	 59.85	 54.43	 50.32	 51.78	 44.64	 64.07	 47.12	 53.97	 56.26		Lepidodactylus_listeri 23
																								  0.00	 76.12	 70.41	 38.16	 32.59	 32.90	 67.47	 64.19	 37.34	 62.70	 33.84	 65.72	 60.58	 23.07	 63.18	 58.81	 63.43	 35.85	 64.29	 27.79	 68.23	 65.41	 63.70	 32.12	 34.86	 62.67	 60.60	 59.79	 59.11	 37.55	 65.07	 60.04	 66.59		Bothrops_jararaca 24
																									  0.00	 60.50	 68.38	 74.68	 79.41	 78.67	 74.79	 74.54	 69.10	 66.44	 64.54	 69.50	 67.06	 85.32	 61.79	 60.95	 79.13	 81.63	 76.68	 85.68	 75.39	 68.73	 82.07	 53.04	 82.87	 63.65	 56.38	 51.45	 65.14	 57.77	 27.04	 63.30		Varanus_komodoensis 25
																										  0.00	 60.47	 67.01	 66.94	 48.89	 29.14	 68.28	 37.15	 65.31	 44.19	 24.70	 64.11	 61.98	 49.79	 58.66	 64.10	 61.76	 68.47	 60.57	 24.72	 40.91	 62.68	 65.36	 48.71	 46.91	 50.26	 47.33	 66.22	 44.34	 55.56	 12.30		Podarcis_muralis 26
																											  0.00	 33.81	 34.13	 61.40	 62.39	 37.07	 56.15	 31.75	 55.71	 58.91	 32.46	 60.01	 60.72	 57.92	 37.46	 66.50	 39.67	 63.22	 56.81	 55.50	 34.27	 34.29	 58.61	 56.52	 60.04	 54.34	 42.94	 56.55	 59.41	 57.69		Morelia_viridis 27
																												  0.00	 25.59	 68.47	 65.21	 27.82	 62.31	 29.74	 68.70	 63.74	 29.81	 61.33	 64.12	 65.01	 29.56	 67.52	 34.23	 63.44	 66.25	 62.24	 27.87	 27.28	 63.61	 59.98	 62.50	 58.35	 34.74	 64.25	 62.19	 65.82		Diadophis_punctatus 28
																													  0.00	 61.05	 62.79	 28.50	 58.11	 31.25	 63.68	 65.26	 28.29	 61.99	 61.00	 63.49	 30.60	 67.58	 35.86	 66.17	 64.81	 59.67	 15.76	 31.04	 55.16	 57.88	 62.01	 58.69	 35.96	 62.17	 57.94	 66.83		Pantherophis_guttatus 29
																														  0.00	 56.02	 66.51	 45.52	 62.01	 50.13	 54.49	 63.70	 59.80	 54.11	 59.27	 62.04	 63.61	 70.99	 58.32	 52.08	 49.51	 61.24	 62.44	 33.20	 54.84	 52.75	 48.47	 63.40	 50.18	 53.97	 49.10		Aspidoscelis_marmoratus 30
																															  0.00	 66.23	 40.45	 63.44	 44.29	 20.14	 59.55	 56.01	 52.57	 53.51	 65.94	 62.14	 63.36	 60.85	 28.71	 40.14	 59.42	 66.61	 51.50	 50.61	 48.33	 44.14	 68.63	 45.35	 54.13	 28.54		Lacerta_viridis 31
																																  0.00	 57.29	 31.09	 64.89	 63.93	 34.55	 60.09	 67.45	 60.54	 31.38	 68.78	 36.63	 66.50	 61.33	 60.15	 28.95	 29.97	 61.75	 58.61	 61.19	 58.54	 34.42	 64.01	 59.92	 69.72		Boaedon_fuliginosus 32
																																	  0.00	 60.61	 22.01	 38.06	 58.56	 53.76	 50.90	 44.70	 58.69	 57.21	 60.73	 58.09	 37.48	 13.44	 52.57	 60.06	 48.69	 43.53	 45.72	 36.87	 61.25	 25.49	 45.86	 40.73		Phrynosoma_platyrhinos 33
																																		  0.00	 60.47	 65.68	 32.08	 62.27	 60.60	 64.51	 28.15	 72.48	 40.10	 65.18	 61.06	 60.54	 30.85	 29.99	 57.28	 56.75	 64.32	 58.44	 32.56	 60.04	 56.30	 67.23		Naja_naja 34
																																			  0.00	 43.46	 59.75	 51.71	 51.22	 45.63	 56.53	 57.53	 60.30	 55.59	 43.83	 25.27	 58.34	 59.58	 54.52	 43.75	 47.34	 36.99	 69.51	 14.84	 46.66	 40.15		Sceloporus_tristichus 35
																																				  0.00	 60.92	 58.49	 50.99	 50.33	 64.79	 59.79	 59.68	 65.72	 23.30	 42.03	 60.11	 61.58	 52.11	 48.64	 50.35	 41.44	 64.20	 42.55	 54.46	 24.80		Lacerta_agilis 36
																																					  0.00	 57.94	 61.94	 62.78	 33.42	 66.64	 22.19	 63.06	 64.35	 59.86	 28.55	 35.06	 61.20	 57.30	 60.02	 56.36	 33.73	 57.75	 55.61	 62.77		Protobothrops_mucrosquamatus 37
																																						  0.00	 59.13	 58.50	 66.09	 62.24	 59.83	 58.57	 53.33	 52.42	 63.06	 57.84	 59.96	 56.21	 47.13	 53.63	 67.84	 53.52	 49.34	 61.48		Pogona_vitticeps 38
																																							  0.00	 50.24	 59.20	 56.56	 62.54	 62.23	 51.77	 48.43	 57.76	 62.07	 50.43	 48.27	 48.77	 42.33	 65.55	 49.90	 52.54	 51.32		Gekko_japonicus 39
																																								  0.00	 64.72	 57.67	 64.82	 59.76	 54.58	 47.33	 64.22	 62.89	 53.55	 49.96	 52.19	 45.51	 68.93	 45.48	 51.22	 56.02		Sphaerodactylus_townsendi 40
																																									  0.00	 67.36	 38.24	 63.04	 64.17	 58.92	 32.65	 28.83	 61.89	 56.80	 62.81	 62.53	 31.71	 59.01	 60.91	 67.03		Bungarus_multicintus 41
																																										  0.00	 68.30	 70.82	 63.30	 56.94	 66.31	 67.17	 61.56	 55.23	 48.73	 53.52	 67.95	 56.01	 64.18	 64.39		Paroedura_picta 42
																																											  0.00	 67.18	 63.75	 58.70	 36.74	 37.91	 63.81	 68.94	 60.53	 63.25	 39.01	 60.60	 60.73	 66.36		Crotalus_tigris 43
																																												  0.00	 63.92	 57.53	 61.58	 59.44	 56.59	 57.43	 56.28	 56.96	 66.20	 57.75	 56.86	 58.82		Sphenodon_punctatus 44
																																													  0.00	 38.97	 59.66	 63.04	 53.12	 48.44	 52.08	 46.66	 63.41	 42.70	 56.67	 25.46		Zootoca_vivipara 45
																																														  0.00	 54.62	 58.67	 48.05	 47.12	 44.14	 38.80	 65.03	 25.76	 47.82	 40.77		Phrynosoma_blainvillii 46
																																															  0.00	 32.76	 52.85	 51.99	 58.61	 56.58	 34.38	 58.90	 59.48	 67.32		Pituophis_catenifer 47
																																																  0.00	 59.28	 58.46	 59.60	 53.97	 35.18	 57.54	 57.89	 63.49		Tropidonophis_doriae 48
																																																	  0.00	 54.11	 53.42	 52.47	 68.70	 52.94	 56.74	 51.43		Salvator_merianae 49
																																																		  0.00	 49.79	 46.52	 59.30	 46.18	 53.38	 50.01		Eublepharis_macularius 50
																																																			  0.00	 43.24	 59.96	 47.04	 50.20	 50.14		Hemicordylus_capensis 51
																																																				  0.00	 62.05	 36.58	 42.58	 47.03		Plestiodon_gilberti 52
																																																					  0.00	 69.72	 62.56	 64.93		Laticauda_colubrina 53
																																																						  0.00	 48.01	 44.94		Sceloporus_occidentalis 54
																																																							  0.00	 54.77		Varanus_salvator 55
																																																								  0.00		Podarci_raffonei 56
