Distance Matrix
---------------

Uncorrected for Multiple Substitutions
Using base positions 12 in the codon
Gap weighting is 0.000000

	    1	    2	    3	    4	    5	    6	    7	    8	    9	    10	    11	    12	    13	    14	    15	    16	    17	    18	    19	    20	    21	    22	    23	    24	    25	    26	    27	    28	    29	    30	    31	    32	    33	    34	    35	    36	    37	    38	    39	    40	    41	    42	    43	    44	    45	    46	    47	    48	    49	    50	    51	    52	    53	    54	    55	    56
	  0.00	 10.02	 25.62	 13.33	 29.50	 11.94	 14.75	 14.53	 27.03	 11.37	 26.23	 27.14	 11.60	 29.86	 27.14	 25.56	 29.17	 12.84	 25.56	 23.06	  7.88	 26.13	 28.78	 12.73	 28.60	 27.93	 14.53	 10.59	  5.29	 30.07	 28.04	 14.86	 26.46	 12.39	 25.56	 29.73	 12.39	 30.95	 29.05	 30.52	 13.96	 30.80	 55.36	 29.73	 29.95	 26.35	  6.31	 11.82	 29.20	 31.19	 25.45	 56.40	 15.65	 25.00	 27.93	 27.48		Arizona_elegans 1
		  0.00	 26.41	 11.95	 29.78	 13.60	 15.20	 15.43	 26.40	 10.67	 27.34	 28.54	  9.44	 29.80	 26.52	 25.73	 29.28	 12.13	 24.83	 23.67	 11.01	 26.40	 28.44	 12.92	 28.94	 29.21	 15.43	  8.11	  9.21	 29.89	 28.54	 13.74	 26.74	 11.57	 26.74	 29.66	 11.57	 32.81	 29.55	 31.01	 14.30	 31.07	 51.79	 30.56	 31.46	 26.74	 10.90	 11.26	 28.83	 31.08	 27.21	 56.40	 15.39	 25.84	 27.87	 28.31		Thermophis_baileyi 2
			  0.00	 27.07	 25.17	 26.07	 27.54	 26.30	 19.38	 26.52	 21.79	 24.78	 28.10	 27.21	 21.41	 20.59	 22.85	 28.44	 22.14	 19.19	 26.98	 21.04	 26.00	 26.86	 22.96	 24.78	 26.19	 27.88	 26.30	 26.05	 25.11	 29.01	 21.81	 27.09	 21.70	 24.45	 25.40	 27.89	 26.50	 26.60	 26.98	 27.39	 54.60	 27.64	 24.34	 21.04	 26.19	 26.64	 25.89	 26.33	 24.50	 55.62	 27.20	 21.81	 21.63	 24.23		Elgaria_multicarinata 3
				  0.00	 30.46	 14.48	 15.86	 16.90	 24.94	 12.87	 28.22	 28.85	 11.84	 29.10	 25.52	 25.98	 28.62	 14.37	 26.21	 23.91	 14.02	 26.09	 27.42	 15.17	 27.47	 28.51	 16.09	 11.84	 12.99	 30.80	 28.85	 13.10	 26.32	 14.02	 26.21	 29.66	 14.83	 31.71	 28.51	 29.66	 15.86	 29.81	 56.67	 30.11	 29.54	 25.98	 13.22	 13.56	 29.81	 30.00	 26.80	 59.74	 17.13	 26.09	 28.39	 28.28		Thamnophis_elegans 4
					  0.00	 29.21	 30.18	 29.39	 26.05	 29.89	 26.83	 26.49	 30.90	 29.05	 25.00	 26.38	 27.27	 29.21	 26.49	 25.00	 30.11	 24.83	 27.72	 30.22	 26.88	 27.04	 28.60	 30.63	 29.33	  3.31	 27.04	 30.52	 27.26	 30.34	 27.48	 28.26	 29.89	 30.33	 26.88	 29.03	 30.63	 28.84	 55.17	 28.92	 26.16	 26.16	 29.33	 29.17	 12.89	 28.27	 23.94	 59.55	 30.45	 26.93	 27.26	 26.38		Aspidocelis_tigris 5
						  0.00	 11.94	 14.64	 27.19	 13.48	 27.57	 28.31	 14.61	 30.59	 26.85	 25.73	 29.28	 15.28	 26.97	 22.82	 13.71	 26.40	 27.31	  9.21	 28.27	 28.31	 14.53	 13.51	 12.92	 29.55	 28.65	 17.00	 26.63	 14.83	 26.63	 30.11	  7.64	 31.67	 27.42	 29.44	 14.75	 29.02	 57.74	 29.89	 30.45	 26.74	 13.26	 13.85	 29.56	 30.07	 25.74	 59.30	 15.39	 26.29	 28.54	 27.75		Azemiops_feae 6
							  0.00	 16.44	 26.91	 15.43	 28.57	 30.07	 16.10	 30.54	 26.80	 27.36	 29.17	 15.20	 28.04	 24.76	 14.98	 27.59	 28.89	 11.82	 29.95	 29.39	 17.45	 15.20	 14.64	 30.52	 30.07	 16.78	 28.60	 16.67	 28.49	 31.87	 12.16	 31.86	 28.49	 30.29	 16.67	 31.36	 55.95	 28.72	 31.53	 27.82	 14.19	 15.77	 30.29	 30.63	 27.27	 58.72	 18.24	 28.04	 29.95	 28.72		Daboia_siamensis 7
								  0.00	 26.80	 15.32	 26.00	 26.58	 15.65	 28.62	 24.66	 24.55	 26.13	 17.23	 25.45	 22.57	 15.99	 24.55	 26.64	 15.32	 27.70	 27.36	 11.22	 16.10	 15.32	 29.73	 26.80	 17.34	 25.56	 16.89	 24.77	 28.49	 13.51	 29.37	 27.70	 28.04	 15.54	 29.77	 52.98	 28.60	 28.72	 25.90	 15.32	 16.22	 27.86	 28.94	 25.34	 59.88	 16.89	 24.55	 28.04	 26.35		Charina_bottae 8
									  0.00	 26.40	 23.40	 23.68	 28.09	 27.86	 23.08	 21.93	 22.91	 27.30	 22.59	 19.86	 27.64	 21.05	 23.07	 28.31	 23.79	 23.90	 26.58	 27.48	 26.29	 26.27	 23.46	 27.48	 21.71	 26.74	 21.05	 24.01	 27.64	 29.98	 25.17	 26.26	 27.25	 28.49	 53.45	 27.96	 24.67	 21.93	 25.96	 26.24	 26.49	 25.17	 24.50	 58.99	 28.43	 20.72	 22.64	 22.92		Shinisaurus_crocodilurus 9
										  0.00	 26.29	 28.31	 12.02	 29.57	 26.85	 25.96	 27.93	 13.15	 24.61	 23.18	 13.03	 26.18	 29.01	 13.93	 28.15	 28.31	 14.41	 10.25	 11.57	 30.67	 28.31	 15.54	 25.84	  8.20	 26.74	 30.45	 12.36	 31.79	 29.66	 31.01	  8.90	 29.82	 53.57	 30.45	 30.67	 26.29	 12.36	  8.90	 29.68	 30.86	 25.85	 59.30	 10.11	 25.73	 28.20	 27.98		Ophiophagus_hannah 10
											  0.00	 24.10	 27.80	 27.18	 21.00	 18.21	 14.68	 27.45	 18.78	 16.11	 27.92	 20.62	 24.94	 28.15	 24.77	 23.76	 26.23	 27.87	 26.99	 26.83	 24.10	 27.99	 17.08	 27.57	 17.54	 25.34	 27.34	 27.63	 24.94	 25.29	 26.70	 25.29	 55.71	 26.81	 24.21	 16.21	 27.34	 27.05	 26.73	 25.63	 21.54	 59.72	 27.22	 17.87	 24.49	 23.76		Anolis_sagrei 11
												  0.00	 28.54	 27.86	 22.81	 22.61	 24.34	 29.33	 23.91	 21.51	 28.88	 22.21	 26.05	 28.76	 26.98	 12.61	 27.48	 28.60	 28.31	 26.49	  3.37	 29.84	 23.26	 30.34	 23.74	 12.07	 27.98	 30.37	 25.50	 27.25	 29.05	 29.05	 48.85	 29.67	 13.48	 23.86	 27.75	 27.70	 26.97	 26.71	 22.90	 53.37	 30.45	 23.15	 26.59	 11.85		Lacerta_bilineata 12
													  0.00	 29.91	 26.52	 26.85	 29.73	 13.48	 26.74	 24.51	 12.47	 26.63	 27.88	 13.82	 28.15	 29.55	 16.44	  9.01	 10.56	 31.12	 28.65	 14.53	 27.08	 12.70	 27.08	 30.00	 13.60	 31.33	 30.22	 30.79	 14.64	 31.07	 52.38	 30.00	 31.35	 27.53	 11.80	 12.95	 29.44	 31.64	 26.42	 56.98	 15.73	 26.74	 28.31	 29.21		Imantodes_cenchoa 13
														  0.00	 27.59	 26.21	 27.43	 29.57	 26.87	 26.01	 30.59	 25.88	 27.83	 29.35	 28.54	 28.74	 29.07	 28.96	 30.36	 28.94	 27.64	 31.56	 27.20	 30.47	 27.64	 28.52	 29.35	 26.27	 29.27	 29.91	 29.86	 29.73	 48.28	 29.85	 28.85	 26.54	 30.02	 28.28	 29.14	 29.27	 27.17	 58.43	 31.38	 26.76	 27.81	 28.52		Phrynocephalus_versicolor 14
															  0.00	 19.63	 21.52	 27.42	 20.29	 18.60	 28.09	 16.23	 23.67	 27.19	 25.17	 22.48	 25.45	 27.48	 26.40	 25.44	 22.81	 28.49	 20.61	 27.30	 19.52	 23.68	 26.85	 28.87	 24.12	 26.87	 27.03	 27.33	 55.17	 26.75	 23.57	 20.29	 26.52	 26.01	 25.72	 26.11	 21.62	 57.87	 29.21	 19.08	 25.88	 21.38		Cryptoblepharus_egeriae 15
																  0.00	 19.71	 27.30	  9.13	  6.15	 27.19	 20.24	 23.95	 26.07	 23.90	 23.37	 24.66	 26.01	 26.07	 26.05	 22.61	 27.48	 13.91	 26.07	 13.35	 22.83	 24.61	 27.74	 25.06	 23.63	 26.69	 24.83	 53.45	 26.74	 24.24	 13.83	 25.73	 26.01	 23.87	 24.28	 22.57	 55.06	 27.30	 13.37	 23.19	 21.96		Iguana_delicatissima 16
																	  0.00	 29.95	 19.49	 17.65	 29.05	 20.93	 25.55	 29.28	 24.61	 23.46	 26.24	 29.62	 28.72	 27.27	 24.34	 29.73	 17.18	 28.94	 18.39	 25.55	 28.72	 28.67	 26.39	 26.93	 29.17	 27.95	 56.32	 27.86	 24.78	 17.29	 28.38	 28.27	 26.56	 26.77	 24.83	 57.87	 28.94	 18.17	 25.06	 23.24		Anolis_carolinensis 17
																		  0.00	 27.53	 25.49	 13.60	 27.19	 28.44	 14.61	 29.17	 30.00	 16.67	 12.39	 11.46	 29.78	 29.78	 14.64	 28.09	 14.27	 28.09	 30.56	 13.82	 31.56	 28.20	 29.89	 14.19	 30.05	 52.38	 30.45	 31.12	 28.54	 12.36	 13.29	 29.20	 31.76	 26.19	 59.30	 16.29	 27.42	 30.11	 29.10		Myanophis_thanlyinensis 18
																			  0.00	  7.57	 27.19	 20.35	 23.73	 26.52	 25.11	 24.67	 25.00	 26.13	 25.51	 26.49	 23.37	 27.70	 16.20	 25.96	 15.54	 24.46	 25.28	 28.84	 25.94	 25.27	 27.14	 27.38	 50.00	 27.61	 25.76	 16.01	 25.51	 25.34	 24.58	 25.61	 23.67	 56.18	 26.52	 15.65	 23.52	 23.91		Cyclura_pinguis 19
																				  0.00	 25.24	 17.49	 21.97	 23.91	 23.70	 22.81	 22.33	 24.15	 23.54	 25.00	 20.92	 25.97	 12.77	 23.54	 12.65	 22.10	 22.82	 25.42	 24.17	 22.75	 24.03	 24.04	 53.64	 24.59	 23.64	 12.06	 23.42	 23.30	 23.47	 22.57	 20.10	 57.89	 24.88	 11.70	 22.27	 21.39		Ctenosaura_bakeri 20
																					  0.00	 25.96	 28.78	 14.38	 29.73	 29.10	 15.32	 11.60	  7.42	 30.34	 28.88	 15.77	 27.64	 14.61	 26.85	 30.45	 13.71	 31.90	 29.21	 30.56	 15.09	 30.95	 54.17	 29.33	 30.67	 28.20	  9.55	 13.51	 29.93	 30.74	 27.10	 57.56	 17.42	 27.08	 28.88	 27.98		Ptyas_mucosa 21
																						  0.00	 23.18	 27.19	 24.89	 21.01	 24.21	 25.68	 25.51	 25.39	 22.54	 27.48	 20.46	 27.08	 18.93	 23.85	 25.73	 28.70	 24.17	 25.60	 26.46	 26.94	 50.00	 25.27	 23.74	 19.26	 25.96	 24.89	 25.06	 26.93	 21.02	 58.43	 27.53	 18.82	 24.29	 19.80		Lerista_edwardsae 22
																							  0.00	 27.77	 27.92	 25.06	 26.98	 29.01	 27.88	 28.38	 25.39	 29.35	 25.72	 29.12	 23.95	 26.05	 26.75	 27.95	 16.19	 23.40	 27.65	 24.61	 52.30	 30.24	 25.61	 24.61	 28.67	 27.31	 26.32	 23.34	 23.88	 63.48	 30.02	 23.95	 27.92	 25.06		Lepidodactylus_listeri 23
																								  0.00	 28.83	 29.33	 15.32	 12.73	 12.92	 30.67	 28.88	 16.33	 27.87	 14.83	 27.19	 29.66	  6.74	 30.54	 28.20	 30.67	 15.88	 29.93	 54.76	 30.22	 31.35	 28.09	 13.60	 14.86	 29.20	 30.63	 26.53	 55.23	 17.08	 27.30	 29.21	 28.76		Bothrops_jararaca 24
																									  0.00	 27.75	 27.70	 28.49	 29.39	 27.43	 27.53	 29.05	 25.33	 29.62	 23.46	 27.97	 28.60	 30.67	 27.54	 27.97	 28.27	 30.22	 49.43	 28.63	 27.75	 25.44	 29.39	 27.82	 26.97	 28.37	 26.73	 56.74	 28.38	 23.57	 10.90	 27.20		Varanus_komodoensis 25
																										  0.00	 27.14	 29.05	 27.98	 26.82	 12.17	 29.50	 23.15	 30.22	 22.65	 14.13	 28.54	 29.39	 25.17	 28.13	 29.39	 30.49	 49.43	 30.11	 13.70	 22.88	 28.20	 27.70	 26.49	 27.04	 24.45	 58.99	 31.24	 22.72	 27.79	  4.57		Podarcis_muralis 26
																											  0.00	 14.75	 14.30	 28.72	 27.70	 16.67	 23.76	 14.64	 23.54	 29.39	 14.19	 30.73	 27.82	 28.83	 15.77	 28.30	 54.76	 30.18	 29.28	 24.21	 14.30	 14.98	 27.13	 29.05	 24.89	 57.56	 16.10	 23.65	 27.36	 26.80		Morelia_viridis 27
																												  0.00	 10.59	 30.63	 29.17	 14.30	 27.03	 11.37	 26.80	 31.31	 12.16	 31.18	 28.72	 29.62	 14.86	 30.34	 54.76	 30.86	 30.29	 27.03	 11.82	 11.71	 29.08	 32.66	 25.45	 58.14	 15.88	 26.13	 29.28	 28.83		Diadophis_punctatus 28
																													  0.00	 30.00	 28.54	 14.53	 26.29	 12.58	 25.96	 30.45	 12.25	 31.56	 29.55	 30.90	 14.53	 30.50	 55.36	 28.20	 30.56	 26.40	  4.61	 12.16	 29.08	 31.31	 24.94	 58.14	 15.28	 25.28	 28.65	 27.75		Pantherophis_guttatus 29
																														  0.00	 27.04	 30.97	 27.15	 30.90	 27.81	 28.04	 30.11	 30.33	 27.10	 29.36	 31.42	 28.73	 55.17	 29.36	 26.49	 26.05	 30.34	 29.84	 12.89	 27.94	 23.61	 59.55	 30.90	 27.15	 26.93	 26.27		Aspidoscelis_marmoratus 30
																															  0.00	 30.29	 23.37	 30.11	 23.63	 11.30	 28.31	 30.70	 25.72	 27.14	 28.94	 29.38	 50.00	 29.67	 13.80	 23.64	 28.09	 27.59	 27.21	 26.27	 23.12	 55.06	 30.67	 23.37	 26.91	 12.07		Lacerta_viridis 31
																																  0.00	 27.93	 14.98	 26.80	 30.52	 16.10	 31.52	 30.52	 30.74	 16.67	 32.39	 53.57	 31.19	 31.19	 27.93	 13.74	 14.86	 30.29	 30.97	 28.52	 58.14	 18.81	 26.80	 29.28	 29.17		Boaedon_fuliginosus 32
																																	  0.00	 26.29	 11.71	 23.15	 26.40	 30.04	 25.17	 25.27	 26.24	 25.83	 57.47	 26.52	 23.91	  6.10	 26.52	 25.45	 25.78	 24.61	 21.79	 58.43	 27.87	 12.07	 24.40	 22.83		Phrynosoma_platyrhinos 33
																																		  0.00	 27.19	 30.56	 14.38	 32.47	 29.66	 30.11	  9.80	 28.80	 55.36	 32.02	 31.46	 26.63	 12.92	 10.59	 29.32	 30.86	 26.42	 58.14	 10.79	 26.07	 28.99	 29.55		Naja_naja 34
																																			  0.00	 23.52	 26.07	 30.02	 25.17	 25.93	 26.80	 25.28	 58.05	 26.70	 23.96	 10.83	 25.96	 26.46	 26.49	 25.17	 24.12	 60.67	 28.88	  3.94	 24.51	 21.77		Sceloporus_tristichus 35
																																				  0.00	 29.33	 30.70	 25.61	 27.36	 29.39	 29.60	 48.28	 29.24	 15.00	 23.97	 29.78	 28.72	 27.45	 28.48	 25.33	 55.62	 30.90	 24.24	 28.12	 13.26		Lacerta_agilis 36
																																					  0.00	 30.20	 27.19	 29.10	 13.74	 28.80	 52.38	 28.88	 30.90	 26.52	 13.26	 13.51	 29.20	 29.84	 25.74	 55.23	 16.07	 26.29	 28.65	 27.98		Protobothrops_mucrosquamatus 37
																																						  0.00	 30.33	 29.49	 32.20	 31.88	 50.00	 32.13	 30.37	 29.78	 31.22	 32.20	 29.69	 28.84	 28.51	 62.92	 32.58	 30.92	 29.36	 29.28		Pogona_vitticeps 38
																																							  0.00	 22.41	 28.72	 23.72	 52.87	 29.69	 26.82	 25.17	 29.44	 28.60	 27.27	 25.17	 25.06	 59.55	 30.90	 24.94	 28.37	 24.83		Gekko_japonicus 39
																																								  0.00	 30.63	 26.16	 52.87	 30.77	 27.91	 25.82	 30.22	 29.73	 29.36	 26.16	 23.89	 60.11	 31.69	 25.05	 27.47	 26.70		Sphaerodactylus_townsendi 40
																																									  0.00	 30.11	 53.57	 30.07	 30.52	 26.46	 15.43	 11.82	 30.66	 30.52	 27.61	 58.72	 12.05	 26.58	 28.60	 28.60		Bungarus_multicintus 41
																																										  0.00	 60.34	 32.48	 30.71	 26.16	 30.16	 29.66	 29.04	 27.39	 25.44	 59.55	 29.48	 24.83	 31.15	 29.60		Paroedura_picta 42
																																											  0.00	 53.45	 54.02	 58.62	 57.74	 54.17	 59.23	 54.60	 56.32	 35.42	 51.79	 57.47	 52.87	 47.70		Crotalus_tigris 43
																																												  0.00	 29.78	 26.80	 28.65	 29.73	 29.47	 28.59	 27.43	 57.87	 31.01	 26.09	 28.88	 29.02		Sphenodon_punctatus 44
																																													  0.00	 23.42	 30.56	 29.17	 27.57	 27.37	 24.56	 58.99	 33.15	 23.91	 27.68	 12.93		Zootoca_vivipara 45
																																														  0.00	 26.85	 25.68	 25.06	 25.28	 22.12	 58.99	 27.98	 10.57	 24.56	 22.55		Phrynosoma_blainvillii 46
																																															  0.00	 11.60	 29.08	 30.52	 25.74	 62.21	 16.40	 25.51	 28.76	 27.08		Pituophis_catenifer 47
																																																  0.00	 28.10	 30.18	 26.14	 59.88	 12.05	 25.34	 27.82	 27.36		Tropidonophis_doriae 48
																																																	  0.00	 27.27	 25.66	 60.45	 30.54	 26.13	 26.37	 26.13		Salvator_merianae 49
																																																		  0.00	 28.12	 60.67	 30.97	 25.28	 27.48	 26.05		Eublepharis_macularius 50
																																																			  0.00	 62.92	 27.32	 23.34	 25.89	 23.89		Hemicordylus_capensis 51
																																																				  0.00	 58.72	 59.55	 60.67	 58.43		Plestiodon_gilberti 52
																																																					  0.00	 27.98	 29.10	 30.56		Laticauda_colubrina 53
																																																						  0.00	 24.07	 21.85		Sceloporus_occidentalis 54
																																																							  0.00	 26.59		Varanus_salvator 55
																																																								  0.00		Podarci_raffonei 56
