Distance Matrix
---------------

Uncorrected for Multiple Substitutions
Using base positions 12 in the codon
Gap weighting is 0.000000

	    1	    2	    3	    4	    5	    6	    7	    8	    9	    10	    11	    12	    13	    14	    15	    16	    17	    18	    19	    20	    21	    22	    23	    24	    25	    26	    27	    28	    29	    30	    31	    32	    33	    34	    35	    36	    37	    38	    39	    40	    41	    42	    43	    44	    45	    46	    47	    48	    49	    50	    51	    52	    53	    54	    55
	  0.00	  2.95	 14.44	  2.55	 14.34	  3.73	  4.23	  4.72	 15.03	  4.22	 14.93	 14.73	  2.95	 18.60	 14.34	 13.95	 14.54	  3.83	 14.15	  1.57	 14.24	 14.73	  4.32	 15.13	 14.73	  4.03	  2.85	  2.46	 14.64	 14.54	  3.83	 14.83	  3.63	 14.24	 15.23	  4.52	 19.06	 15.32	 14.47	  3.93	 15.23	  4.72	 17.49	 15.13	 14.24	  2.26	  2.85	 14.83	 15.91	 14.05	 14.11	  4.13	 14.24	 15.16	 14.34		Arizona_elegans 1
		  0.00	 14.75	  2.55	 14.38	  4.22	  4.82	  4.13	 15.41	  4.41	 14.42	 14.69	  2.72	 19.36	 14.31	 13.69	 14.69	  4.22	 14.27	  3.10	 14.41	 14.87	  4.32	 15.33	 14.59	  4.32	  2.26	  3.40	 14.52	 14.30	  3.14	 14.85	  3.94	 14.37	 15.56	  4.60	 18.77	 16.02	 14.37	  4.22	 14.98	  4.69	 18.02	 15.83	 14.47	  3.56	  3.24	 14.68	 16.98	 13.33	 13.71	  5.07	 14.47	 16.57	 14.20		Thermophis_baileyi 2
			  0.00	 14.44	  7.34	 15.04	 14.86	 14.44	  6.05	 14.65	  7.35	  7.71	 15.04	 18.88	  5.49	  5.76	  7.42	 14.75	  6.25	 14.84	  6.08	  8.41	 14.75	  8.30	  7.42	 14.24	 14.73	 15.04	  8.30	  7.91	 14.73	  6.25	 14.94	  5.96	  8.40	 15.23	 18.36	  9.30	  6.95	 14.54	 12.52	 15.23	 12.89	  8.01	  5.76	 14.84	 14.54	  8.02	  7.81	  6.37	  5.54	 14.94	  6.25	  8.24	  8.20		Elgaria_multicarinata 3
				  0.00	 14.83	  3.93	  4.72	  4.52	 15.13	  4.42	 14.73	 14.93	  3.14	 18.41	 14.73	 14.15	 14.93	  4.13	 14.64	  3.54	 14.24	 15.13	  4.13	 15.62	 15.03	  4.03	  3.05	  3.44	 14.93	 14.54	  2.95	 15.03	  3.83	 14.44	 15.91	  4.22	 18.57	 15.82	 14.47	  4.32	 15.52	  4.32	 17.39	 15.72	 14.93	  3.34	  3.44	 15.23	 16.11	 13.85	 14.11	  4.72	 14.64	 15.16	 14.64		Thamnophis_elegans 4
					  0.00	 14.87	 14.86	 14.44	  7.14	 14.09	  8.06	  8.32	 14.58	 18.82	  6.97	  6.65	  8.02	 14.58	  7.53	 14.77	  7.17	  9.41	 13.99	  8.61	  9.00	 14.15	 14.44	 14.29	  0.98	  8.51	 14.44	  7.14	 14.87	  7.14	  9.39	 14.77	 17.61	 10.59	  8.53	 14.93	 12.16	 15.17	 12.13	  8.12	  7.14	 14.38	 14.15	  3.03	  8.81	  6.97	  5.85	 14.58	  7.14	  9.14	  8.61		Aspidocelis_tigris 5
						  0.00	  4.04	  4.81	 15.99	  4.41	 14.91	 15.56	  4.22	 19.55	 14.71	 14.27	 15.08	  4.41	 14.95	  4.88	 14.71	 14.77	  3.10	 16.21	 15.56	  4.22	  4.32	  4.66	 15.01	 15.66	  4.22	 14.85	  4.32	 14.37	 16.15	  2.81	 18.77	 15.44	 14.95	  4.52	 15.56	  3.19	 18.60	 16.60	 14.37	  4.69	  4.32	 15.56	 16.89	 14.12	 14.31	  5.07	 14.47	 17.61	 15.08		Azemiops_feae 6
							  0.00	  4.33	 14.96	  4.82	 15.45	 15.35	  4.33	 18.93	 15.06	 14.37	 14.76	  4.72	 15.26	  4.23	 14.07	 15.65	  3.74	 16.24	 15.94	  4.82	  4.53	  5.02	 15.16	 15.35	  4.63	 14.86	  4.72	 14.76	 15.55	  4.23	 19.29	 15.85	 14.89	  4.92	 15.45	  4.33	 17.81	 16.34	 14.47	  4.33	  4.13	 15.65	 15.35	 14.76	 14.42	  5.41	 14.86	 15.88	 15.65		Daboia_siamensis 7
								  0.00	 14.73	  4.72	 15.13	 15.32	  4.32	 18.31	 14.83	 14.54	 14.44	  4.62	 15.23	  4.81	 14.73	 15.72	  3.93	 14.83	 15.13	  4.22	  4.32	  4.42	 14.34	 14.93	  3.93	 14.64	  4.62	 14.64	 15.72	  4.62	 18.66	 15.91	 13.78	  4.91	 14.34	  4.91	 17.58	 15.72	 14.64	  4.91	  4.13	 14.93	 15.32	 14.44	 13.81	  5.21	 14.54	 14.76	 14.24		Charina_bottae 8
									  0.00	 15.41	  6.24	  5.74	 15.70	 19.07	  5.49	  4.85	  6.13	 15.89	  5.63	 15.79	  4.90	  7.73	 15.21	  7.32	  7.30	 14.93	 15.52	 15.44	  7.70	  6.23	 14.73	  5.92	 15.79	  5.05	  7.20	 15.79	 18.77	  9.03	  7.09	 14.64	 12.74	 15.70	 13.08	  8.06	  5.63	 15.31	 14.54	  7.93	  8.33	  6.08	  4.54	 15.41	  5.63	  7.78	  6.81		Shinisaurus_crocodilurus 9
										  0.00	 14.23	 15.18	  4.32	 19.75	 13.73	 13.50	 14.69	  4.50	 14.17	  4.88	 13.82	 15.26	  5.07	 15.72	 15.18	  4.72	  4.32	  4.37	 14.42	 15.37	  3.83	 14.17	  3.47	 14.47	 16.05	  5.07	 19.07	 16.02	 14.95	  4.32	 15.95	  5.63	 17.93	 16.02	 14.27	  4.32	  3.44	 14.77	 16.60	 14.41	 13.41	  4.32	 14.37	 17.14	 14.88		Ophiophagus_hannah 10
											  0.00	  6.05	 14.62	 18.46	  4.41	  3.80	  4.39	 15.11	  4.48	 15.30	  4.61	  8.92	 14.91	  8.92	  7.03	 14.34	 14.54	 14.23	  8.30	  6.25	 14.15	  5.26	 15.20	  4.29	  7.03	 14.81	 18.07	  9.06	  8.67	 14.34	 12.77	 15.20	 12.77	  7.89	  4.87	 14.23	 14.93	  8.35	  8.48	  6.37	  4.13	 14.33	  4.19	 10.43	  6.54		Anolis_sagrei 11
												  0.00	 14.98	 18.71	  5.00	  5.25	  6.03	 15.95	  4.57	 15.56	  5.20	  9.10	 15.66	  9.08	  3.79	 15.03	 14.83	 15.56	  8.19	  1.17	 14.83	  6.52	 15.27	  4.86	  3.31	 15.95	 18.58	  9.16	  7.89	 15.32	 11.89	 15.37	 12.06	  5.06	  5.54	 15.37	 14.93	  8.90	  8.37	  6.76	  5.14	 15.37	  5.35	  9.77	  3.99		Lacerta_bilineata 12
													  0.00	 18.68	 14.31	 14.17	 14.88	  4.60	 15.05	  3.28	 14.41	 15.46	  4.50	 15.92	 15.27	  4.32	  2.95	  3.40	 14.52	 14.59	  3.34	 14.95	  4.03	 14.47	 15.76	  4.22	 19.07	 15.83	 14.95	  4.03	 15.56	  5.25	 18.02	 16.31	 14.56	  3.28	  3.05	 15.36	 17.08	 14.31	 13.61	  4.97	 14.56	 17.14	 14.69		Imantodes_cenchoa 13
														  0.00	 18.76	 18.68	 18.52	 20.14	 18.48	 19.55	 19.06	 19.61	 19.36	 18.69	 18.91	 18.80	 17.91	 19.07	 19.34	 18.52	 18.01	 19.75	 19.55	 18.87	 19.30	 18.97	 13.72	 19.59	 19.01	 19.19	 19.98	 19.84	 21.65	 19.26	 19.36	 19.16	 18.70	 18.73	 19.07	 19.16	 18.18	 18.97	 19.16	 18.95	 18.52		Phrynocephalus_versicolor 14
															  0.00	  3.24	  4.31	 14.51	  3.24	 14.41	  3.24	  7.94	 14.31	  8.33	  6.08	 13.75	 14.15	 14.61	  7.25	  5.20	 14.44	  3.82	 14.02	  3.43	  6.08	 14.80	 18.53	  8.92	  6.48	 13.95	 11.37	 15.00	 11.08	  7.06	  3.53	 14.61	 14.24	  6.78	  7.55	  5.10	  2.62	 13.82	  3.33	  8.45	  5.59		Cryptoblepharus_egeriae 15
																  0.00	  4.38	 14.66	  2.14	 14.66	  3.73	  7.44	 13.88	  7.71	  5.84	 13.65	 14.05	 14.27	  7.12	  5.54	 13.65	  3.98	 13.98	  3.01	  6.13	 14.47	 17.70	  8.27	  6.42	 14.34	 11.48	 14.47	 12.33	  7.57	  3.79	 14.27	 14.05	  7.34	  7.67	  5.49	  3.33	 14.37	  3.30	  8.28	  5.54		Iguana_delicatissima 16
																	  0.00	 15.37	  5.25	 15.08	  4.41	  9.10	 15.18	  8.69	  7.49	 14.44	 14.24	 14.79	  8.38	  6.03	 14.73	  4.67	 15.27	  4.38	  7.49	 15.37	 18.77	  8.87	  7.80	 15.13	 12.87	 15.18	 12.74	  7.88	  4.28	 14.40	 14.44	  8.32	  7.98	  6.57	  3.43	 14.98	  4.09	  9.38	  6.81		Anolis_carolinensis 17
																		  0.00	 15.24	  4.22	 14.61	 14.97	  4.60	 16.02	 15.47	  4.32	  4.42	  3.88	 14.91	 15.76	  4.22	 15.24	  4.50	 15.24	 16.25	  4.97	 19.55	 16.12	 15.15	  4.32	 15.56	  5.25	 17.73	 16.70	 15.24	  4.32	  3.83	 14.87	 17.08	 14.41	 14.01	  4.97	 14.85	 16.76	 15.18		Myanophis_thanlyinensis 18
																			  0.00	 14.76	  4.12	  7.83	 14.85	  8.01	  5.35	 14.15	 14.15	 14.56	  7.80	  4.96	 14.15	  4.85	 14.56	  3.50	  6.03	 15.15	 18.58	  8.37	  6.42	 14.64	 11.96	 14.76	 12.62	  6.60	  4.27	 14.56	 14.73	  7.63	  7.96	  5.39	  3.63	 14.37	  3.50	  8.48	  5.25		Cyclura_pinguis 19
																				  0.00	 14.51	 15.26	  5.53	 16.21	 15.37	  4.72	  3.24	  2.62	 15.30	 15.18	  3.83	 15.53	  3.75	 15.34	 16.15	  5.35	 19.46	 16.50	 15.44	  3.73	 15.86	  5.82	 18.02	 16.21	 14.95	  2.06	  3.14	 15.26	 16.98	 14.12	 14.11	  4.69	 14.95	 17.52	 14.79		Ptyas_mucosa 20
																					  0.00	  8.04	 14.31	  8.43	  5.88	 14.34	 14.54	 14.02	  7.45	  5.59	 14.05	  3.63	 14.22	  3.73	  6.08	 15.10	 19.22	  8.63	  6.68	 14.93	 12.06	 14.51	 11.27	  6.86	  3.43	 13.92	 14.34	  7.17	  7.16	  5.20	  2.32	 14.80	  3.92	  8.25	  6.18		Lerista_edwardsae 21
																						  0.00	 14.38	  9.49	  9.49	 14.34	 15.32	 14.97	  9.78	  9.30	 15.23	  7.93	 15.07	  7.34	 10.18	 15.17	 18.88	  4.70	  8.14	 15.13	 10.37	 15.07	 13.70	  9.78	  7.83	 15.07	 15.72	  9.12	  9.59	  7.84	  7.66	 15.26	  7.53	  9.71	  9.69		Lepidodactylus_listeri 22
																							  0.00	 15.43	 15.76	  3.63	  4.32	  4.47	 14.23	 15.66	  4.13	 14.47	  5.07	 14.27	 16.34	  2.44	 18.09	 15.44	 13.79	  4.62	 14.59	  2.72	 18.51	 17.09	 14.17	  5.07	  4.42	 14.58	 16.51	 13.53	 13.71	  5.63	 14.17	 16.95	 15.08		Bothrops_jararaca 23
																								  0.00	  9.08	 15.32	 15.42	 15.62	  9.08	  8.98	 15.62	  7.91	 15.82	  8.11	 10.16	 16.21	 18.16	 10.27	  8.51	 15.91	 11.64	 16.11	 12.40	 10.45	  7.91	 15.92	 15.32	  9.39	  9.67	  8.53	  7.56	 15.82	  8.20	  2.65	  8.79		Varanus_komodoensis 24
																									  0.00	 15.32	 14.54	 15.56	  9.06	  3.70	 15.03	  6.71	 15.18	  6.03	  4.28	 16.05	 19.26	  9.65	  8.77	 15.72	 11.70	 15.66	 12.26	  4.18	  6.52	 15.76	 15.03	  8.90	  8.56	  7.65	  5.54	 15.66	  6.03	  9.57	  1.85		Podarcis_muralis 25
																										  0.00	  4.42	  4.52	 14.24	 15.03	  4.22	 14.83	  4.52	 14.24	 15.42	  3.93	 18.57	 15.32	 13.48	  3.93	 15.03	  4.81	 17.39	 16.11	 14.05	  4.62	  4.42	 14.54	 16.01	 13.65	 13.51	  4.52	 14.15	 14.96	 14.54		Morelia_viridis 26
																											  0.00	  3.54	 14.73	 14.44	  3.54	 14.54	  3.73	 14.44	 15.13	  4.32	 18.57	 16.01	 14.67	  4.62	 15.03	  5.01	 16.99	 15.32	 14.15	  3.83	  3.63	 15.13	 16.01	 13.95	 14.01	  4.52	 14.15	 15.35	 14.34		Diadophis_punctatus 27
																												  0.00	 14.62	 15.37	  3.24	 15.05	  3.79	 14.66	 15.86	  4.85	 19.75	 15.66	 15.18	  3.73	 15.56	  5.15	 17.86	 16.02	 14.85	  1.84	  3.05	 14.58	 16.12	 14.22	 13.81	  4.47	 14.47	 15.69	 14.79		Pantherophis_guttatus 28
																													  0.00	  8.19	 14.34	  7.80	 15.20	  7.60	  9.45	 14.81	 18.13	 10.74	  8.67	 15.03	 12.30	 15.20	 12.48	  8.28	  7.80	 14.72	 14.34	  3.62	  9.65	  7.06	  5.95	 15.01	  7.41	  9.96	  8.67		Aspidoscelis_marmoratus 29
																														  0.00	 14.64	  6.71	 14.98	  5.54	  3.70	 15.95	 18.87	  9.55	  7.60	 15.13	 11.79	 15.18	 12.55	  5.35	  6.32	 15.37	 14.73	  9.10	  8.85	  6.76	  5.34	 14.98	  5.45	  9.86	  3.50		Lacerta_viridis 30
																															  0.00	 15.13	  3.34	 14.15	 15.62	  4.13	 19.35	 15.82	 14.76	  4.13	 15.52	  4.91	 17.19	 15.82	 14.54	  3.14	  3.73	 14.44	 15.72	 14.24	 13.91	  3.73	 14.44	 15.55	 14.93		Boaedon_fuliginosus 31
																																  0.00	 14.85	  2.62	  7.00	 14.95	 18.87	  8.95	  6.61	 15.03	 11.96	 15.15	 12.82	  7.28	  1.36	 15.15	 14.93	  7.34	  8.16	  5.39	  3.83	 14.95	  2.82	  8.77	  6.32		Phrynosoma_platyrhinos 32
																																	  0.00	 14.95	 15.95	  4.97	 19.36	 15.73	 15.44	  3.93	 15.76	  5.07	 17.44	 16.50	 14.85	  3.66	  3.44	 15.07	 16.51	 14.41	 14.11	  4.32	 14.66	 17.05	 14.88		Naja_naja 33
																																		  0.00	  6.13	 14.56	 18.09	  8.37	  6.13	 14.73	 11.96	 14.66	 12.91	  6.99	  2.04	 14.66	 13.95	  7.44	  7.86	  4.71	  3.43	 14.66	  0.87	  8.48	  6.23		Sceloporus_tristichus 34
																																			  0.00	 16.63	 19.84	 10.23	  8.97	 15.72	 12.28	 16.05	 12.84	  5.16	  6.32	 16.25	 15.62	  9.39	  9.63	  7.84	  6.15	 16.25	  6.61	 10.16	  4.09		Lacerta_agilis 35
																																				  0.00	 18.58	 16.12	 14.66	  4.62	 15.76	  3.28	 18.12	 17.09	 14.47	  4.97	  4.52	 15.26	 16.41	 14.41	 14.21	  5.07	 14.27	 17.33	 15.56		Protobothrops_mucrosquamatus 36
																																					  0.00	 18.71	 18.03	 18.96	 20.27	 18.58	 20.10	 19.65	 18.58	 19.75	 18.57	 17.91	 18.77	 18.24	 18.25	 19.16	 18.29	 18.55	 18.77		Pogona_vitticeps 37
																																						  0.00	  9.14	 15.62	 11.19	 15.63	 13.98	 10.70	  8.66	 15.83	 15.91	 10.78	 10.10	  8.92	  8.47	 16.31	  8.56	 11.58	  9.55		Gekko_japonicus 38
																																							  0.00	 14.57	 11.89	 14.56	 14.08	  9.44	  6.23	 15.44	 14.67	  8.73	  9.42	  6.19	  5.76	 15.34	  6.23	  9.14	  7.99		Sphaerodactylus_townsendi 39
																																								  0.00	 16.11	  5.30	 17.09	 15.91	 14.44	  3.73	  3.73	 15.23	 16.01	 14.73	 14.21	  2.75	 14.24	 15.65	 14.54		Bungarus_multicintus 40
																																									  0.00	 15.27	 14.69	 12.45	 11.96	 16.15	 15.72	 13.04	 12.45	 11.67	 11.49	 16.15	 12.16	 11.99	 11.40		Paroedura_picta 41
																																										  0.00	 18.90	 17.09	 14.85	  5.35	  5.11	 15.75	 16.60	 14.22	 14.42	  6.10	 14.56	 17.05	 15.37		Crotalus_tigris 42
																																											  0.00	 12.43	 12.62	 18.12	 17.39	 11.74	 13.18	 12.06	 11.29	 17.54	 12.91	 12.65	 12.65		Sphenodon_punctatus 43
																																												  0.00	  7.28	 16.12	 15.32	  8.41	  9.32	  8.04	  5.95	 16.21	  7.18	 10.72	  4.67		Zootoca_vivipara 44
																																													  0.00	 14.56	 14.73	  7.14	  7.96	  5.10	  3.23	 14.47	  2.43	  8.38	  6.32		Phrynosoma_blainvillii 45
																																														  0.00	  3.54	 14.77	 16.41	 14.02	 13.71	  4.22	 14.27	 17.71	 15.18		Pituophis_catenifer 46
																																															  0.00	 14.83	 15.82	 14.34	 13.61	  4.03	 14.05	 15.06	 14.44		Tropidonophis_doriae 47
																																																  0.00	  9.00	  7.17	  6.05	 14.87	  7.34	  9.23	  8.61		Salvator_merianae 48
																																																	  0.00	  8.04	  7.26	 16.79	  8.25	 10.19	  8.75		Eublepharis_macularius 49
																																																		  0.00	  4.94	 14.71	  4.80	  8.55	  7.45		Hemicordylus_capensis 50
																																																			  0.00	 13.91	  3.33	  7.88	  5.04		Plestiodon_gilberti 51
																																																				  0.00	 14.37	 17.14	 14.69		Laticauda_colubrina 52
																																																					  0.00	  8.58	  5.84		Sceloporus_occidentalis 53
																																																						  0.00	  9.28		Varanus_salvator 54
																																																							  0.00		Podarci_raffonei 55
