Distance Matrix
---------------

Uncorrected for Multiple Substitutions
Using base positions 12 in the codon
Gap weighting is 0.000000

	    1	    2	    3	    4	    5	    6	    7	    8	    9	    10	    11	    12	    13	    14	    15	    16	    17	    18	    19	    20	    21	    22	    23	    24	    25	    26	    27	    28	    29	    30	    31	    32	    33	    34	    35	    36	    37	    38	    39	    40	    41	    42	    43	    44	    45	    46	    47	    48	    49	    50	    51	    52	    53	    54	    55	    56
	  0.00	  7.17	 29.28	  7.37	 30.18	  8.97	  7.85	 10.09	 30.41	  8.30	 29.73	 29.28	  7.85	 30.86	 29.05	 29.73	 28.83	  8.30	 29.50	 28.43	  4.48	 30.86	 28.60	  8.97	 26.35	 31.31	 10.76	  8.07	  3.81	 30.18	 29.86	  9.87	 30.18	  9.42	 31.31	 29.73	  8.97	 30.63	 29.95	 29.50	 10.76	 31.98	  8.97	 28.83	 30.41	 30.41	  4.04	  8.97	 29.50	 31.76	 30.41	 27.99	  9.42	 31.53	 27.03	 31.31		Arizona_elegans 1
		  0.00	 29.60	  6.58	 29.28	  8.33	  9.78	  9.78	 30.40	  8.11	 31.50	 31.94	  7.02	 31.28	 30.62	 30.62	 29.52	  7.24	 31.06	 27.70	  7.02	 30.62	 29.96	  9.21	 26.55	 33.26	  8.97	  5.38	  8.11	 29.65	 32.30	 10.67	 31.50	  9.87	 31.31	 31.94	  8.33	 31.28	 31.28	 30.40	  8.74	 34.36	  9.65	 30.62	 31.28	 31.72	  7.46	  8.30	 29.28	 33.26	 30.62	 28.57	 10.53	 32.16	 27.75	 33.70		Thermophis_baileyi 2
			  0.00	 28.31	 19.14	 28.25	 29.37	 30.49	 14.13	 29.37	 15.02	 14.80	 29.60	 23.54	 13.23	 11.66	 15.25	 28.70	 13.90	 10.29	 28.25	 13.00	 15.02	 29.15	 15.02	 14.13	 29.95	 29.95	 28.48	 18.83	 15.32	 29.60	 13.90	 29.37	 13.29	 15.92	 29.82	 24.66	 17.49	 15.92	 29.95	 24.66	 29.37	 16.59	 15.92	 15.02	 28.48	 29.95	 17.79	 17.04	 14.57	 15.14	 28.03	 13.23	 15.70	 15.25		Elgaria_multicarinata 3
				  0.00	 27.51	  7.89	  7.37	  9.21	 28.57	  8.16	 27.78	 28.31	  6.58	 25.93	 26.19	 27.25	 28.31	  7.89	 27.51	 25.15	  6.05	 28.04	 28.04	  8.16	 24.60	 28.57	  9.21	  6.58	  5.79	 27.51	 28.31	  7.37	 28.31	  8.42	 28.84	 28.31	  8.16	 26.72	 28.31	 28.57	  9.74	 29.89	  8.68	 25.93	 28.57	 29.37	  6.84	  6.84	 26.46	 30.16	 26.19	 26.63	  8.68	 28.57	 25.66	 28.57		Thamnophis_elegans 4
					  0.00	 29.05	 29.95	 27.48	 17.34	 29.50	 16.44	 15.54	 28.38	 26.80	 17.34	 16.67	 16.67	 28.15	 17.57	 15.69	 29.50	 17.34	 19.59	 29.28	 18.92	 15.99	 28.38	 29.05	 30.18	  0.90	 16.29	 29.05	 18.02	 29.05	 17.57	 16.44	 28.83	 29.50	 19.82	 18.02	 30.18	 25.23	 28.60	 19.59	 17.12	 17.57	 29.95	 28.83	  5.41	 19.37	 17.57	 17.66	 28.83	 17.12	 20.05	 16.67		Aspidocelis_tigris 5
						  0.00	  5.78	  9.78	 28.85	  8.11	 30.62	 31.72	  8.55	 29.07	 28.41	 27.53	 29.07	  7.24	 28.63	 25.49	  8.11	 30.18	 28.41	  5.04	 25.44	 32.82	  8.30	  8.30	  8.55	 29.20	 30.97	 10.00	 29.74	  9.21	 29.05	 31.50	  2.63	 29.96	 29.52	 29.74	  9.87	 32.82	  6.14	 28.85	 31.50	 30.18	  8.33	  7.17	 27.70	 31.28	 29.96	 27.25	 10.53	 29.74	 25.99	 32.82		Azemiops_feae 6
							  0.00	 10.67	 29.91	  9.78	 29.69	 30.36	  8.00	 30.36	 27.90	 29.02	 30.13	  7.33	 29.24	 27.21	  7.33	 30.36	 28.57	  7.56	 26.79	 30.36	  9.87	  8.74	  7.33	 29.91	 30.94	  8.89	 30.80	 10.89	 31.08	 30.13	  6.22	 29.46	 29.02	 30.36	 10.54	 31.92	  8.22	 27.90	 30.13	 30.36	  8.44	  7.62	 28.15	 30.13	 29.91	 28.23	 10.44	 31.03	 26.79	 30.36		Daboia_siamensis 7
								  0.00	 28.79	  9.33	 30.58	 30.13	 11.33	 30.36	 29.91	 28.79	 29.02	 10.22	 29.46	 26.72	  9.78	 31.03	 29.46	 11.11	 26.34	 32.37	  6.28	  9.42	  9.78	 27.46	 29.82	 10.67	 30.13	 11.11	 29.50	 30.13	 10.44	 32.14	 30.36	 29.24	 11.43	 32.37	 10.89	 28.35	 29.46	 29.91	 11.33	 10.99	 27.25	 31.92	 30.36	 28.23	 12.67	 29.91	 26.79	 31.92		Charina_bottae 8
									  0.00	 29.96	 13.97	 13.32	 30.18	 24.78	 10.57	  9.87	 11.14	 29.30	 11.14	  8.33	 31.50	 10.57	 14.04	 30.62	 13.27	 13.32	 28.38	 28.83	 31.00	 18.81	 13.82	 29.69	 12.66	 29.52	  9.91	 13.97	 29.07	 25.98	 13.97	 10.70	 29.73	 24.67	 30.13	 18.20	 13.38	 13.10	 32.16	 28.15	 16.67	 14.91	 11.89	  9.95	 29.52	 10.26	 15.07	 13.10		Shinisaurus_crocodilurus 9
										  0.00	 29.96	 31.50	  8.99	 30.84	 29.74	 29.96	 29.52	  8.33	 30.84	 28.43	  7.89	 31.72	 29.74	  8.77	 26.77	 32.38	  8.30	  8.07	  8.33	 30.31	 31.64	  8.44	 31.06	  5.26	 29.50	 31.94	  7.89	 31.28	 30.84	 30.62	  5.16	 33.48	 10.53	 30.18	 30.62	 30.62	  8.77	  6.73	 28.38	 34.80	 30.84	 28.57	  7.24	 30.18	 27.09	 33.26		Ophiophagus_hannah 10
											  0.00	 12.66	 31.28	 24.34	  9.03	  9.87	  7.86	 30.40	 11.35	  9.31	 31.06	 10.57	 15.57	 30.40	 14.60	 12.66	 28.60	 30.86	 31.22	 17.70	 13.38	 29.24	  9.31	 29.52	  8.33	 12.88	 31.06	 26.42	 15.50	 13.85	 29.28	 24.67	 31.66	 19.74	 12.94	  8.95	 30.62	 28.60	 14.64	 15.57	 13.44	 12.95	 29.52	  9.61	 16.81	 12.12		Anolis_sagrei 11
												  0.00	 31.50	 26.54	  8.81	  9.87	 12.01	 29.30	 10.04	  8.82	 31.06	  8.59	 12.94	 29.96	 15.27	  4.80	 28.38	 31.08	 31.44	 16.59	  1.97	 29.69	 11.35	 31.28	  8.78	  3.71	 30.84	 26.86	 14.63	 12.88	 30.86	 24.45	 31.00	 18.86	  7.89	 11.79	 31.28	 28.83	 15.32	 13.38	 10.57	 10.21	 29.96	 10.70	 16.59	  4.59		Lacerta_bilineata 12
													  0.00	 29.96	 29.74	 29.07	 29.74	  7.68	 30.40	 26.96	  7.24	 30.40	 29.74	  9.65	 26.77	 32.16	 11.43	  5.38	  8.55	 28.98	 31.64	  9.11	 31.28	 10.53	 30.18	 31.50	  8.55	 31.28	 30.18	 30.40	  9.19	 33.04	  9.65	 30.18	 30.62	 30.40	  9.21	  7.40	 28.83	 31.72	 30.40	 27.78	 10.31	 30.40	 27.53	 32.60		Imantodes_cenchoa 13
														  0.00	 23.13	 22.81	 23.90	 29.96	 22.81	 21.57	 31.06	 24.01	 26.75	 28.85	 24.56	 26.32	 29.05	 31.08	 31.58	 27.88	 26.43	 29.69	 25.22	 29.96	 24.32	 26.10	 29.52	 17.54	 26.75	 24.56	 29.95	 30.48	 30.26	 27.19	 26.54	 25.44	 30.62	 29.95	 25.68	 26.54	 23.35	 22.89	 31.06	 25.22	 25.44	 26.32		Phrynocephalus_versicolor 14
															  0.00	  5.73	  9.69	 29.52	  6.61	  4.66	 29.74	  4.85	 10.57	 29.07	 14.60	  8.81	 26.58	 29.50	 29.30	 18.58	  9.29	 28.12	  7.49	 28.63	  5.86	  9.47	 28.85	 23.57	 11.23	  9.91	 28.83	 20.04	 29.30	 16.74	 10.13	  8.15	 29.07	 27.25	 14.86	 11.89	  9.69	  4.76	 27.53	  6.17	 14.98	  8.59		Cryptoblepharus_egeriae 15
																  0.00	  7.24	 28.85	  3.51	  2.21	 29.96	  5.95	 10.31	 27.97	 12.61	  9.87	 26.80	 29.50	 30.26	 17.70	 10.35	 28.57	  6.58	 29.74	  4.28	 10.96	 28.19	 23.68	 12.28	  9.65	 28.83	 23.03	 28.73	 17.98	 11.18	  7.02	 29.30	 28.15	 14.86	 12.72	  9.91	  8.16	 28.19	  5.48	 13.60	 10.09		Iguana_delicatissima 16
																	  0.00	 29.07	  7.86	  7.11	 30.40	  9.91	 12.06	 29.30	 14.16	 12.23	 27.25	 29.05	 30.35	 17.26	 12.50	 30.13	  8.95	 29.74	  7.88	 12.23	 29.52	 25.11	 12.45	 10.48	 29.05	 25.33	 29.91	 20.39	 11.84	  9.83	 29.52	 28.15	 15.77	 15.13	 12.33	 10.21	 28.85	  8.08	 15.72	 11.79		Anolis_carolinensis 17
																		  0.00	 29.52	 26.96	  7.46	 29.74	 27.75	  8.99	 26.77	 30.84	  9.19	  6.50	  7.89	 28.54	 29.65	  8.22	 30.62	  9.43	 29.73	 29.74	  8.11	 30.62	 29.74	 29.52	  9.87	 32.38	  9.43	 29.30	 30.18	 31.06	  8.77	  6.73	 27.48	 31.94	 30.40	 28.31	  9.65	 30.62	 27.09	 31.28		Myanophis_thanlyinensis 18
																			  0.00	  3.92	 29.96	  7.49	 10.53	 28.85	 13.50	 10.04	 27.48	 29.95	 29.04	 18.58	 10.96	 29.91	  6.55	 30.18	  4.95	 11.14	 29.30	 24.02	 11.14	 10.04	 30.18	 23.14	 29.48	 18.86	 10.96	  8.30	 29.07	 28.83	 16.44	 11.62	 10.35	  8.64	 28.63	  6.33	 14.85	  9.17		Cyclura_pinguis 19
																				  0.00	 27.94	  5.39	 10.29	 26.47	 11.76	  9.07	 25.98	 27.21	 27.70	 15.44	  9.36	 28.68	  5.64	 27.21	  4.17	  9.80	 25.98	 21.81	 10.78	  7.84	 28.68	 21.81	 26.47	 16.67	  9.31	  5.64	 26.47	 27.21	 13.73	 10.54	  9.31	  6.02	 26.72	  3.92	 12.01	  8.33		Ctenosaura_bakeri 20
																					  0.00	 30.40	 29.74	  7.89	 27.88	 31.94	  9.64	  5.83	  2.41	 30.53	 31.42	  8.89	 30.84	  9.21	 31.08	 30.84	  7.89	 31.50	 31.28	 30.84	  8.74	 33.04	  9.21	 29.52	 30.84	 31.06	  3.73	  7.40	 27.93	 32.82	 30.18	 28.31	  9.87	 31.50	 28.85	 32.38		Ptyas_mucosa 21
																						  0.00	 10.13	 30.40	 15.27	  8.37	 27.70	 30.41	 31.94	 18.36	  9.07	 30.58	  8.59	 30.62	  7.21	  9.47	 29.74	 24.23	 12.33	 10.57	 30.41	 20.70	 30.18	 18.06	 11.23	  8.81	 30.62	 28.38	 15.32	 11.45	  9.91	  6.08	 29.74	  7.71	 15.64	  8.59		Lerista_edwardsae 22
																							  0.00	 28.85	 15.49	 12.94	 26.58	 29.28	 30.04	 20.58	 13.44	 29.02	 12.50	 29.96	 11.49	 13.16	 29.07	 26.54	  7.46	 10.53	 29.05	 19.30	 28.95	 20.39	 14.69	 12.94	 28.63	 28.15	 17.57	 13.38	 13.44	 11.84	 28.85	 11.84	 16.89	 12.94		Lepidodactylus_listeri 23
																								  0.00	 26.99	 31.72	 11.21	  9.19	  8.77	 30.31	 30.09	 10.67	 29.96	  9.65	 30.18	 30.84	  4.17	 30.40	 29.30	 30.62	 10.76	 33.70	  5.48	 29.96	 31.50	 29.96	  8.55	  8.97	 28.60	 31.72	 29.96	 28.31	 11.84	 30.62	 27.53	 32.16		Bothrops_jararaca 24
																									  0.00	 16.15	 24.32	 27.25	 27.21	 19.91	 15.78	 26.34	 13.27	 26.11	 13.74	 15.27	 26.55	 24.56	 16.81	 14.38	 25.45	 24.34	 26.77	 18.58	 16.37	 14.60	 27.21	 24.77	 18.02	 17.48	 14.60	 15.69	 26.77	 14.16	  3.10	 15.93		Varanus_komodoensis 25
																										  0.00	 29.73	 31.76	 32.31	 17.26	  6.36	 31.47	 11.57	 31.94	  9.68	  6.11	 32.38	 26.20	 14.19	 13.76	 31.31	 23.80	 32.53	 19.96	  7.46	 12.45	 32.16	 29.73	 15.54	 12.94	 11.01	 10.47	 29.96	 10.04	 17.90	  2.40		Podarcis_muralis 26
																											  0.00	  9.42	 10.09	 28.15	 27.60	  9.87	 28.38	 10.99	 28.60	 27.48	  8.30	 29.73	 27.93	 27.93	 10.99	 31.76	 10.54	 28.15	 29.05	 28.15	 10.09	  9.19	 26.13	 29.95	 28.38	 25.00	 11.66	 29.05	 24.55	 29.28		Morelia_viridis 27
																												  0.00	  6.73	 29.05	 30.54	  9.42	 31.31	  9.64	 31.53	 31.08	  8.52	 30.86	 29.50	 29.73	 10.09	 33.11	  9.42	 29.50	 30.86	 30.18	  7.85	  8.74	 29.50	 31.98	 29.28	 27.72	 10.99	 30.86	 27.25	 32.21		Diadophis_punctatus 28
																													  0.00	 30.97	 32.02	  8.89	 30.35	  9.65	 30.63	 31.44	  8.99	 31.66	 31.22	 30.79	 10.09	 32.75	  8.91	 29.61	 30.92	 31.66	  3.95	  8.74	 28.60	 32.24	 29.74	 29.06	  9.87	 31.66	 28.38	 31.88		Pantherophis_guttatus 29
																														  0.00	 17.33	 29.46	 18.81	 29.65	 17.79	 17.48	 29.20	 30.53	 20.58	 19.25	 30.41	 26.11	 29.42	 20.80	 18.36	 19.25	 30.75	 28.60	  5.41	 20.58	 18.81	 19.95	 29.65	 18.14	 21.02	 17.92		Aspidoscelis_marmoratus 30
																															  0.00	 30.04	 11.84	 31.19	  9.50	  4.39	 30.53	 27.41	 14.69	 13.82	 31.00	 24.78	 30.70	 19.38	  9.69	 12.28	 31.19	 28.73	 16.29	 14.10	 11.50	  9.42	 30.09	 11.18	 16.67	  5.92		Lacerta_viridis 31
																																  0.00	 30.58	  9.56	 30.86	 30.13	 10.22	 31.25	 29.69	 29.69	  9.87	 31.03	 12.00	 27.90	 30.80	 30.58	 10.67	  8.74	 27.48	 31.47	 28.79	 27.69	 10.00	 31.03	 27.01	 31.47		Boaedon_fuliginosus 32
																																	  0.00	 29.74	  4.28	 11.35	 30.40	 24.67	 14.63	 12.34	 29.73	 23.36	 30.35	 17.76	 12.50	  4.37	 29.30	 29.28	 16.22	 13.38	 11.45	  9.84	 29.30	  4.80	 16.38	 10.82		Phrynosoma_platyrhinos 33
																																		  0.00	 30.18	 31.72	  9.21	 31.50	 29.96	 29.96	  6.05	 32.16	 10.96	 29.74	 30.62	 30.62	 10.53	  6.95	 27.70	 33.26	 29.96	 27.78	  8.11	 30.62	 26.65	 32.60		Naja_naja 34
																																			  0.00	  9.46	 29.73	 23.87	 12.84	  9.23	 30.41	 22.30	 30.41	 16.89	 10.36	  5.86	 30.18	 28.83	 16.44	 12.39	 11.49	  7.88	 28.60	  1.35	 14.41	  8.56		Sceloporus_tristichus 35
																																				  0.00	 31.28	 27.07	 14.85	 13.10	 30.86	 24.45	 31.66	 19.30	  8.55	 12.45	 30.62	 28.83	 15.99	 13.82	 11.45	 10.73	 30.40	 11.35	 17.25	  5.02		Lacerta_agilis 36
																																					  0.00	 30.18	 29.52	 30.40	 10.09	 33.04	  5.04	 29.96	 31.06	 30.40	  8.77	  6.50	 27.70	 31.94	 30.40	 26.98	 10.09	 30.40	 26.21	 32.82		Protobothrops_mucrosquamatus 37
																																						  0.00	 26.64	 26.86	 31.53	 29.91	 30.35	 28.73	 26.97	 25.98	 30.40	 31.08	 27.25	 27.19	 24.01	 24.61	 30.62	 25.11	 25.98	 26.42		Pogona_vitticeps 38
																																							  0.00	 12.23	 29.95	 21.62	 29.69	 21.93	 15.13	 14.41	 30.62	 29.05	 19.59	 14.69	 13.88	 12.57	 29.96	 13.54	 17.25	 14.19		Gekko_japonicus 39
																																								  0.00	 29.05	 23.36	 30.57	 19.96	 13.60	 12.01	 30.40	 28.38	 17.34	 14.04	 11.67	 11.40	 28.41	 10.70	 16.38	 13.20		Sphaerodactylus_townsendi 40
																																									  0.00	 30.86	 11.21	 30.41	 29.50	 29.73	 10.31	  7.40	 28.60	 31.76	 29.95	 27.99	  7.40	 30.41	 26.35	 31.98		Bungarus_multicintus 41
																																										  0.00	 32.75	 27.63	 24.56	 24.45	 32.38	 31.53	 22.97	 23.03	 22.25	 23.04	 31.50	 22.49	 25.11	 24.24		Paroedura_picta 42
																																											  0.00	 30.70	 30.92	 31.00	  8.55	  9.19	 28.83	 30.92	 31.28	 28.27	 12.06	 31.00	 27.73	 32.75		Crotalus_tigris 43
																																												  0.00	 19.74	 18.64	 30.40	 28.83	 19.14	 20.61	 18.28	 17.63	 29.52	 18.64	 20.18	 19.30		Sphenodon_punctatus 44
																																													  0.00	 13.60	 30.84	 29.73	 16.44	 14.69	 12.78	 11.05	 29.96	 10.96	 17.98	  7.24		Zootoca_vivipara 45
																																														  0.00	 30.84	 30.41	 16.22	 13.82	 11.01	  9.69	 30.62	  6.77	 16.81	 12.23		Phrynosoma_blainvillii 46
																																															  0.00	  8.52	 28.83	 32.60	 30.62	 28.31	 10.75	 30.84	 28.63	 31.72		Pituophis_catenifer 47
																																																  0.00	 27.70	 30.86	 29.73	 25.27	  7.85	 28.60	 24.77	 30.18		Tropidonophis_doriae 48
																																																	  0.00	 18.69	 16.22	 16.85	 28.60	 16.44	 18.02	 16.22		Salvator_merianae 49
																																																		  0.00	 13.66	 12.63	 31.72	 12.28	 19.30	 12.50		Eublepharis_macularius 50
																																																			  0.00	  8.99	 29.74	 11.45	 16.08	 11.45		Hemicordylus_capensis 51
																																																				  0.00	 26.19	  8.38	 16.75	 10.36		Plestiodon_gilberti 52
																																																					  0.00	 29.30	 27.31	 30.84		Laticauda_colubrina 53
																																																						  0.00	 16.38	  9.39		Sceloporus_occidentalis 54
																																																							  0.00	 17.69		Varanus_salvator 55
																																																								  0.00		Podarci_raffonei 56
