Distance Matrix
---------------

Uncorrected for Multiple Substitutions
Using base positions 12 in the codon
Gap weighting is 0.000000

	    1	    2	    3	    4	    5	    6	    7	    8	    9	    10	    11	    12	    13	    14	    15	    16	    17	    18	    19	    20	    21	    22	    23	    24	    25	    26	    27	    28	    29	    30	    31	    32	    33	    34	    35	    36	    37	    38	    39	    40	    41	    42	    43	    44	    45	    46	    47	    48	    49	    50	    51	    52	    53	    54	    55	    56
	  0.00	 12.89	 43.83	 15.95	 46.43	 22.70	 23.93	 26.38	 46.93	 17.19	 46.32	 44.10	 18.10	 46.71	 48.47	 43.87	 45.09	 20.25	 46.01	 45.71	  8.95	 46.60	 50.94	 24.54	 48.47	 44.10	 30.37	 17.48	  8.59	 45.78	 44.41	 21.17	 44.79	 18.44	 46.93	 42.55	 23.31	 49.37	 46.54	 48.16	 17.81	 48.16	 24.85	 50.00	 45.96	 46.32	 11.04	 16.56	 46.43	 43.79	 47.85	 46.01	 22.81	 47.55	 49.39	 44.10		Arizona_elegans 1
		  0.00	 45.71	 13.50	 50.00	 24.40	 24.85	 26.99	 49.09	 15.03	 46.36	 45.09	 12.73	 48.04	 47.58	 45.15	 47.88	 19.82	 46.67	 46.67	 13.89	 46.04	 49.06	 23.81	 47.88	 46.01	 27.61	 13.19	 13.27	 48.40	 45.40	 19.02	 47.88	 12.81	 47.27	 44.79	 21.56	 51.25	 48.76	 45.45	 16.56	 49.70	 23.21	 47.58	 46.32	 48.18	 16.05	 15.03	 47.12	 45.40	 48.48	 46.36	 18.10	 48.18	 48.79	 46.32		Thermophis_baileyi 2
			  0.00	 47.58	 39.75	 48.51	 48.48	 48.79	 28.78	 47.53	 31.58	 26.92	 46.41	 36.08	 33.43	 27.33	 32.56	 45.18	 26.74	 25.87	 46.93	 30.70	 33.13	 47.62	 39.53	 28.40	 48.79	 46.67	 45.12	 38.82	 27.51	 47.58	 27.19	 49.07	 30.12	 27.51	 46.71	 34.85	 33.83	 33.43	 49.06	 42.65	 48.81	 31.69	 27.51	 26.32	 46.95	 47.58	 38.82	 31.07	 34.30	 26.74	 49.69	 30.41	 36.34	 28.11		Elgaria_multicarinata 3
				  0.00	 48.73	 21.86	 25.15	 26.35	 49.70	 17.59	 46.71	 46.97	 15.27	 48.08	 47.01	 45.51	 48.20	 19.58	 48.20	 47.90	 16.87	 47.29	 49.08	 23.05	 49.10	 46.67	 29.94	 13.77	 15.85	 48.73	 46.97	 15.87	 47.01	 17.28	 48.20	 45.45	 22.59	 52.16	 47.85	 47.31	 17.08	 50.00	 22.46	 49.70	 47.27	 47.60	 15.55	 15.87	 48.10	 45.76	 48.80	 47.60	 21.30	 48.20	 49.10	 46.67		Thamnophis_elegans 4
					  0.00	 51.55	 50.95	 47.15	 34.97	 48.06	 34.97	 32.92	 48.75	 37.42	 33.13	 32.82	 35.89	 47.17	 33.13	 32.52	 50.00	 35.19	 34.71	 52.17	 43.25	 34.16	 49.05	 48.42	 46.82	  2.15	 34.16	 51.27	 34.05	 50.32	 34.97	 32.92	 50.31	 38.58	 30.38	 34.66	 48.68	 39.57	 50.62	 40.80	 35.09	 34.66	 48.73	 48.10	 15.12	 34.26	 37.42	 35.58	 48.06	 34.97	 39.57	 33.23		Aspidocelis_tigris 5
						  0.00	 17.96	 29.64	 49.41	 23.35	 48.24	 48.51	 23.08	 48.73	 49.12	 48.53	 47.35	 25.00	 50.29	 50.00	 20.48	 47.04	 50.91	 14.45	 49.41	 48.21	 29.04	 25.75	 22.29	 51.86	 48.21	 28.14	 49.12	 23.17	 49.41	 48.21	 13.08	 53.03	 49.39	 49.41	 23.60	 50.00	 13.87	 50.88	 50.89	 50.00	 21.99	 21.56	 48.76	 49.40	 47.65	 47.35	 26.35	 48.53	 48.53	 48.51		Azemiops_feae 6
							  0.00	 30.24	 48.20	 25.00	 49.40	 47.58	 25.75	 49.68	 49.70	 49.70	 50.90	 26.20	 49.40	 49.70	 22.39	 48.49	 50.61	 19.76	 50.90	 46.06	 33.53	 27.25	 22.87	 50.95	 46.97	 31.14	 48.80	 25.31	 50.30	 48.48	 18.37	 52.16	 50.00	 50.90	 26.71	 52.69	 18.26	 52.99	 52.12	 49.70	 24.70	 24.55	 50.00	 49.70	 48.50	 48.20	 26.85	 50.00	 48.80	 47.27		Daboia_siamensis 7
								  0.00	 47.60	 27.78	 48.50	 48.18	 29.94	 49.68	 49.40	 46.71	 49.70	 28.31	 47.01	 47.90	 27.91	 47.89	 49.69	 29.04	 50.00	 48.18	 18.15	 27.54	 26.83	 46.52	 48.79	 29.04	 47.31	 27.78	 45.21	 48.79	 28.61	 52.78	 48.16	 47.90	 28.26	 49.70	 30.84	 49.70	 49.39	 48.50	 30.18	 26.05	 46.52	 48.48	 49.10	 47.31	 27.78	 47.60	 48.20	 48.18		Charina_bottae 8
									  0.00	 50.00	 24.86	 24.85	 49.41	 32.19	 22.99	 20.98	 26.15	 46.73	 20.98	 19.25	 49.70	 24.28	 27.08	 48.53	 35.92	 26.32	 47.60	 49.70	 47.59	 35.28	 25.44	 52.40	 20.52	 52.13	 23.41	 25.15	 48.52	 32.34	 29.88	 30.75	 48.45	 40.41	 48.24	 31.61	 27.49	 21.10	 49.10	 50.30	 35.28	 30.41	 32.47	 22.70	 50.91	 23.99	 31.61	 25.73		Shinisaurus_crocodilurus 9
										  0.00	 46.65	 45.06	 16.77	 47.70	 47.87	 45.43	 47.56	 23.01	 46.95	 46.65	 17.07	 46.95	 52.22	 23.95	 48.78	 44.44	 28.70	 19.14	 16.26	 48.06	 45.68	 19.75	 47.87	 11.89	 46.65	 45.68	 24.40	 52.83	 48.75	 48.48	 15.84	 48.48	 24.85	 48.48	 47.84	 48.48	 18.10	 16.67	 46.77	 45.06	 46.95	 46.34	 16.17	 47.56	 47.87	 44.14		Ophiophagus_hannah 10
											  0.00	 24.27	 49.70	 33.12	 25.14	 20.23	 16.47	 46.43	 19.36	 18.21	 48.79	 25.87	 27.54	 49.41	 34.39	 24.85	 48.20	 47.31	 47.89	 34.97	 24.27	 49.10	 19.65	 49.09	 18.50	 22.81	 49.70	 35.33	 30.36	 29.19	 46.89	 36.63	 49.71	 32.66	 27.49	 18.79	 49.10	 47.90	 34.97	 27.49	 30.35	 24.28	 50.00	 19.08	 32.37	 24.56		Anolis_sagrei 11
												  0.00	 47.60	 34.49	 24.56	 18.42	 24.56	 43.98	 19.59	 19.01	 46.93	 22.94	 30.30	 50.30	 34.21	 10.23	 48.18	 46.67	 44.82	 32.61	  2.05	 46.67	 20.18	 46.60	 21.05	  5.85	 49.10	 32.42	 29.22	 26.02	 46.23	 36.76	 49.40	 30.70	 16.08	 18.13	 45.73	 48.18	 32.92	 29.59	 28.07	 21.05	 47.53	 21.05	 32.75	  9.65		Lacerta_bilineata 12
													  0.00	 45.86	 47.04	 44.97	 50.00	 19.64	 48.52	 47.04	 15.15	 47.62	 47.85	 22.78	 50.30	 47.31	 28.44	 14.07	 15.66	 47.81	 48.50	 20.36	 47.93	 17.99	 47.34	 47.90	 22.02	 50.61	 46.06	 47.63	 17.70	 47.93	 22.78	 47.93	 47.90	 47.93	 18.07	 15.87	 47.81	 44.91	 46.75	 47.63	 20.43	 48.52	 49.41	 47.31		Imantodes_cenchoa 13
														  0.00	 30.31	 29.69	 34.38	 46.47	 32.19	 32.19	 48.04	 30.19	 33.23	 47.47	 39.06	 34.18	 51.60	 49.68	 47.40	 37.74	 35.13	 51.28	 31.25	 50.33	 30.62	 33.54	 48.73	 28.93	 33.87	 34.69	 48.33	 40.94	 47.78	 36.25	 33.86	 33.44	 48.05	 45.83	 38.92	 32.19	 35.62	 30.31	 46.71	 33.12	 36.87	 34.49		Phrynocephalus_versicolor 14
															  0.00	 22.13	 27.30	 46.43	 22.13	 21.55	 50.91	 16.76	 26.19	 48.53	 35.63	 24.27	 48.80	 47.60	 46.69	 32.82	 25.44	 48.80	 22.54	 48.78	 23.99	 24.85	 47.93	 34.73	 27.51	 27.01	 47.20	 37.79	 48.53	 30.46	 29.53	 20.81	 48.80	 47.60	 34.05	 28.07	 30.75	 16.38	 47.56	 22.25	 34.48	 23.39		Cryptoblepharus_egeriae 15
																  0.00	 20.98	 42.56	  7.76	  7.47	 46.06	 18.50	 25.89	 47.35	 33.33	 21.05	 45.81	 45.51	 43.37	 32.82	 19.30	 47.60	 13.58	 46.34	 15.03	 20.47	 47.04	 29.04	 26.92	 26.15	 45.03	 33.72	 46.76	 27.30	 21.93	 12.43	 44.58	 45.21	 32.52	 24.85	 25.00	 17.82	 47.26	 15.32	 31.61	 21.05		Iguana_delicatissima 16
																	  0.00	 47.62	 21.84	 21.84	 49.09	 27.75	 31.55	 50.29	 34.77	 26.61	 49.70	 48.80	 47.59	 36.50	 25.44	 49.10	 21.10	 49.39	 20.52	 23.68	 50.30	 35.63	 33.73	 33.91	 46.27	 39.24	 51.76	 33.33	 28.65	 20.81	 48.19	 47.01	 34.66	 31.87	 30.75	 25.57	 52.44	 21.68	 32.76	 25.73		Anolis_carolinensis 17
																		  0.00	 45.24	 44.64	 19.39	 44.91	 47.22	 22.92	 47.32	 45.18	 28.31	 20.48	 19.58	 46.54	 44.58	 23.80	 46.43	 22.70	 47.62	 46.08	 22.32	 48.16	 46.65	 47.32	 20.63	 49.40	 22.62	 46.43	 47.29	 45.83	 20.78	 18.98	 44.65	 44.88	 46.43	 46.13	 27.61	 47.02	 48.51	 44.58		Myanophis_thanlyinensis 18
																			  0.00	  6.90	 48.48	 18.79	 25.30	 50.29	 33.62	 21.35	 47.90	 47.90	 46.08	 33.44	 20.76	 50.30	 14.16	 48.48	 15.03	 20.76	 48.52	 30.54	 26.33	 26.44	 47.83	 35.76	 47.35	 28.16	 23.68	 13.01	 47.59	 47.90	 34.36	 26.32	 27.59	 18.97	 48.48	 15.03	 32.47	 21.35		Cyclura_pinguis 19
																				  0.00	 47.27	 18.79	 24.11	 48.82	 34.20	 21.05	 47.01	 47.01	 44.58	 32.82	 20.18	 48.50	 14.16	 47.56	 14.74	 20.76	 48.52	 30.54	 27.22	 26.72	 46.58	 34.30	 47.65	 27.87	 24.56	 12.43	 46.08	 47.01	 34.66	 25.44	 25.57	 17.82	 48.48	 14.45	 31.90	 20.47		Ctenosaura_bakeri 20
																					  0.00	 48.48	 52.20	 22.89	 49.09	 46.32	 27.91	 17.48	 10.91	 50.00	 47.24	 22.09	 48.48	 18.40	 48.79	 47.24	 22.89	 51.25	 47.52	 49.09	 17.81	 49.39	 22.29	 47.58	 48.77	 48.48	 12.12	 16.26	 47.76	 44.48	 47.58	 48.18	 20.12	 49.09	 50.00	 46.32		Ptyas_mucosa 21
																						  0.00	 27.25	 46.45	 37.57	 22.35	 48.19	 48.49	 45.15	 35.19	 22.35	 49.10	 19.77	 46.95	 20.64	 23.53	 46.13	 31.93	 29.17	 24.86	 45.34	 38.60	 46.45	 28.61	 27.35	 19.19	 46.97	 48.49	 33.95	 27.94	 29.19	 12.43	 46.95	 19.77	 34.39	 22.06		Lerista_edwardsae 22
																							  0.00	 50.61	 36.90	 32.42	 48.16	 49.08	 50.00	 34.71	 31.82	 52.45	 27.84	 52.85	 28.14	 31.21	 50.00	 34.16	 20.36	 25.30	 51.59	 34.04	 49.39	 33.04	 32.73	 25.45	 51.56	 50.31	 35.13	 30.30	 31.85	 27.38	 51.58	 27.54	 35.71	 31.21		Lepidodactylus_listeri 23
																								  0.00	 49.12	 49.11	 30.24	 24.85	 23.49	 51.55	 50.00	 28.44	 49.41	 23.78	 49.12	 50.00	 11.05	 50.61	 49.09	 47.94	 22.98	 49.12	 12.72	 50.29	 53.27	 50.00	 25.90	 22.16	 50.00	 48.51	 47.94	 47.35	 26.65	 48.24	 47.94	 49.40		Bothrops_jararaca 24
																									  0.00	 34.50	 47.90	 49.40	 51.81	 42.94	 34.21	 50.00	 35.55	 49.39	 34.10	 33.63	 48.82	 41.62	 40.24	 36.21	 48.76	 43.93	 49.41	 39.08	 36.26	 34.39	 50.30	 51.20	 39.88	 35.67	 37.64	 35.34	 52.74	 34.97	 15.14	 35.67		Varanus_komodoensis 25
																										  0.00	 48.79	 47.27	 44.82	 33.85	 10.82	 47.58	 21.93	 45.99	 20.76	 10.82	 48.20	 32.73	 28.31	 28.36	 45.28	 37.65	 48.81	 32.16	 16.37	 21.35	 44.82	 48.48	 33.54	 28.99	 29.24	 20.47	 48.15	 21.93	 32.75	  2.34		Podarcis_muralis 26
																											  0.00	 27.84	 28.96	 48.73	 48.79	 31.74	 47.60	 30.25	 45.21	 48.79	 29.52	 51.85	 48.16	 49.10	 30.75	 49.70	 32.04	 47.31	 48.79	 47.60	 30.18	 28.14	 46.84	 47.88	 48.50	 46.41	 31.79	 45.81	 48.20	 48.48		Morelia_viridis 27
																												  0.00	 16.16	 48.10	 46.67	 20.66	 48.20	 19.14	 47.90	 46.67	 24.10	 50.62	 47.55	 46.11	 18.94	 49.10	 24.55	 48.80	 47.88	 48.20	 17.68	 17.07	 47.47	 46.06	 48.50	 47.01	 23.15	 48.50	 48.80	 47.27		Diadophis_punctatus 28
																													  0.00	 46.50	 45.73	 20.12	 46.08	 16.87	 46.39	 44.82	 22.29	 49.69	 47.22	 49.70	 17.50	 48.49	 24.40	 49.10	 46.95	 46.08	  6.93	 15.85	 46.18	 44.82	 46.69	 44.88	 22.09	 46.39	 51.20	 44.82		Pantherophis_guttatus 29
																														  0.00	 33.85	 50.32	 34.36	 49.35	 34.97	 32.92	 49.69	 37.96	 30.38	 34.36	 48.03	 40.18	 50.93	 40.18	 34.47	 34.36	 48.41	 47.15	 14.20	 34.26	 36.50	 35.28	 47.74	 34.97	 38.96	 33.23		Aspidoscelis_marmoratus 30
																															  0.00	 47.58	 21.05	 46.91	 22.51	  6.73	 49.40	 33.33	 30.72	 26.90	 47.17	 37.35	 49.11	 31.58	 16.96	 19.30	 46.34	 48.79	 33.85	 29.88	 28.65	 21.35	 47.53	 21.93	 33.92	 10.23		Lacerta_viridis 31
																																  0.00	 48.50	 20.99	 51.20	 47.27	 26.81	 54.32	 50.00	 47.60	 20.81	 51.50	 29.34	 49.40	 50.00	 48.20	 21.04	 19.16	 50.95	 47.58	 47.31	 48.50	 25.31	 51.80	 52.40	 47.27		Boaedon_fuliginosus 32
																																	  0.00	 49.70	 14.16	 21.05	 48.22	 31.14	 28.87	 26.59	 47.20	 37.50	 48.82	 29.48	 23.98	  6.07	 46.99	 49.70	 36.50	 23.68	 27.17	 19.94	 50.00	 15.61	 31.79	 21.35		Phrynosoma_platyrhinos 33
																																		  0.00	 48.48	 47.53	 21.78	 53.77	 49.69	 46.04	 15.53	 50.30	 24.70	 50.00	 49.38	 49.39	 19.33	 14.51	 48.06	 48.15	 46.95	 46.65	 18.60	 48.48	 51.22	 45.99		Naja_naja 34
																																			  0.00	 21.05	 48.22	 31.44	 27.68	 29.48	 47.20	 35.47	 49.71	 30.06	 22.22	 13.29	 48.19	 50.00	 34.97	 26.61	 28.61	 19.94	 49.09	  8.67	 30.92	 20.47		Sceloporus_tristichus 35
																																				  0.00	 48.20	 33.03	 28.61	 27.19	 46.23	 35.59	 48.81	 31.58	 14.33	 19.30	 46.04	 48.18	 33.23	 29.29	 28.07	 21.35	 47.84	 21.05	 33.63	 10.23		Lacerta_agilis 36
																																					  0.00	 52.13	 48.17	 47.93	 22.50	 49.70	 10.17	 50.59	 52.10	 49.11	 24.40	 21.39	 49.69	 51.20	 47.63	 47.93	 26.51	 47.93	 48.82	 48.50		Protobothrops_mucrosquamatus 37
																																						  0.00	 32.72	 32.04	 51.60	 39.52	 51.52	 36.83	 33.33	 31.44	 50.62	 51.54	 36.65	 34.04	 35.63	 31.14	 51.26	 32.04	 39.22	 33.64		Pogona_vitticeps 38
																																							  0.00	 26.33	 47.45	 31.14	 48.18	 31.66	 31.02	 27.38	 48.15	 46.93	 33.02	 28.61	 30.47	 25.74	 46.56	 28.27	 36.69	 27.11		Gekko_japonicus 39
																																								  0.00	 45.96	 36.99	 48.24	 33.33	 30.99	 24.57	 49.70	 48.20	 33.74	 29.82	 31.61	 24.14	 46.04	 28.90	 36.00	 28.36		Sphaerodactylus_townsendi 40
																																									  0.00	 48.45	 25.16	 48.45	 47.48	 48.14	 17.19	 14.91	 47.04	 45.28	 47.20	 45.34	 21.74	 48.14	 47.52	 45.28		Bungarus_multicintus 41
																																										  0.00	 50.29	 39.24	 37.94	 36.92	 51.81	 48.20	 38.96	 37.94	 36.34	 37.21	 50.61	 35.47	 44.83	 37.06		Paroedura_picta 42
																																											  0.00	 51.47	 52.08	 49.71	 25.00	 23.35	 49.69	 48.51	 48.24	 48.82	 24.55	 49.41	 48.53	 49.70		Crotalus_tigris 43
																																												  0.00	 33.33	 29.48	 50.30	 45.81	 39.26	 31.29	 31.32	 27.87	 47.56	 30.06	 37.07	 31.58		Sphenodon_punctatus 44
																																													  0.00	 22.51	 46.65	 49.70	 34.78	 30.47	 29.24	 23.10	 48.15	 25.73	 33.92	 16.67		Zootoca_vivipara 45
																																														  0.00	 47.59	 49.10	 35.58	 23.98	 26.30	 18.50	 49.09	 14.16	 31.79	 20.18		Phrynosoma_blainvillii 46
																																															  0.00	 17.68	 47.77	 45.12	 47.29	 46.99	 23.01	 48.49	 50.60	 44.82		Pituophis_catenifer 47
																																																  0.00	 47.15	 46.06	 45.81	 47.31	 19.75	 49.70	 52.10	 49.09		Tropidonophis_doriae 48
																																																	  0.00	 36.42	 35.58	 33.13	 50.32	 34.66	 39.88	 33.85		Salvator_merianae 49
																																																		  0.00	 31.58	 26.32	 47.22	 25.44	 33.63	 29.29		Eublepharis_macularius 50
																																																			  0.00	 27.01	 44.82	 28.03	 36.21	 28.07		Hemicordylus_capensis 51
																																																				  0.00	 46.34	 17.92	 33.33	 20.47		Plestiodon_gilberti 52
																																																					  0.00	 50.00	 50.91	 48.46		Laticauda_colubrina 53
																																																						  0.00	 31.79	 21.05		Sceloporus_occidentalis 54
																																																							  0.00	 33.04		Varanus_salvator 55
																																																								  0.00		Podarci_raffonei 56
