Distance Matrix
---------------

Uncorrected for Multiple Substitutions
Using base positions 12 in the codon
Gap weighting is 0.000000

	    1	    2	    3	    4	    5	    6	    7	    8	    9	    10	    11	    12	    13	    14	    15	    16	    17	    18	    19	    20	    21	    22	    23	    24	    25	    26	    27	    28	    29	    30	    31	    32	    33	    34	    35	    36	    37	    38	    39	    40	    41	    42	    43	    44	    45	    46	    47	    48	    49	    50	    51	    52	    53	    54
	  0.00	  6.51	 21.50	 20.58	  8.41	  8.95	 20.32	  8.10	 20.63	 20.95	  6.03	 22.38	 18.63	 19.84	 20.63	  7.30	 20.48	 18.42	  2.86	 20.95	 23.25	  7.30	 21.14	 20.48	  8.89	  6.19	  4.76	 20.95	 21.43	  9.68	 20.48	  9.05	 20.16	 21.43	  8.73	 24.92	 23.09	 22.54	  7.46	 26.27	  9.68	 20.48	 21.11	 19.84	  5.08	 10.19	 20.74	 21.59	 18.73	 18.89	 10.00	 21.11	 20.63	 20.00		Arizona_elegans 1
		  0.00	 22.22	 22.51	 11.09	 10.22	 21.94	  8.72	 23.12	 22.66	  7.01	 24.21	 20.98	 21.41	 23.91	  9.35	 21.25	 21.77	  7.23	 22.03	 24.84	  9.69	 22.41	 23.12	 11.25	  7.34	  8.02	 22.47	 23.12	  8.81	 23.28	  8.96	 22.31	 22.66	 10.16	 25.78	 24.45	 25.00	  7.23	 26.83	 11.87	 22.97	 22.66	 22.81	  9.28	 10.57	 22.99	 24.84	 20.57	 20.63	  9.53	 23.28	 22.57	 22.34		Thermophis_baileyi 2
			  0.00	 18.81	 21.43	 20.51	 13.77	 21.75	 17.46	 15.82	 21.90	 22.22	 15.71	 13.02	 16.35	 20.16	 16.03	 13.35	 21.75	 14.92	 16.19	 20.48	 14.88	 16.46	 22.63	 22.38	 21.27	 18.73	 15.98	 23.81	 13.45	 22.22	 13.29	 17.25	 20.95	 22.78	 17.04	 17.94	 21.59	 21.73	 20.32	 15.66	 16.46	 13.45	 22.54	 21.18	 16.56	 19.84	 15.76	 13.29	 21.90	 13.13	 15.71	 14.87		Elgaria_multicarinata 3
				  0.00	 22.51	 23.15	 17.85	 21.38	 19.77	 17.36	 21.06	 23.79	 17.85	 16.88	 20.10	 22.03	 18.01	 15.46	 20.74	 17.04	 19.61	 22.03	 18.14	 16.56	 21.70	 21.38	 21.70	  1.77	 17.68	 24.12	 17.85	 22.67	 18.49	 17.68	 23.47	 25.72	 20.97	 19.13	 21.06	 24.19	 23.31	 18.33	 16.08	 18.33	 21.70	 22.03	  6.59	 19.77	 17.85	 15.27	 22.67	 18.65	 19.77	 16.24		Aspidocelis_tigris 4
					  0.00	 10.86	 22.41	  9.84	 23.28	 22.81	 10.00	 24.69	 20.66	 21.56	 21.88	  9.38	 21.88	 20.30	  9.91	 21.09	 24.21	  6.56	 22.24	 22.03	 11.41	 10.78	  9.59	 23.26	 23.12	 13.21	 22.34	 10.38	 21.36	 21.88	  6.25	 26.41	 24.45	 23.91	  9.43	 26.03	  9.69	 22.03	 22.19	 21.56	 10.22	 11.67	 23.79	 24.22	 21.04	 20.63	 12.50	 21.72	 22.88	 22.19		Azemiops_feae 5
						  0.00	 20.77	  8.79	 22.68	 20.13	  9.42	 22.36	 20.35	 19.17	 22.04	  8.79	 20.77	 18.37	  9.11	 19.49	 22.44	 11.02	 20.44	 20.13	  7.35	 10.54	  9.11	 23.16	 20.77	 11.34	 21.25	  9.58	 20.93	 20.61	  9.74	 24.92	 22.28	 23.80	 10.06	 25.16	 12.62	 19.81	 19.49	 20.61	 10.38	 10.10	 22.99	 22.04	 18.85	 19.01	 10.22	 21.41	 21.57	 20.29		Charina_bottae 6
							  0.00	 21.79	 16.61	 15.16	 22.26	 21.29	 16.35	 13.95	 15.20	 21.00	 16.14	 11.11	 21.38	 14.26	 17.30	 22.26	 16.89	 15.94	 21.41	 22.10	 22.17	 18.51	 16.09	 23.43	 12.50	 23.11	 14.35	 17.03	 22.10	 24.37	 17.30	 19.12	 21.86	 21.66	 21.94	 17.81	 16.09	 12.19	 23.11	 20.50	 16.88	 19.75	 16.35	 13.13	 23.04	 14.69	 18.03	 15.31		Shinisaurus_crocodilurus 7
								  0.00	 23.12	 21.72	  8.41	 23.74	 19.72	 20.47	 22.50	  8.72	 20.63	 19.56	  8.33	 19.84	 22.48	  8.44	 20.23	 20.94	  9.22	  9.06	  8.81	 22.15	 21.88	 11.32	 21.25	  6.45	 21.52	 22.03	  9.84	 25.63	 23.20	 23.75	  6.60	 25.24	 10.47	 21.09	 21.09	 21.09	  9.28	  8.99	 22.51	 23.28	 18.83	 19.06	  8.91	 21.56	 21.63	 20.94		Ophiophagus_hannah 8
									  0.00	 18.59	 22.66	 21.07	 15.93	 15.31	 11.09	 22.50	 16.09	 11.99	 21.23	 15.94	 20.28	 22.66	 20.07	 17.81	 21.88	 22.66	 22.33	 20.57	 18.59	 22.17	 11.87	 23.27	 11.71	 18.44	 23.75	 23.44	 18.18	 20.00	 22.64	 21.59	 23.12	 18.44	 18.44	 12.50	 22.17	 21.77	 18.97	 19.06	 18.51	 15.62	 23.44	 12.34	 20.69	 17.03		Anolis_sagrei 9
										  0.00	 22.34	 21.16	 15.41	 14.49	 20.00	 20.31	 16.67	 13.42	 21.23	 16.09	 16.98	 22.19	 17.83	  8.70	 20.56	 23.12	 22.17	 18.83	  1.55	 23.58	 15.53	 21.54	 14.04	  5.90	 22.81	 24.84	 17.50	 17.76	 21.54	 21.52	 22.81	 17.70	 10.09	 15.06	 22.80	 21.61	 17.36	 18.85	 15.82	 13.71	 23.12	 16.77	 19.16	  8.23		Lacerta_bilineata 10
											  0.00	 23.43	 20.35	 20.31	 21.72	  8.41	 20.63	 19.56	  6.29	 21.09	 24.21	  9.38	 21.57	 21.72	 10.31	  6.56	  6.76	 21.84	 22.81	  8.81	 21.72	  8.02	 20.89	 22.81	  9.22	 26.09	 23.67	 24.22	  8.81	 27.14	 11.09	 22.03	 22.03	 21.41	  7.70	  9.94	 22.03	 24.37	 19.94	 20.00	  8.91	 22.50	 21.79	 21.88		Imantodes_cenchoa 11
												  0.00	 22.15	 21.32	 23.43	 23.27	 22.73	 18.33	 22.87	 22.01	 24.68	 25.16	 22.07	 20.06	 22.33	 25.00	 22.71	 23.42	 21.94	 24.45	 20.22	 23.03	 19.46	 21.00	 24.69	 18.75	 23.27	 24.92	 24.29	 25.16	 24.37	 23.20	 21.00	 20.06	 23.50	 23.42	 22.99	 24.76	 22.15	 21.54	 23.43	 20.06	 23.90	 19.44		Phrynocephalus_versicolor 12
													  0.00	 13.25	 15.14	 20.35	 15.14	 10.07	 19.87	 10.41	 16.46	 20.03	 15.60	 16.82	 19.65	 20.50	 20.50	 18.10	 16.04	 22.56	 13.21	 20.82	 13.45	 16.82	 20.50	 23.43	 16.30	 16.56	 20.66	 21.73	 21.14	 17.45	 17.30	 12.89	 20.82	 20.35	 16.56	 19.87	 13.54	 10.38	 21.92	 13.05	 17.67	 15.72		Cryptoblepharus_egeriae 13
														  0.00	 14.38	 20.16	  7.79	  5.15	 20.28	 13.59	 16.04	 20.16	 14.88	 14.33	 19.84	 20.63	 20.13	 17.56	 14.80	 21.70	  9.81	 21.38	 11.55	 15.26	 20.94	 23.68	 15.94	 17.91	 19.81	 21.04	 20.78	 16.36	 15.58	  9.97	 21.23	 19.87	 15.11	 16.67	 15.82	 12.03	 20.63	 12.31	 16.87	 13.71		Iguana_delicatissima 14
															  0.00	 22.50	 16.25	 10.33	 21.23	 15.94	 18.71	 22.03	 19.23	 18.28	 20.78	 22.81	 22.48	 20.09	 20.63	 23.11	 10.16	 24.06	 13.45	 19.53	 22.97	 24.84	 18.03	 18.59	 22.17	 21.27	 22.81	 19.38	 18.91	 11.09	 22.17	 21.77	 17.68	 19.06	 18.67	 15.94	 23.12	 12.81	 19.44	 18.28		Anolis_carolinensis 15
																  0.00	 21.25	 19.37	  7.70	 20.78	 22.80	  8.91	 20.74	 21.41	  9.84	  9.53	  8.33	 22.47	 21.09	 11.64	 20.94	  8.49	 20.89	 20.78	  8.75	 25.16	 22.41	 23.12	  9.43	 25.71	  9.69	 20.16	 21.41	 20.16	  9.28	  9.62	 22.03	 23.28	 18.35	 19.22	 11.25	 21.25	 20.85	 21.09		Myanophis_thanlyinensis 16
																	  0.00	  8.09	 20.91	 16.09	 16.82	 20.47	 15.72	 16.04	 20.00	 21.25	 21.23	 18.35	 16.51	 20.75	 11.99	 22.17	 12.34	 17.60	 21.72	 25.39	 16.25	 18.38	 20.44	 21.52	 20.78	 17.76	 17.76	 12.46	 22.01	 21.29	 16.88	 18.22	 16.93	 12.97	 21.56	 14.17	 19.22	 15.73		Cyclura_pinguis 17
																		  0.00	 19.33	 11.81	 15.06	 19.93	 14.40	 12.68	 17.34	 19.56	 20.45	 16.48	 14.15	 20.45	  8.82	 21.93	  8.80	 14.52	 20.85	 22.79	 13.79	 16.36	 19.89	 19.40	 20.85	 14.15	 14.34	  8.27	 20.63	 19.96	 14.12	 15.99	 13.11	 10.15	 21.59	 10.11	 16.79	 12.68		Ctenosaura_bakeri 18
																			  0.00	 21.54	 23.19	  8.81	 21.31	 21.38	  9.75	  6.29	  5.35	 21.52	 21.70	 10.22	 21.23	  9.43	 20.57	 21.70	  9.75	 25.79	 23.66	 23.27	  8.02	 26.27	 11.16	 20.44	 21.07	 20.91	  5.35	 10.41	 21.38	 22.33	 19.68	 19.65	  9.59	 20.91	 21.77	 20.60		Ptyas_mucosa 19
																				  0.00	 16.19	 20.94	 14.55	 15.47	 20.16	 22.03	 20.60	 17.41	 16.41	 22.33	 13.13	 20.13	 14.08	 15.47	 20.94	 24.84	 16.46	 17.97	 21.23	 20.48	 21.25	 16.87	 15.94	 13.13	 21.07	 20.82	 15.92	 19.84	 14.40	 10.00	 21.88	 14.22	 17.55	 15.62		Lerista_edwardsae 20
																					  0.00	 23.58	 16.78	 18.24	 22.33	 24.37	 23.82	 21.11	 16.98	 24.29	 15.88	 23.97	 16.19	 19.34	 24.06	 22.80	 11.04	 14.78	 22.71	 19.81	 24.06	 16.82	 18.24	 15.88	 23.97	 22.31	 17.52	 18.24	 18.15	 15.57	 23.43	 16.82	 19.56	 17.14		Lepidodactylus_listeri 21
																						  0.00	 21.40	 20.63	 11.25	 10.31	  9.28	 23.10	 22.34	 12.11	 21.56	  9.12	 20.57	 21.72	  5.16	 26.41	 24.61	 23.44	  7.39	 26.03	  6.72	 22.03	 21.09	 20.63	  9.12	 11.83	 22.99	 24.22	 18.04	 19.53	 11.25	 21.56	 21.63	 20.94		Bothrops_jararaca 22
																							  0.00	 17.83	 21.50	 21.57	 19.46	 18.79	 17.67	 22.65	 14.83	 21.31	 15.89	 18.50	 21.91	 23.00	 18.46	 20.23	 20.81	 23.49	 21.40	 17.17	 17.83	 15.83	 21.14	 21.89	 17.80	 20.57	 16.89	 14.17	 20.90	 15.50	  6.50	 16.67		Varanus_komodoensis 23
																								  0.00	 19.78	 22.50	 22.17	 17.88	  9.32	 22.80	 15.53	 21.38	 14.51	  8.54	 22.97	 22.83	 17.19	 18.54	 19.97	 21.04	 22.50	 17.70	  9.47	 14.91	 21.70	 20.82	 17.68	 17.29	 15.51	 15.42	 22.81	 15.84	 19.16	  3.88		Podarcis_muralis 24
																									  0.00	 11.87	 10.22	 21.84	 21.65	 12.11	 20.87	 10.85	 20.82	 20.72	 11.25	 25.39	 22.73	 23.75	 10.38	 26.98	 12.19	 20.87	 20.40	 20.40	 10.06	 11.99	 21.22	 22.97	 19.15	 19.00	 11.87	 21.50	 22.19	 20.09		Morelia_viridis 25
																										  0.00	  8.33	 22.15	 23.59	 10.38	 22.34	 10.06	 21.68	 23.44	 10.94	 26.72	 23.51	 25.00	  9.28	 27.46	 12.19	 22.19	 22.34	 22.34	  8.18	 11.67	 22.03	 23.44	 20.25	 20.63	 11.41	 22.50	 21.94	 22.34		Diadophis_punctatus 26
																											  0.00	 22.78	 22.96	 10.22	 20.91	  7.55	 20.57	 22.48	  9.43	 25.63	 23.97	 23.43	  8.65	 25.96	 11.16	 21.86	 22.01	 20.75	  4.25	  9.94	 22.51	 24.37	 19.84	 20.44	  9.59	 21.38	 21.14	 21.86		Pantherophis_guttatus 27
																												  0.00	 19.15	 24.21	 17.72	 23.42	 18.83	 18.83	 23.89	 26.42	 21.43	 20.09	 21.52	 24.20	 23.58	 18.35	 16.93	 18.99	 22.47	 22.38	  6.75	 20.73	 18.25	 16.30	 23.42	 18.99	 20.16	 17.25		Aspidoscelis_marmoratus 28
																													  0.00	 23.74	 16.15	 22.64	 14.35	  6.06	 23.28	 25.31	 17.50	 18.38	 22.01	 21.68	 22.97	 18.32	 11.02	 15.53	 22.96	 22.08	 17.20	 19.31	 16.14	 14.33	 23.59	 17.55	 19.63	  8.85		Lacerta_viridis 29
																														  0.00	 22.96	 11.64	 22.63	 23.58	 13.52	 25.94	 23.82	 25.79	 11.48	 26.75	 13.68	 24.37	 21.70	 22.01	 11.01	 13.09	 23.79	 25.94	 21.59	 21.86	 10.85	 23.27	 23.66	 22.33		Boaedon_fuliginosus 30
																															  0.00	 22.48	  9.15	 16.77	 22.03	 23.76	 15.47	 16.82	 21.07	 19.30	 20.94	 16.30	 15.99	  2.95	 21.70	 20.35	 16.24	 16.98	 15.03	 13.40	 21.88	  8.23	 15.89	 15.06		Phrynosoma_platyrhinos 31
																																  0.00	 21.68	 22.17	  9.12	 25.63	 24.45	 23.90	  7.39	 26.27	 11.79	 21.23	 22.48	 21.86	  9.28	 10.09	 24.28	 24.69	 20.63	 19.81	  7.55	 22.01	 22.87	 21.70		Naja_naja 32
																																	  0.00	 15.62	 21.20	 22.87	 16.03	 16.30	 20.73	 19.43	 20.89	 17.03	 16.25	  8.83	 21.04	 21.11	 16.56	 17.09	 15.56	 11.20	 21.99	  3.94	 17.25	 13.72		Sceloporus_tristichus 33
																																		  0.00	 22.34	 25.78	 18.59	 19.31	 22.17	 21.52	 22.50	 18.79	 10.71	 15.99	 22.64	 21.77	 17.52	 20.25	 15.82	 14.64	 23.28	 17.55	 20.40	  9.16		Lacerta_agilis 34
																																			  0.00	 26.41	 24.61	 24.22	  9.59	 26.98	  6.88	 22.50	 22.19	 21.56	 10.53	 11.20	 23.63	 24.69	 20.09	 19.84	 11.09	 21.56	 22.41	 22.34		Protobothrops_mucrosquamatus 35
																																				  0.00	 22.34	 25.39	 25.79	 25.63	 27.03	 26.71	 24.84	 23.60	 25.94	 24.92	 25.08	 27.57	 25.32	 23.68	 25.94	 23.14	 24.77	 23.14		Pogona_vitticeps 36
																																					  0.00	 16.56	 23.50	 19.15	 24.92	 18.91	 17.97	 15.78	 24.45	 22.47	 19.19	 18.75	 18.41	 15.99	 25.08	 17.50	 19.28	 16.25		Gekko_japonicus 37
																																						  0.00	 23.27	 18.67	 24.37	 18.85	 19.00	 16.67	 23.27	 23.19	 18.81	 18.07	 19.15	 15.78	 24.69	 17.76	 20.94	 17.91		Sphaerodactylus_townsendi 38
																																							  0.00	 25.80	  9.91	 21.23	 21.07	 20.75	  8.65	  8.83	 22.03	 23.58	 19.52	 19.50	  8.65	 21.54	 21.45	 20.28		Bungarus_multicintus 39
																																								  0.00	 26.35	 22.94	 22.63	 20.25	 26.43	 25.08	 23.06	 20.57	 23.49	 20.00	 26.35	 20.89	 26.74	 21.68		Paroedura_picta 40
																																									  0.00	 21.41	 21.25	 20.94	 11.64	 11.51	 22.51	 24.84	 18.99	 20.63	 12.19	 21.56	 21.47	 22.81		Crotalus_tigris 41
																																										  0.00	 17.70	 17.08	 22.01	 19.87	 16.56	 20.56	 16.61	 15.58	 22.50	 17.55	 19.00	 18.32		Sphenodon_punctatus 42
																																											  0.00	 16.46	 21.86	 20.35	 15.76	 19.00	 15.82	 16.04	 23.59	 16.93	 20.09	  9.78		Zootoca_vivipara 43
																																												  0.00	 21.23	 19.72	 16.72	 17.76	 14.24	 13.08	 21.09	  7.61	 16.04	 14.75		Phrynosoma_blainvillii 44
																																													  0.00	 11.51	 22.51	 24.21	 20.16	 20.75	 11.32	 22.48	 21.77	 21.54		Pituophis_catenifer 45
																																														  0.00	 22.19	 22.40	 19.43	 20.35	 10.88	 20.98	 21.20	 20.98		Tropidonophis_doriae 46
																																															  0.00	 17.85	 16.88	 16.40	 23.31	 16.88	 19.13	 16.88		Salvator_merianae 47
																																																  0.00	 20.09	 17.66	 24.53	 18.69	 22.34	 16.67		Eublepharis_macularius 48
																																																	  0.00	 12.97	 20.57	 16.14	 17.56	 15.35		Hemicordylus_capensis 49
																																																		  0.00	 21.41	 13.40	 16.72	 14.17		Plestiodon_gilberti 50
																																																			  0.00	 22.50	 22.73	 22.97		Laticauda_colubrina 51
																																																				  0.00	 16.98	 15.22		Sceloporus_occidentalis 52
																																																					  0.00	 18.22		Varanus_salvator 53
																																																						  0.00		Podarci_raffonei 54
