Distance Matrix
---------------

Uncorrected for Multiple Substitutions
Using base positions 12 in the codon
Gap weighting is 0.000000

	    1	    2	    3	    4	    5	    6	    7	    8	    9	    10	    11	    12	    13	    14	    15	    16	    17	    18	    19	    20	    21	    22	    23	    24	    25	    26	    27	    28	    29	    30	    31	    32	    33	    34	    35	    36	    37	    38	    39	    40	    41	    42	    43	    44	    45	    46	    47	    48	    49	    50	    51	    52	    53	    54	    55
	  0.00	 13.77	 36.38	 13.51	 34.98	 20.81	 19.31	 21.41	 35.03	 16.92	 37.28	 36.34	 11.83	 34.23	 36.23	 35.48	 35.03	 18.11	 35.93	 11.53	 35.33	 33.89	 18.86	 36.38	 35.74	 22.46	 12.28	  8.08	 35.59	 36.34	 16.07	 33.68	 16.02	 34.28	 37.69	 19.61	 36.19	 34.49	 37.99	 17.72	 37.69	 18.56	 36.49	 36.49	 33.53	  9.43	 17.66	 35.74	 36.04	 34.39	 33.47	 17.51	 34.73	 36.53	 35.89		Arizona_elegans 1
		  0.00	 36.07	 13.51	 36.03	 20.55	 19.39	 21.87	 34.69	 17.35	 36.88	 35.23	 14.72	 36.40	 36.30	 34.84	 35.42	 17.78	 35.42	 13.70	 35.23	 33.87	 18.80	 37.17	 36.26	 20.55	  9.97	 13.12	 36.40	 35.67	 17.57	 35.42	 16.47	 34.55	 37.57	 19.68	 38.05	 35.63	 38.01	 17.27	 38.89	 18.80	 39.33	 35.53	 35.28	 13.56	 14.96	 35.67	 36.70	 35.61	 35.19	 16.91	 34.84	 37.17	 36.70		Thermophis_baileyi 2
			  0.00	 34.23	 28.82	 34.46	 35.04	 35.19	 24.05	 36.07	 26.25	 27.21	 35.19	 32.21	 25.81	 25.37	 26.54	 36.22	 24.93	 34.75	 26.25	 31.86	 36.36	 30.06	 28.38	 35.92	 33.58	 36.66	 28.97	 27.21	 34.83	 23.90	 36.07	 24.49	 30.00	 34.46	 33.83	 32.01	 29.71	 36.19	 33.24	 35.63	 33.68	 30.29	 25.95	 36.07	 35.92	 29.41	 29.12	 26.71	 22.02	 35.78	 24.49	 30.50	 28.09		Elgaria_multicarinata 3
				  0.00	 33.28	 19.37	 18.77	 17.72	 34.08	 16.67	 33.93	 33.28	 13.81	 32.08	 33.78	 33.03	 32.73	 17.57	 33.63	 14.56	 33.33	 30.97	 18.02	 34.53	 32.83	 18.32	 12.16	 14.11	 33.28	 33.73	 14.56	 32.73	 14.86	 31.68	 35.09	 18.62	 34.94	 32.93	 36.30	 16.87	 34.64	 16.97	 36.75	 34.79	 32.88	 14.41	 16.22	 34.19	 34.34	 32.52	 31.91	 17.72	 32.73	 34.83	 32.23		Thamnophis_elegans 4
					  0.00	 33.82	 34.26	 34.12	 29.71	 36.76	 29.12	 30.00	 33.68	 30.88	 28.53	 27.50	 27.50	 36.03	 27.50	 34.26	 29.71	 31.42	 34.26	 32.65	 30.29	 33.82	 34.56	 34.85	  4.41	 30.00	 34.19	 27.21	 35.44	 29.26	 30.74	 32.21	 32.34	 28.91	 32.79	 33.28	 34.85	 35.88	 33.82	 31.76	 27.50	 35.00	 35.44	 13.97	 30.15	 28.49	 26.75	 35.44	 28.68	 33.38	 30.88		Aspidocelis_tigris 5
						  0.00	 15.01	 21.43	 33.82	 18.95	 35.86	 34.06	 19.83	 32.46	 33.97	 32.07	 34.26	 22.59	 32.94	 18.66	 33.77	 32.84	 13.56	 36.01	 33.92	 21.14	 19.21	 21.14	 34.21	 33.77	 20.72	 32.65	 18.66	 33.09	 36.40	 11.52	 37.91	 35.04	 36.26	 20.27	 36.84	 13.27	 36.84	 34.94	 33.67	 20.26	 20.53	 35.23	 35.09	 33.83	 32.10	 19.10	 33.09	 35.86	 33.92		Azemiops_feae 6
							  0.00	 21.43	 33.82	 19.10	 35.57	 35.53	 19.83	 33.48	 35.13	 33.82	 34.84	 21.72	 33.67	 18.66	 34.80	 34.02	 14.58	 35.86	 35.67	 21.57	 18.04	 20.85	 35.67	 35.23	 20.12	 33.53	 18.51	 33.24	 38.01	 14.87	 37.76	 36.22	 36.40	 19.22	 36.11	 14.87	 37.57	 36.40	 33.82	 20.12	 20.53	 35.67	 34.65	 34.42	 33.95	 19.83	 33.82	 36.44	 36.11		Daboia_siamensis 7
								  0.00	 33.24	 19.53	 33.82	 33.77	 19.53	 34.80	 33.24	 31.34	 33.67	 22.16	 32.22	 19.97	 32.60	 32.70	 20.41	 35.42	 33.48	 13.41	 20.09	 21.87	 34.94	 33.48	 19.67	 31.05	 19.83	 31.49	 36.11	 21.28	 34.96	 34.46	 35.82	 21.02	 35.67	 19.97	 36.84	 35.09	 32.65	 21.43	 19.94	 36.26	 34.21	 29.97	 31.69	 20.55	 31.49	 33.53	 33.92		Charina_bottae 8
									  0.00	 35.57	 25.94	 26.89	 34.11	 34.16	 28.92	 24.35	 27.68	 35.13	 24.06	 34.40	 26.32	 32.02	 36.15	 28.92	 29.74	 33.09	 34.02	 36.01	 30.52	 27.33	 34.23	 25.58	 35.28	 26.24	 30.96	 32.36	 34.31	 31.92	 31.10	 35.29	 34.59	 34.40	 34.16	 28.63	 25.73	 35.42	 33.72	 30.03	 28.78	 26.71	 25.31	 36.59	 26.60	 29.28	 29.22		Shinisaurus_crocodilurus 9
										  0.00	 36.59	 35.38	 16.18	 34.65	 34.55	 32.65	 34.40	 18.08	 34.40	 15.60	 34.80	 34.16	 18.51	 36.44	 34.36	 20.55	 15.69	 17.35	 36.40	 35.09	 18.92	 33.97	  8.89	 32.94	 37.72	 16.47	 38.05	 35.78	 36.55	 12.61	 36.84	 16.47	 37.72	 36.26	 35.28	 15.89	 15.54	 37.57	 34.50	 32.79	 33.13	 13.12	 33.38	 36.01	 34.50		Ophiophagus_hannah 10
											  0.00	 26.02	 35.42	 34.01	 23.84	 21.88	 18.41	 37.03	 21.01	 34.84	 21.93	 29.97	 36.01	 27.91	 26.68	 36.30	 35.04	 36.88	 29.22	 27.03	 35.44	 20.93	 35.71	 19.97	 27.76	 34.55	 31.82	 29.74	 28.63	 35.89	 31.40	 35.57	 34.30	 28.78	 21.22	 36.15	 36.80	 27.84	 28.78	 25.22	 21.60	 37.32	 20.93	 28.99	 26.31		Anolis_sagrei 11
												  0.00	 34.50	 34.88	 27.41	 23.11	 25.87	 35.82	 22.97	 36.11	 26.25	 29.09	 35.96	 29.88	 15.16	 32.60	 35.59	 34.65	 30.23	  2.62	 34.64	 24.93	 34.65	 24.42	 15.41	 33.77	 34.02	 29.88	 28.78	 34.64	 32.12	 34.50	 36.48	 16.86	 24.49	 34.65	 34.71	 29.74	 29.07	 26.26	 24.49	 35.67	 24.49	 29.51	 15.55		Lacerta_bilineata 12
													  0.00	 34.36	 36.30	 33.38	 33.82	 18.95	 34.55	 13.12	 34.06	 33.14	 18.80	 35.28	 35.53	 19.97	 12.17	 13.27	 34.50	 34.65	 16.22	 33.82	 15.45	 33.24	 36.11	 17.35	 36.73	 34.02	 37.13	 17.27	 37.57	 17.64	 38.01	 37.28	 33.24	 13.27	 14.96	 35.67	 34.50	 32.64	 32.72	 17.93	 33.24	 35.57	 35.53		Imantodes_cenchoa 13
														  0.00	 33.38	 32.12	 34.30	 36.70	 32.70	 32.31	 32.84	 35.09	 32.60	 34.26	 34.99	 34.36	 35.44	 33.33	 32.12	 35.32	 32.38	 33.82	 35.09	 33.04	 36.34	 31.87	 27.27	 37.03	 37.06	 33.28	 37.65	 34.80	 35.90	 35.03	 33.82	 33.04	 34.71	 34.55	 32.85	 31.01	 29.01	 35.38	 32.51	 35.03	 34.74		Phrynocephalus_versicolor 14
															  0.00	 23.55	 25.73	 36.88	 22.82	 35.13	 17.98	 30.26	 34.26	 31.25	 28.28	 35.57	 35.63	 36.88	 29.30	 27.11	 36.19	 22.97	 34.69	 21.43	 29.15	 32.94	 32.21	 29.24	 27.84	 33.93	 30.76	 33.53	 31.49	 29.45	 23.26	 36.44	 36.22	 29.74	 28.57	 23.89	 16.26	 36.15	 22.97	 30.09	 28.57		Cryptoblepharus_egeriae 15
																  0.00	 20.58	 34.99	 10.58	 32.36	 22.37	 28.95	 32.65	 27.91	 24.93	 33.09	 34.02	 34.99	 28.05	 24.13	 34.08	 15.55	 33.38	 15.45	 26.45	 30.76	 32.55	 28.86	 27.33	 33.33	 31.10	 32.65	 34.01	 25.73	 15.26	 34.55	 33.72	 26.97	 25.44	 23.59	 19.34	 34.55	 15.55	 27.54	 24.71		Iguana_delicatissima 16
																	  0.00	 37.03	 20.87	 33.82	 24.71	 29.82	 34.99	 28.78	 27.55	 35.42	 34.60	 35.57	 27.47	 27.03	 34.98	 21.80	 34.26	 21.72	 28.05	 32.80	 31.38	 29.15	 29.22	 35.14	 32.70	 32.94	 34.88	 28.78	 21.66	 35.28	 35.63	 30.47	 27.91	 27.00	 23.25	 34.99	 22.38	 30.14	 28.34		Anolis_carolinensis 17
																		  0.00	 36.88	 17.64	 36.26	 36.51	 22.45	 37.03	 36.70	 22.89	 16.86	 18.66	 36.26	 36.26	 20.57	 36.73	 16.47	 36.30	 38.45	 20.26	 37.32	 36.66	 39.77	 19.37	 37.87	 20.26	 39.47	 38.16	 36.30	 17.93	 19.35	 37.13	 36.26	 35.01	 34.98	 19.39	 36.01	 38.19	 36.11		Myanophis_thanlyinensis 18
																			  0.00	 33.53	 21.05	 29.97	 33.24	 29.22	 24.78	 33.97	 36.07	 35.86	 27.91	 23.55	 34.98	 15.70	 33.97	 16.18	 26.89	 32.65	 31.67	 29.74	 27.62	 34.23	 32.56	 32.80	 34.74	 24.56	 15.55	 34.55	 35.63	 27.84	 26.74	 23.44	 19.96	 36.15	 17.01	 29.57	 24.42		Cyclura_pinguis 19
																				  0.00	 34.21	 32.70	 18.51	 35.71	 34.21	 20.12	 12.46	 10.93	 33.92	 36.70	 16.82	 31.63	 14.87	 32.22	 37.43	 17.49	 34.81	 33.87	 36.55	 15.62	 35.67	 17.64	 36.70	 35.67	 31.92	 10.79	 17.01	 34.65	 33.63	 32.05	 33.13	 18.51	 32.36	 35.28	 34.65		Ptyas_mucosa 20
																					  0.00	 29.71	 34.80	 28.51	 26.10	 33.33	 34.60	 34.80	 31.38	 25.81	 35.29	 21.93	 35.38	 21.35	 27.86	 33.33	 32.25	 30.88	 29.91	 34.08	 32.26	 34.65	 33.43	 26.69	 21.93	 35.23	 34.60	 30.50	 28.30	 22.40	 12.35	 35.53	 22.22	 28.22	 26.10		Lerista_edwardsae 21
																						  0.00	 34.02	 34.80	 29.68	 34.31	 33.04	 33.87	 32.46	 29.68	 33.38	 29.68	 33.87	 29.33	 30.70	 33.14	 35.25	 17.40	 25.29	 34.29	 24.85	 33.43	 34.06	 31.29	 30.41	 34.60	 34.22	 34.06	 27.92	 29.02	 26.65	 35.48	 28.80	 33.33	 29.97		Lepidodactylus_listeri 22
																							  0.00	 35.57	 34.21	 19.10	 17.89	 20.12	 34.80	 36.26	 19.82	 34.11	 18.51	 34.40	 37.43	 10.79	 36.14	 34.60	 35.82	 18.77	 38.16	 11.66	 38.01	 35.38	 33.97	 18.95	 20.53	 35.09	 36.55	 35.16	 33.54	 19.53	 34.55	 36.59	 34.36		Bothrops_jararaca 23
																								  0.00	 32.07	 33.67	 35.92	 36.01	 32.94	 30.76	 35.14	 30.52	 35.57	 29.01	 33.24	 35.28	 33.24	 36.26	 35.42	 36.19	 36.15	 35.42	 37.76	 33.53	 29.65	 35.13	 36.95	 33.53	 31.49	 27.89	 29.01	 36.30	 29.51	 13.23	 32.51		Varanus_komodoensis 24
																									  0.00	 32.46	 35.15	 34.65	 30.17	 15.74	 35.39	 25.66	 34.94	 25.73	 18.37	 33.48	 35.15	 30.99	 29.59	 35.09	 30.90	 33.63	 35.28	 17.20	 25.36	 33.77	 35.74	 31.20	 29.15	 28.93	 24.07	 35.96	 26.38	 32.07	  4.81		Podarcis_muralis 25
																										  0.00	 19.06	 20.99	 34.65	 33.19	 20.72	 32.80	 19.68	 33.24	 35.82	 20.70	 35.55	 35.92	 37.13	 20.87	 37.57	 21.14	 37.28	 35.38	 33.97	 20.55	 19.21	 36.11	 34.36	 32.05	 33.74	 20.99	 33.09	 33.97	 33.63		Morelia_viridis 26
																											  0.00	 12.61	 34.85	 35.74	 14.56	 33.87	 14.66	 32.55	 36.62	 17.74	 37.24	 34.22	 36.76	 15.47	 37.65	 17.60	 38.24	 36.32	 34.46	 12.76	 14.96	 34.56	 35.88	 33.83	 33.54	 17.60	 33.43	 36.66	 35.15		Diadophis_punctatus 27
																												  0.00	 35.96	 34.94	 16.67	 34.84	 16.76	 34.69	 36.55	 19.10	 36.43	 34.46	 38.60	 17.27	 37.57	 19.24	 38.16	 35.67	 35.13	  5.83	 17.16	 36.70	 36.26	 35.91	 33.13	 18.66	 35.42	 36.01	 35.09		Pantherophis_guttatus 28
																													  0.00	 30.81	 34.79	 27.26	 35.38	 29.68	 31.83	 32.89	 33.14	 30.03	 34.16	 33.89	 35.61	 36.11	 34.01	 31.83	 27.84	 35.67	 35.59	 14.58	 31.10	 29.08	 27.78	 35.67	 29.74	 34.74	 30.23		Aspidoscelis_marmoratus 29
																														  0.00	 35.54	 24.64	 34.36	 24.71	 15.55	 34.06	 34.60	 30.17	 29.51	 34.79	 32.41	 34.50	 36.63	 17.44	 25.07	 34.94	 35.29	 30.61	 29.22	 25.52	 24.28	 36.11	 24.78	 29.94	 16.13		Lacerta_viridis 30
																															  0.00	 33.93	 17.42	 34.23	 37.50	 19.52	 35.39	 34.29	 37.65	 19.43	 38.10	 19.67	 36.90	 36.60	 33.63	 16.82	 17.87	 36.14	 35.99	 32.83	 33.19	 19.37	 34.23	 34.98	 35.24		Boaedon_fuliginosus 31
																																  0.00	 33.38	 12.24	 27.26	 32.80	 33.53	 30.12	 27.11	 33.78	 32.22	 33.38	 33.82	 26.82	  6.83	 34.40	 34.16	 27.99	 27.55	 23.29	 18.93	 35.28	 12.79	 29.07	 25.80		Phrynosoma_platyrhinos 32
																																	  0.00	 33.53	 37.87	 17.49	 36.58	 34.60	 37.43	 10.81	 36.84	 18.22	 38.60	 36.40	 33.97	 15.74	 15.54	 36.40	 35.53	 32.94	 34.36	 13.70	 33.53	 35.42	 35.38		Naja_naja 33
																																		  0.00	 27.19	 33.09	 33.19	 29.18	 26.75	 34.08	 32.02	 33.53	 34.21	 27.49	 12.10	 33.82	 34.31	 28.80	 27.05	 23.15	 19.34	 34.40	  4.52	 28.86	 25.44		Sceloporus_tristichus 34
																																			  0.00	 35.67	 34.31	 30.90	 30.09	 37.65	 32.85	 35.53	 37.21	 19.91	 26.53	 35.82	 37.06	 31.92	 29.94	 28.78	 25.10	 39.04	 26.97	 31.98	 18.75		Lacerta_agilis 35
																																				  0.00	 35.84	 33.14	 35.23	 18.47	 35.38	  9.48	 37.87	 34.50	 32.80	 18.66	 19.06	 33.63	 33.48	 33.53	 31.69	 18.51	 32.51	 35.13	 33.19		Protobothrops_mucrosquamatus 36
																																					  0.00	 35.44	 37.24	 35.84	 38.27	 37.02	 40.32	 35.92	 33.38	 36.28	 38.72	 32.79	 34.02	 31.14	 28.54	 36.87	 33.24	 32.70	 35.48		Pogona_vitticeps 37
																																						  0.00	 24.93	 36.86	 27.55	 33.58	 36.73	 33.38	 29.53	 34.90	 36.14	 32.31	 28.72	 30.21	 27.69	 36.07	 29.09	 34.84	 31.20		Gekko_japonicus 38
																																							  0.00	 38.10	 27.75	 36.26	 37.72	 31.98	 27.84	 39.04	 38.97	 34.11	 29.62	 30.27	 25.72	 37.28	 26.38	 35.32	 29.07		Sphaerodactylus_townsendi 39
																																								  0.00	 35.69	 19.37	 38.10	 36.75	 34.83	 16.82	 16.82	 33.73	 34.64	 32.98	 32.98	 13.81	 34.23	 35.74	 35.09		Bungarus_multicintus 40
																																									  0.00	 36.99	 36.71	 34.16	 32.94	 36.26	 36.62	 35.71	 30.06	 31.90	 31.07	 36.99	 31.92	 34.16	 31.10		Paroedura_picta 41
																																										  0.00	 36.70	 35.23	 33.97	 18.37	 18.33	 36.26	 34.65	 34.42	 33.13	 18.51	 34.11	 35.86	 33.04		Crotalus_tigris 42
																																											  0.00	 38.81	 34.11	 38.16	 38.38	 35.28	 35.40	 31.16	 31.89	 38.30	 35.13	 37.94	 36.77		Sphenodon_punctatus 43
																																												  0.00	 25.95	 35.09	 36.76	 31.05	 31.25	 29.97	 25.72	 37.28	 27.41	 33.28	 16.28		Zootoca_vivipara 44
																																													  0.00	 34.55	 34.31	 28.43	 27.41	 24.33	 21.60	 35.42	 12.35	 29.65	 25.07		Phrynosoma_blainvillii 45
																																														  0.00	 16.28	 35.53	 35.23	 35.46	 32.92	 19.68	 35.28	 34.84	 34.06		Pituophis_catenifer 46
																																															  0.00	 36.32	 35.59	 33.83	 35.39	 17.30	 34.02	 36.07	 36.18		Tropidonophis_doriae 47
																																																  0.00	 31.92	 28.49	 29.63	 36.70	 28.86	 33.97	 30.61		Salvator_merianae 48
																																																	  0.00	 27.89	 24.69	 37.28	 27.55	 29.65	 30.09		Eublepharis_macularius 49
																																																		  0.00	 19.50	 33.98	 23.59	 26.85	 28.19		Hemicordylus_capensis 50
																																																			  0.00	 34.77	 20.16	 27.78	 24.07		Plestiodon_gilberti 51
																																																				  0.00	 34.69	 36.88	 36.55		Laticauda_colubrina 52
																																																					  0.00	 29.22	 25.95		Sceloporus_occidentalis 53
																																																						  0.00	 32.85		Varanus_salvator 54
																																																							  0.00		Podarci_raffonei 55
