Distance Matrix
---------------

Uncorrected for Multiple Substitutions
Using base positions 12 in the codon
Gap weighting is 0.000000

	    1	    2	    3	    4	    5	    6	    7	    8	    9	    10	    11	    12	    13	    14	    15	    16	    17	    18	    19	    20	    21	    22	    23	    24	    25	    26	    27	    28	    29	    30	    31	    32	    33	    34	    35	    36	    37	    38	    39	    40	    41	    42	    43	    44	    45	    46	    47	    48	    49	    50	    51	    52	    53	    54	    55	    56
	  0.00	 10.32	 25.93	  8.39	 29.94	 10.89	 11.32	 10.89	 25.93	  9.31	 25.21	 25.93	  9.74	 28.80	 25.50	 25.64	 25.93	 12.61	 25.50	 25.93	  6.73	 26.65	 25.93	 11.03	 28.22	 25.36	 11.03	  8.31	  4.15	 29.08	 26.07	  9.17	 26.36	 12.32	 26.22	 25.93	 10.74	 32.52	 26.93	 26.07	 11.89	 25.79	 11.17	 26.93	 24.93	 26.79	  4.01	  9.46	 27.79	 25.50	 26.22	 24.93	 13.75	 26.07	 28.37	 23.23		Arizona_elegans 1
		  0.00	 28.73	  8.39	 29.59	 12.13	 12.04	 11.67	 27.37	 10.62	 27.70	 28.11	  8.67	 30.86	 27.64	 28.78	 28.51	 12.10	 28.51	 28.73	  8.87	 28.86	 27.37	 13.48	 30.35	 27.03	 12.57	  8.00	  9.95	 29.51	 28.24	 10.62	 28.65	 11.69	 28.05	 27.84	 12.13	 35.56	 27.84	 27.97	 10.28	 29.32	 12.50	 28.51	 26.89	 29.19	  9.95	 11.77	 28.42	 28.38	 28.67	 28.24	 12.80	 28.65	 30.81	 25.67		Thermophis_baileyi 2
			  0.00	 23.08	 21.18	 26.29	 27.05	 25.97	 17.51	 27.10	 18.30	 18.17	 27.85	 26.53	 18.70	 17.90	 17.64	 27.64	 16.84	 18.30	 27.78	 17.51	 19.10	 28.05	 20.35	 17.77	 26.00	 25.71	 27.37	 20.95	 18.04	 27.05	 16.98	 27.64	 18.17	 18.04	 27.24	 30.53	 18.44	 19.50	 28.75	 19.63	 27.78	 20.16	 18.17	 18.57	 27.51	 28.39	 20.72	 18.09	 18.88	 17.24	 29.54	 17.37	 20.08	 16.78		Elgaria_multicarinata 3
				  0.00	 23.43	  5.59	  5.59	  8.39	 21.33	  6.64	 21.33	 21.68	  5.94	 25.17	 20.63	 22.38	 20.63	  6.29	 19.58	 22.03	  5.59	 22.38	 22.73	  6.29	 23.43	 22.38	  8.39	  6.29	  6.29	 22.03	 22.03	  5.59	 20.28	  7.34	 22.38	 22.38	  6.29	 26.92	 20.28	 19.58	  7.69	 19.93	  8.04	 22.73	 22.73	 20.98	  5.59	  7.69	 21.33	 17.83	 21.68	 21.68	  9.79	 20.98	 22.38	 22.73		Thamnophis_elegans 4
					  0.00	 29.32	 29.04	 29.11	 18.77	 28.22	 19.71	 19.65	 28.16	 24.73	 18.58	 17.83	 18.36	 28.49	 18.50	 18.23	 30.00	 19.39	 18.63	 29.04	 21.91	 19.39	 27.71	 29.29	 29.32	  3.21	 19.52	 29.75	 18.10	 28.49	 19.17	 19.39	 29.73	 29.70	 19.97	 19.84	 28.61	 21.85	 28.77	 21.52	 18.45	 19.03	 30.27	 29.58	  8.18	 18.15	 19.79	 18.98	 29.59	 18.36	 21.64	 17.54		Aspidocelis_tigris 5
						  0.00	  8.07	 11.25	 25.47	 11.46	 26.49	 25.81	 10.98	 29.51	 27.51	 27.70	 25.81	 14.15	 26.76	 27.24	 10.51	 27.51	 27.51	  7.28	 28.86	 25.68	 13.14	 11.29	 10.51	 28.98	 25.95	 10.76	 26.89	 12.80	 27.51	 25.81	  7.01	 34.60	 27.43	 27.70	 12.50	 27.70	  7.41	 25.81	 25.68	 27.30	 10.51	 11.36	 27.60	 26.35	 27.72	 26.76	 14.15	 27.30	 28.51	 24.17		Azemiops_feae 6
							  0.00	 11.19	 24.93	 11.05	 26.20	 25.35	 11.33	 28.75	 26.91	 26.35	 25.64	 13.31	 26.06	 26.77	 10.20	 27.48	 27.05	  8.92	 28.05	 25.92	 14.18	 10.46	 10.91	 28.05	 25.35	 11.33	 25.64	 11.19	 27.05	 25.07	  8.92	 35.27	 26.06	 26.77	 10.91	 26.20	  8.22	 26.77	 26.06	 26.35	 10.62	 11.61	 27.05	 24.93	 27.76	 27.34	 12.46	 26.91	 28.05	 24.13		Daboia_siamensis 7
								  0.00	 25.97	 12.08	 26.39	 26.11	 12.08	 29.03	 26.94	 26.94	 25.83	 12.64	 25.97	 26.11	 11.81	 26.39	 27.64	 11.67	 28.19	 25.83	  9.46	 10.17	 11.11	 29.03	 25.83	 13.31	 26.53	 13.06	 26.25	 25.42	 12.22	 34.03	 26.11	 26.25	 13.37	 25.69	 12.08	 26.53	 25.69	 27.22	 10.69	 13.51	 27.50	 25.69	 27.64	 26.81	 14.86	 25.83	 27.22	 23.89		Charina_bottae 8
									  0.00	 25.88	 12.47	 13.40	 25.95	 24.40	 13.00	 12.47	 14.59	 27.10	 13.26	 12.60	 26.15	 12.86	 14.99	 25.47	 18.88	 14.72	 24.29	 25.29	 26.15	 18.97	 14.06	 26.06	 15.12	 26.15	 13.40	 14.06	 26.02	 28.67	 14.72	 14.99	 26.11	 16.31	 24.39	 16.71	 14.19	 13.53	 26.83	 27.01	 18.32	 17.29	 13.03	 14.19	 28.73	 12.07	 19.28	 11.24		Shinisaurus_crocodilurus 9
										  0.00	 26.89	 25.41	  9.35	 29.65	 25.61	 26.76	 26.49	 11.29	 25.68	 26.29	  8.87	 26.83	 27.37	 11.99	 27.78	 26.22	 10.14	  8.43	  9.54	 28.44	 25.27	  9.63	 26.89	  7.66	 26.69	 25.68	 11.59	 34.06	 27.30	 26.49	  7.36	 27.84	 11.83	 27.03	 25.14	 27.84	  9.81	  9.56	 27.32	 26.62	 27.04	 27.43	 10.78	 26.76	 28.24	 24.83		Ophiophagus_hannah 10
											  0.00	 12.93	 25.75	 24.80	 12.17	 10.29	  9.50	 27.43	 12.27	 10.85	 26.62	 12.57	 14.95	 26.08	 20.08	 12.40	 22.71	 26.29	 26.89	 20.58	 13.85	 26.63	 12.14	 27.03	 10.05	 13.46	 27.03	 26.73	 15.17	 15.04	 26.53	 18.92	 26.62	 15.96	 13.85	 11.21	 27.16	 26.04	 18.45	 17.06	 13.53	 12.14	 27.57	  9.10	 21.22	 12.01		Anolis_sagrei 11
												  0.00	 26.56	 24.61	 11.08	 10.55	 12.93	 25.54	 12.40	 11.77	 26.49	 11.87	 17.20	 25.95	 19.81	  8.68	 24.29	 24.71	 26.76	 20.26	  2.11	 25.64	 11.61	 25.14	 11.77	  3.95	 26.62	 28.32	 16.75	 15.30	 26.11	 18.12	 25.81	 16.18	  7.89	 12.27	 27.16	 27.15	 18.45	 16.14	 13.23	 11.97	 25.95	 10.69	 19.50	  7.12		Lacerta_bilineata 12
													  0.00	 30.22	 25.00	 26.83	 26.02	 12.20	 26.83	 27.45	  8.94	 27.04	 26.22	 11.38	 28.67	 26.69	 10.57	  7.86	  9.49	 28.18	 26.83	  8.64	 26.15	 11.52	 26.49	 26.96	 12.06	 35.11	 27.10	 27.10	 10.69	 27.64	 10.98	 27.24	 26.42	 25.88	  8.81	 10.39	 26.99	 27.64	 27.52	 26.69	 11.38	 26.42	 29.27	 26.09		Imantodes_cenchoa 13
														  0.00	 24.67	 23.61	 23.48	 31.40	 22.82	 23.94	 29.65	 24.93	 24.60	 30.19	 26.60	 24.21	 27.71	 28.71	 30.73	 24.41	 24.47	 29.18	 22.69	 29.78	 23.68	 24.08	 30.32	 28.32	 24.41	 23.75	 29.17	 26.06	 30.05	 24.34	 22.50	 23.35	 31.00	 29.64	 23.93	 24.21	 24.60	 25.13	 31.00	 23.48	 26.26	 22.98		Phrynocephalus_versicolor 14
															  0.00	 10.45	 12.30	 26.69	 12.04	 10.85	 26.42	  7.78	 14.81	 27.24	 19.81	 12.14	 23.71	 25.86	 26.83	 17.81	 12.01	 25.64	 12.17	 24.93	  9.52	 12.01	 28.32	 28.06	 15.08	 13.49	 26.39	 17.77	 26.96	 16.62	 11.61	 10.45	 27.51	 26.87	 16.98	 16.45	 12.04	  9.23	 27.24	  9.52	 19.95	 10.36		Cryptoblepharus_egeriae 15
																  0.00	 10.95	 28.78	  7.26	  6.35	 27.57	 10.05	 13.49	 27.43	 18.88	 10.95	 24.86	 26.00	 27.43	 18.34	 11.35	 27.05	 10.42	 27.30	  9.66	 11.21	 27.30	 26.99	 13.46	 14.25	 26.67	 17.46	 27.16	 14.78	 11.74	  9.37	 28.11	 26.73	 16.18	 15.34	 13.00	 10.42	 28.65	  8.97	 19.10	 10.06		Iguana_delicatissima 16
																	  0.00	 27.43	 12.27	 11.51	 27.70	 11.24	 15.48	 27.03	 20.88	 12.40	 24.57	 26.14	 27.30	 18.73	 12.66	 26.63	 10.55	 26.76	 12.30	 12.27	 27.43	 28.19	 14.64	 14.91	 26.39	 18.39	 26.76	 16.62	 12.93	 11.61	 27.70	 26.45	 17.51	 15.61	 12.86	 13.06	 27.57	 11.08	 20.29	 11.53		Anolis_carolinensis 17
																		  0.00	 27.70	 28.59	 11.02	 28.05	 28.59	 12.80	 28.73	 27.84	 13.00	 11.86	 12.23	 28.71	 26.08	 11.61	 28.65	 12.90	 26.96	 26.08	 13.88	 33.92	 28.51	 27.70	 12.50	 28.11	 14.78	 27.57	 26.22	 28.38	 12.10	 13.30	 28.01	 27.97	 28.12	 27.84	 14.02	 28.11	 29.46	 26.17		Myanophis_thanlyinensis 18
																			  0.00	  9.13	 26.49	 11.64	 14.68	 27.57	 19.55	 11.48	 24.00	 25.57	 27.43	 19.00	 12.53	 26.77	 11.08	 25.41	 11.90	 12.14	 26.76	 26.06	 14.12	 14.51	 26.53	 17.20	 27.30	 16.09	 13.19	 10.69	 27.30	 26.73	 17.38	 14.81	 14.85	 12.27	 27.43	 10.95	 19.50	 10.06		Cyclura_pinguis 19
																				  0.00	 27.10	 11.11	 14.42	 27.37	 18.22	 11.11	 24.86	 26.71	 27.24	 19.05	 12.30	 27.34	 11.11	 26.56	  8.86	 12.04	 27.24	 26.99	 12.70	 14.02	 26.11	 17.64	 26.69	 14.95	 11.38	 10.05	 28.86	 27.70	 17.51	 15.92	 12.20	 11.64	 28.18	  8.20	 18.62	 10.06		Ctenosaura_bakeri 20
																					  0.00	 28.46	 28.05	 10.65	 29.13	 26.49	 12.14	  7.86	  5.11	 29.92	 27.03	  8.50	 27.43	 11.02	 27.64	 26.62	 11.05	 34.20	 27.70	 28.51	  9.31	 27.57	 11.02	 28.24	 26.08	 27.84	  5.38	 11.22	 28.69	 27.16	 27.72	 27.30	 12.13	 27.70	 29.59	 25.17		Ptyas_mucosa 21
																						  0.00	 14.15	 28.32	 20.21	 12.66	 25.71	 26.29	 28.59	 18.60	 11.87	 28.19	 11.90	 26.56	  9.79	 12.40	 28.46	 26.60	 14.68	 13.10	 26.67	 17.77	 27.78	 17.02	 13.32	 11.11	 28.86	 28.25	 16.18	 15.52	 12.04	  9.23	 28.46	  9.92	 19.68	 10.03		Lerista_edwardsae 22
																							  0.00	 29.00	 21.54	 15.21	 26.00	 26.14	 27.78	 19.05	 17.06	 27.05	 14.29	 28.32	 14.95	 17.06	 28.05	 28.19	 11.38	 14.15	 27.36	 18.30	 27.51	 17.59	 15.34	 14.02	 28.18	 27.98	 18.45	 16.05	 16.31	 14.42	 27.78	 14.15	 21.54	 13.31		Lepidodactylus_listeri 23
																								  0.00	 29.27	 26.35	 11.86	 11.00	 10.11	 28.98	 26.76	  9.77	 27.70	 12.53	 27.51	 26.22	  8.22	 35.83	 28.11	 27.84	 11.53	 28.38	  6.74	 26.89	 26.62	 27.84	 10.24	 10.66	 28.14	 27.57	 28.26	 27.16	 13.75	 27.30	 29.32	 25.00		Bothrops_jararaca 24
																									  0.00	 19.81	 26.29	 28.43	 29.40	 21.41	 20.35	 27.48	 21.28	 28.86	 19.41	 19.68	 29.13	 29.41	 21.14	 18.62	 28.75	 20.21	 29.13	 23.27	 19.68	 20.48	 29.54	 30.33	 21.18	 20.74	 20.80	 21.28	 30.35	 19.28	  7.85	 19.22		Varanus_komodoensis 25
																										  0.00	 23.29	 25.86	 26.49	 20.00	  8.68	 27.20	 11.87	 25.68	 12.30	  6.97	 26.22	 26.33	 15.70	 16.23	 26.53	 18.39	 26.08	 16.71	  8.42	 11.35	 27.16	 27.15	 18.72	 16.01	 14.95	 12.50	 25.54	 11.61	 20.69	  4.21		Podarcis_muralis 26
																											  0.00	 11.29	 11.29	 27.86	 24.14	 11.89	 24.71	 12.14	 23.71	 24.43	 11.71	 32.81	 25.57	 25.14	 12.71	 25.57	 12.57	 26.00	 24.14	 25.14	 10.71	 11.29	 26.43	 25.57	 25.29	 24.57	 13.00	 23.14	 26.43	 22.52		Morelia_viridis 27
																												  0.00	  8.00	 29.00	 24.86	  9.60	 25.57	 10.29	 26.86	 24.86	 10.86	 34.24	 26.14	 25.71	 10.00	 26.71	 10.57	 26.43	 25.71	 26.71	  7.43	 10.00	 28.14	 26.29	 26.57	 25.71	 10.57	 26.29	 27.71	 23.94		Diadophis_punctatus 28
																													  0.00	 28.98	 27.16	  8.50	 27.57	 11.56	 27.37	 26.49	 11.19	 32.97	 28.11	 28.11	 11.25	 27.16	 10.48	 27.84	 26.49	 27.57	  3.76	  9.83	 28.01	 27.70	 27.72	 26.89	 14.15	 27.57	 30.14	 25.00		Pantherophis_guttatus 29
																														  0.00	 20.39	 29.46	 17.94	 28.57	 19.05	 20.00	 29.65	 29.92	 20.58	 20.18	 28.19	 22.22	 28.71	 21.84	 18.55	 19.00	 30.19	 28.67	  7.09	 18.65	 19.71	 18.82	 30.05	 19.13	 21.88	 17.48		Aspidoscelis_marmoratus 30
																															  0.00	 25.92	 11.48	 25.27	 12.17	  4.47	 26.49	 28.19	 16.75	 15.96	 26.39	 17.86	 25.95	 16.84	  8.29	 12.53	 27.57	 27.70	 18.58	 16.53	 13.76	 12.11	 26.35	 11.35	 19.36	  6.96		Lacerta_viridis 31
																																  0.00	 26.77	 10.76	 27.20	 26.35	 10.76	 34.56	 27.62	 26.91	 11.05	 26.49	 10.06	 27.34	 26.20	 27.76	  7.93	 11.33	 28.19	 26.77	 27.76	 26.63	 13.31	 26.63	 27.90	 25.70		Boaedon_fuliginosus 32
																																	  0.00	 26.35	  9.92	 12.27	 27.16	 28.06	 15.44	 15.83	 26.67	 18.52	 27.70	 15.70	 11.87	  5.67	 28.24	 27.70	 16.98	 15.34	 13.79	 11.21	 26.76	  8.84	 20.42	 11.53		Phrynosoma_platyrhinos 33
																																		  0.00	 26.96	 25.68	 13.34	 33.79	 28.11	 27.57	  8.06	 28.65	 13.04	 27.84	 25.54	 27.16	 11.69	 12.05	 27.60	 27.84	 27.58	 27.57	 11.86	 26.76	 29.32	 24.33		Naja_naja 34
																																			  0.00	 12.43	 27.64	 27.79	 15.34	 14.68	 26.53	 16.98	 27.10	 14.68	 11.38	  7.14	 27.91	 27.70	 17.25	 16.71	 13.40	  9.79	 29.13	  4.50	 19.81	 11.36		Sceloporus_tristichus 35
																																				  0.00	 26.49	 28.06	 16.62	 15.70	 26.11	 18.92	 25.68	 16.97	  8.29	 12.01	 27.16	 26.73	 19.12	 16.14	 14.29	 12.76	 26.22	 11.61	 19.63	  7.12		Lacerta_agilis 36
																																					  0.00	 35.97	 27.70	 27.43	 12.22	 28.51	  7.82	 26.49	 26.22	 27.84	 11.19	 11.36	 27.60	 26.76	 28.53	 28.24	 14.69	 27.70	 29.32	 24.17		Protobothrops_mucrosquamatus 37
																																						  0.00	 28.59	 29.65	 35.10	 29.60	 35.56	 28.99	 27.79	 26.99	 33.65	 33.84	 29.22	 30.27	 28.59	 26.60	 35.01	 27.26	 29.81	 25.16		Pogona_vitticeps 38
																																							  0.00	 14.12	 27.08	 17.99	 27.03	 17.94	 15.04	 14.51	 28.65	 27.42	 19.12	 14.29	 16.05	 15.44	 29.32	 14.38	 22.02	 12.34		Gekko_japonicus 39
																																								  0.00	 27.50	 17.59	 27.43	 16.62	 16.36	 15.57	 29.05	 26.32	 18.85	 15.34	 14.72	 14.78	 28.51	 13.59	 19.63	 13.31		Sphaerodactylus_townsendi 40
																																									  0.00	 27.64	 11.25	 26.94	 25.42	 27.64	 10.97	 11.81	 28.19	 26.81	 27.50	 27.22	 10.42	 26.25	 28.89	 25.17		Bungarus_multicintus 41
																																										  0.00	 27.84	 20.77	 17.33	 17.86	 27.57	 29.78	 20.72	 20.82	 18.75	 18.25	 29.86	 16.67	 20.82	 16.78		Paroedura_picta 42
																																											  0.00	 26.76	 25.27	 27.84	 11.16	 11.91	 27.60	 27.70	 27.85	 27.30	 14.42	 26.89	 29.05	 24.83		Crotalus_tigris 43
																																												  0.00	 16.58	 14.78	 28.51	 27.84	 21.52	 17.99	 19.05	 16.45	 28.11	 15.17	 22.81	 15.37		Sphenodon_punctatus 44
																																													  0.00	 12.01	 27.16	 26.04	 17.78	 16.40	 14.42	 11.84	 26.35	 11.21	 19.63	  8.09		Zootoca_vivipara 45
																																														  0.00	 28.65	 27.98	 17.65	 16.53	 13.13	 10.55	 28.11	  7.39	 20.16	 10.71		Phrynosoma_blainvillii 46
																																															  0.00	  9.83	 28.83	 27.84	 28.40	 26.89	 13.34	 27.97	 29.86	 25.33		Pituophis_catenifer 47
																																																  0.00	 28.75	 27.15	 27.36	 26.59	 13.16	 27.84	 29.92	 25.68		Tropidonophis_doriae 48
																																																	  0.00	 17.56	 18.05	 17.78	 29.23	 16.84	 21.85	 16.56		Salvator_merianae 49
																																																		  0.00	 16.49	 16.67	 27.97	 16.40	 21.35	 14.45		Eublepharis_macularius 50
																																																			  0.00	 13.76	 29.08	 12.20	 20.53	 13.59		Hemicordylus_capensis 51
																																																				  0.00	 27.97	  9.23	 20.56	 10.36		Plestiodon_gilberti 52
																																																					  0.00	 27.84	 30.27	 25.17		Laticauda_colubrina 53
																																																						  0.00	 19.50	 10.23		Sceloporus_occidentalis 54
																																																							  0.00	 19.87		Varanus_salvator 55
																																																								  0.00		Podarci_raffonei 56
