Distance Matrix
---------------

Uncorrected for Multiple Substitutions
Using base positions 12 in the codon
Gap weighting is 0.000000

	    1	    2	    3	    4	    5	    6	    7	    8	    9	    10	    11	    12	    13	    14	    15	    16	    17	    18	    19	    20	    21	    22	    23	    24	    25	    26	    27	    28	    29	    30	    31	    32	    33	    34	    35	    36	    37	    38	    39	    40	    41	    42	    43	    44	    45	    46	    47	    48	    49	    50	    51	    52	    53	    54	    55	    56
	  0.00	  7.28	 19.16	  6.13	 18.39	  8.43	  7.66	 10.15	 18.20	  7.28	 18.77	 20.00	  7.28	 21.65	 18.20	 16.86	 19.73	  9.20	 17.24	 16.48	  3.83	 17.82	 18.58	  7.47	 21.56	 18.77	  9.00	  7.09	  3.07	 18.77	 18.97	  8.43	 16.48	  9.39	 17.62	 20.31	  7.66	 22.61	 18.97	 20.31	  8.81	 21.26	  8.62	 21.65	 19.16	 16.48	  3.83	  7.85	 18.39	 17.43	 17.43	 17.62	  9.58	 16.67	 18.20	 18.97		Arizona_elegans 1
		  0.00	 21.26	  5.56	 19.35	  7.66	  8.43	  8.81	 19.35	  6.90	 20.11	 20.00	  5.75	 20.88	 19.16	 17.43	 20.50	  9.00	 18.01	 17.43	  5.56	 20.31	 18.77	  8.05	 21.56	 19.92	  8.24	  4.98	  5.94	 19.73	 19.54	  7.47	 17.62	  7.85	 18.20	 20.11	  7.47	 22.03	 18.58	 20.88	  7.66	 20.69	  7.85	 22.03	 19.73	 17.43	  6.32	  5.94	 19.35	 17.62	 18.39	 19.54	  8.05	 17.62	 18.20	 19.92		Thermophis_baileyi 2
			  0.00	 20.11	 13.22	 21.46	 18.39	 19.35	 10.92	 20.31	 13.22	 14.81	 20.69	 19.73	 11.88	 11.11	 14.37	 20.31	 11.88	 10.15	 20.11	 11.49	 16.09	 20.88	 14.67	 13.22	 20.11	 20.11	 19.16	 13.41	 13.60	 20.50	 11.88	 20.69	 11.88	 14.56	 19.92	 20.11	 15.13	 14.37	 21.26	 16.67	 20.31	 16.28	 13.22	 11.30	 20.31	 18.97	 14.94	 14.75	 10.73	 11.11	 20.50	 11.88	 12.07	 12.84		Elgaria_multicarinata 3
				  0.00	 18.20	  8.62	  7.85	  9.00	 18.58	  8.05	 18.77	 19.23	  3.83	 21.46	 17.62	 16.48	 20.31	  8.81	 17.24	 16.09	  6.13	 18.77	 18.97	  8.43	 20.96	 18.97	  9.96	  5.75	  5.17	 18.58	 18.39	  7.09	 16.28	  8.62	 16.86	 19.54	  8.05	 21.65	 19.35	 21.26	  8.81	 21.84	  8.62	 21.65	 19.16	 16.28	  5.94	  7.28	 17.82	 18.77	 17.62	 17.43	  9.00	 15.90	 17.82	 18.97		Thamnophis_elegans 4
					  0.00	 20.69	 17.82	 20.11	 12.07	 19.54	 11.11	 14.23	 19.35	 20.50	 13.60	 12.45	 13.22	 19.35	 12.45	 11.88	 19.16	 13.22	 14.18	 20.31	 17.37	 14.37	 20.50	 18.58	 18.39	  1.34	 13.98	 18.97	 11.69	 19.54	 13.03	 14.18	 19.35	 21.26	 14.37	 13.79	 20.31	 17.43	 19.35	 16.28	 14.75	 11.11	 19.73	 19.54	  4.41	 13.60	 12.45	 11.49	 19.73	 12.26	 15.33	 13.41		Aspidocelis_tigris 5
						  0.00	  8.62	  7.66	 21.46	  8.05	 21.07	 21.92	  8.81	 24.14	 18.77	 17.24	 20.88	 10.15	 19.16	 17.62	  7.85	 20.88	 21.26	  5.94	 22.16	 19.73	  8.05	  8.43	  8.62	 20.31	 20.88	 10.92	 18.39	 10.73	 18.58	 21.65	  6.70	 23.56	 19.54	 22.03	  8.62	 21.46	  6.90	 23.18	 19.73	 18.77	  9.58	  8.24	 20.11	 18.97	 19.16	 19.92	 10.15	 18.20	 18.39	 20.31		Azemiops_feae 6
							  0.00	  7.85	 18.01	  8.81	 18.39	 19.81	  8.05	 23.18	 18.58	 16.86	 19.35	  7.85	 17.82	 16.86	  7.66	 19.16	 18.20	  7.28	 23.35	 18.39	  8.62	  7.85	  7.28	 17.82	 19.35	  8.24	 16.86	  9.20	 16.86	 19.54	  6.32	 22.99	 18.39	 18.77	  9.39	 21.65	  7.66	 21.65	 19.54	 16.67	  8.05	  7.85	 19.35	 16.67	 17.24	 18.01	  9.58	 17.24	 18.58	 18.77		Daboia_siamensis 7
								  0.00	 20.50	 10.15	 18.77	 20.38	  8.43	 23.56	 18.39	 17.62	 20.31	  8.43	 18.58	 16.67	  8.62	 20.50	 19.92	  8.81	 23.65	 19.54	  7.66	 10.15	  8.62	 20.11	 19.92	  9.96	 18.01	  9.96	 18.39	 20.50	  7.28	 23.18	 19.73	 20.69	 10.73	 20.31	  9.39	 22.80	 18.20	 17.43	  9.96	  8.43	 19.92	 18.77	 18.39	 19.73	 11.30	 17.82	 17.82	 19.92		Charina_bottae 8
									  0.00	 18.58	 11.49	 13.08	 20.11	 20.50	 10.73	 10.15	 11.49	 18.77	 10.54	  9.96	 18.20	  9.20	 14.75	 19.35	 15.27	 13.60	 19.16	 19.35	 17.82	 11.88	 12.26	 18.77	  9.96	 19.92	  9.39	 13.22	 19.73	 19.35	 13.79	 14.18	 21.07	 17.62	 19.35	 15.52	 14.37	  8.81	 18.01	 17.82	 11.69	 13.79	  9.96	 10.15	 19.16	  9.20	 12.84	 13.60		Shinisaurus_crocodilurus 9
										  0.00	 18.58	 19.81	  8.24	 22.03	 16.86	 16.28	 18.01	  9.39	 16.67	 16.48	  7.09	 19.16	 20.31	  7.09	 20.36	 18.39	 10.15	  7.85	  7.47	 19.54	 18.39	  8.05	 16.28	  6.51	 17.24	 19.54	  8.05	 22.61	 18.58	 21.07	  7.28	 21.26	  8.43	 20.88	 19.92	 16.86	  8.24	  7.28	 19.35	 17.24	 17.05	 17.82	  6.70	 15.71	 18.01	 18.01		Ophiophagus_hannah 10
											  0.00	 11.54	 19.16	 20.50	  9.39	  9.39	  6.13	 17.82	  9.58	  8.24	 19.16	  8.81	 14.18	 20.31	 16.47	 11.69	 18.58	 19.54	 19.54	 11.49	 11.30	 19.35	  7.66	 18.77	  9.20	 12.45	 17.82	 21.26	 13.98	 14.75	 18.58	 15.33	 19.73	 14.75	 12.07	  7.28	 19.92	 18.58	 11.88	 14.18	  9.20	  8.62	 20.50	  7.47	 14.94	 10.73		Anolis_sagrei 11
												  0.00	 20.00	 19.23	 12.31	 11.73	 12.69	 20.19	 12.88	 11.54	 19.23	 11.35	 12.88	 20.96	 17.66	  7.31	 20.58	 20.38	 19.42	 14.23	  2.12	 20.38	 10.96	 19.42	 11.15	  4.04	 20.19	 18.46	 13.27	 15.58	 20.00	 18.65	 20.96	 16.92	  6.73	 10.19	 19.81	 20.58	 14.23	 17.31	 10.96	 11.35	 19.62	 10.58	 15.58	  7.88		Lacerta_bilineata 12
													  0.00	 21.46	 18.97	 17.24	 20.50	  8.62	 18.39	 17.43	  6.13	 19.35	 20.50	  8.05	 22.75	 18.58	 10.15	  5.75	  5.36	 19.35	 19.54	  7.66	 18.01	  8.43	 18.01	 20.31	  7.66	 22.03	 19.73	 21.26	  9.39	 22.41	  9.58	 22.41	 19.16	 17.43	  6.32	  8.43	 19.54	 18.01	 18.77	 18.58	  8.24	 17.43	 18.77	 19.35		Imantodes_cenchoa 13
														  0.00	 19.73	 18.01	 21.65	 22.99	 18.77	 18.20	 22.03	 19.54	 19.54	 23.75	 24.55	 18.20	 22.61	 22.41	 20.88	 20.69	 18.01	 22.80	 18.39	 22.41	 18.20	 19.16	 22.61	 15.52	 18.97	 22.22	 23.75	 22.41	 23.37	 19.92	 18.97	 17.82	 22.22	 22.41	 20.69	 20.11	 18.20	 18.58	 21.07	 17.24	 20.31	 18.58		Phrynocephalus_versicolor 14
															  0.00	  6.70	  8.43	 17.82	  7.09	  6.90	 18.39	  7.66	 11.69	 18.77	 15.57	 11.49	 18.97	 18.58	 17.82	 13.41	 10.92	 19.16	  7.66	 18.20	  6.51	 11.88	 18.58	 18.77	 10.34	 13.98	 19.16	 15.13	 18.20	 13.41	 12.26	  7.09	 19.16	 18.01	 13.41	 13.60	  7.66	  5.75	 19.35	  6.32	 12.07	 10.92		Cryptoblepharus_egeriae 15
																  0.00	  9.39	 16.86	  4.60	  4.02	 16.67	  7.47	 12.84	 17.82	 12.57	  9.58	 17.82	 16.48	 16.28	 11.88	 10.34	 18.01	  5.94	 18.20	  5.17	 11.49	 17.24	 17.62	 11.49	 13.79	 18.58	 12.64	 17.43	 13.98	 11.88	  5.17	 17.62	 15.90	 12.26	 12.07	  6.90	  7.47	 18.20	  4.98	 11.49	 10.15		Iguana_delicatissima 16
																	  0.00	 20.11	  8.62	  9.58	 20.69	  8.81	 13.98	 20.69	 16.17	 12.64	 20.31	 20.31	 20.88	 12.64	 12.07	 20.88	  8.62	 19.92	  9.58	 12.84	 19.54	 21.07	 13.79	 15.13	 19.54	 15.71	 20.50	 17.43	 13.41	  7.85	 20.69	 19.73	 12.64	 14.75	  9.96	  7.28	 21.07	  7.85	 15.33	 12.07		Anolis_carolinensis 17
																		  0.00	 18.01	 16.67	  8.24	 18.39	 19.73	  7.66	 24.25	 19.73	  9.96	  9.58	  7.47	 18.97	 19.54	 10.15	 17.43	  9.39	 16.86	 20.50	  8.24	 21.26	 19.16	 20.88	 10.54	 21.07	  9.96	 21.65	 20.31	 17.24	  8.62	  8.62	 19.73	 18.20	 18.39	 18.20	 11.88	 16.48	 19.35	 20.11		Myanophis_thanlyinensis 18
																			  0.00	  4.41	 18.20	  8.81	 13.79	 18.97	 12.57	 10.92	 18.58	 17.82	 17.82	 12.26	 11.69	 18.39	  6.32	 18.20	  7.09	 11.88	 18.58	 18.20	 12.84	 14.56	 19.16	 13.22	 18.77	 13.60	 13.79	  5.75	 18.77	 17.05	 12.26	 12.26	  7.85	  7.47	 18.20	  6.51	 11.69	 10.34		Cyclura_pinguis 19
																				  0.00	 16.67	  7.85	 12.84	 18.39	 13.17	  9.77	 17.62	 16.67	 16.28	 12.07	  9.96	 17.82	  5.36	 18.20	  5.56	 11.30	 17.24	 18.77	 11.49	 13.60	 18.01	 13.03	 18.20	 13.60	 11.49	  4.41	 17.62	 15.71	 11.69	 11.69	  7.28	  7.66	 18.20	  4.60	 10.54	  9.77		Ctenosaura_bakeri 20
																					  0.00	 18.39	 18.58	  7.09	 21.86	 19.35	  7.85	  5.94	  2.68	 18.97	 18.58	  6.90	 16.28	  8.24	 17.82	 19.35	  7.47	 22.03	 18.01	 21.46	  7.66	 21.46	  9.39	 21.84	 19.16	 17.05	  3.45	  6.70	 18.39	 17.82	 18.01	 18.20	  8.05	 17.43	 18.39	 19.92		Ptyas_mucosa 21
																						  0.00	 12.45	 19.54	 14.07	 10.54	 19.92	 19.35	 17.82	 13.03	 10.73	 19.54	  7.28	 20.31	  8.05	 11.69	 19.35	 18.58	 12.45	 13.41	 20.11	 15.13	 18.77	 14.75	 11.49	  6.70	 18.77	 18.01	 12.84	 13.41	  8.81	  5.94	 20.31	  7.66	 13.22	 10.54		Lerista_edwardsae 22
																							  0.00	 20.69	 17.07	 14.94	 19.54	 18.39	 18.58	 14.18	 13.22	 18.58	 11.11	 20.50	 11.88	 13.79	 19.35	 19.73	  8.43	 11.30	 20.88	 14.37	 20.11	 18.01	 15.71	 11.69	 19.35	 19.73	 14.75	 14.18	 13.98	 13.03	 21.07	 11.88	 15.33	 15.71		Lepidodactylus_listeri 23
																								  0.00	 21.86	 20.11	  9.00	  8.62	  7.28	 19.92	 20.69	  9.96	 18.77	  8.81	 19.16	 21.26	  4.79	 22.99	 20.11	 21.26	  9.20	 22.03	  5.56	 23.18	 20.11	 19.16	  7.85	  8.24	 19.92	 18.39	 18.58	 19.92	  8.24	 18.39	 18.20	 20.50		Bothrops_jararaca 24
																									  0.00	 15.57	 23.35	 21.56	 21.86	 17.96	 16.47	 22.46	 14.37	 21.56	 15.57	 17.96	 22.75	 23.05	 17.07	 16.47	 21.56	 18.86	 21.56	 20.06	 17.37	 14.67	 22.75	 22.75	 16.47	 17.07	 14.97	 13.17	 21.86	 14.97	  4.19	 14.97		Varanus_komodoensis 25
																										  0.00	 19.73	 20.31	 18.77	 14.18	  6.70	 19.54	  9.39	 19.73	  8.62	  7.28	 19.92	 19.35	 12.64	 15.33	 20.31	 15.71	 20.88	 15.71	  6.51	  8.62	 19.92	 19.54	 14.37	 14.56	 10.34	 10.92	 19.16	  8.62	 13.79	  2.68		Podarcis_muralis 26
																											  0.00	  9.58	  9.00	 20.31	 20.11	 10.92	 17.24	 10.73	 17.24	 20.88	  8.05	 22.03	 19.73	 20.50	  9.58	 22.03	  9.20	 21.26	 20.11	 16.86	  9.00	  7.66	 20.88	 18.01	 18.01	 18.77	 11.49	 17.24	 18.97	 19.92		Morelia_viridis 27
																												  0.00	  5.75	 18.58	 19.54	  7.85	 17.05	  9.00	 17.62	 20.31	  7.47	 22.41	 18.77	 21.46	  9.00	 20.69	  9.00	 21.46	 19.54	 17.43	  6.70	  7.66	 19.92	 17.43	 18.39	 18.20	  9.00	 17.05	 18.58	 20.88		Diadophis_punctatus 28
																													  0.00	 18.39	 18.39	  7.47	 17.05	  8.62	 16.86	 19.54	  6.90	 21.65	 18.20	 20.31	  8.62	 21.46	  8.62	 21.46	 18.77	 16.86	  1.92	  6.90	 18.20	 17.82	 17.82	 17.62	  8.24	 16.48	 18.20	 19.35		Pantherophis_guttatus 29
																														  0.00	 13.98	 19.73	 12.26	 19.92	 12.64	 14.37	 19.16	 20.31	 13.79	 13.98	 20.50	 17.62	 19.35	 16.67	 14.37	 11.69	 19.54	 19.54	  4.21	 13.22	 12.64	 11.30	 19.73	 12.26	 15.33	 13.60		Aspidoscelis_marmoratus 30
																															  0.00	 19.35	  9.96	 18.77	 10.15	  3.45	 19.54	 17.82	 12.07	 14.75	 18.97	 17.43	 20.69	 16.09	  7.28	  9.96	 19.35	 19.73	 13.41	 15.71	  9.39	 10.34	 19.16	  9.20	 14.75	  7.66		Lacerta_viridis 31
																																  0.00	 16.48	  8.43	 18.20	 20.69	  9.39	 23.37	 19.16	 21.84	  9.77	 22.03	 10.34	 22.03	 19.54	 17.24	  8.24	  8.05	 19.73	 18.97	 17.82	 18.58	  9.58	 17.82	 18.77	 18.77		Boaedon_fuliginosus 32
																																	  0.00	 17.24	  4.98	 10.73	 17.82	 19.16	 10.92	 13.41	 17.82	 14.56	 18.39	 12.45	 11.30	  2.68	 17.82	 16.67	 11.88	 13.22	  8.24	  7.47	 17.82	  4.41	 11.69	  9.39		Phrynosoma_platyrhinos 33
																																		  0.00	 18.39	 19.35	  7.85	 23.37	 19.54	 21.84	  6.51	 22.03	  8.81	 22.41	 19.54	 18.01	  9.58	  7.66	 19.73	 19.73	 17.62	 18.01	  8.05	 17.24	 18.58	 19.16		Naja_naja 34
																																			  0.00	 11.88	 18.39	 17.62	 10.34	 13.22	 18.97	 15.13	 18.39	 12.45	 11.69	  4.02	 17.82	 17.24	 12.84	 13.22	  7.85	  7.47	 18.58	  2.11	 11.88	  9.58		Sceloporus_tristichus 35
																																				  0.00	 20.69	 19.35	 13.60	 16.48	 20.11	 18.20	 20.88	 17.24	  7.85	 10.34	 20.31	 21.07	 13.41	 15.52	 10.92	 10.73	 19.16	 11.30	 15.52	  8.05		Lacerta_agilis 36
																																					  0.00	 22.80	 19.73	 21.46	  8.62	 21.26	  4.60	 22.61	 19.35	 18.01	  7.47	  7.47	 19.16	 18.97	 17.82	 19.16	  9.20	 17.62	 18.39	 19.92		Protobothrops_mucrosquamatus 37
																																						  0.00	 18.77	 21.26	 23.75	 22.41	 22.61	 20.88	 19.54	 18.77	 21.84	 22.61	 20.31	 19.92	 18.01	 17.62	 22.41	 17.62	 20.11	 18.97		Pogona_vitticeps 38
																																							  0.00	 10.92	 20.11	 15.13	 19.54	 15.71	 14.18	 11.69	 19.16	 19.54	 14.56	 13.60	 12.84	 12.07	 19.73	 10.34	 14.37	 14.18		Gekko_japonicus 39
																																								  0.00	 22.99	 16.09	 20.11	 17.62	 17.05	 12.64	 21.65	 20.50	 14.56	 14.37	 14.56	 14.18	 21.84	 13.22	 16.09	 15.52		Sphaerodactylus_townsendi 40
																																									  0.00	 22.99	  9.39	 22.22	 19.35	 18.77	  8.43	  7.66	 19.92	 19.16	 17.82	 18.58	  8.81	 18.01	 19.54	 20.50		Bungarus_multicintus 41
																																										  0.00	 22.61	 19.35	 18.20	 14.37	 22.80	 20.31	 16.28	 16.28	 15.13	 15.33	 22.22	 14.18	 17.05	 16.28		Paroedura_picta 42
																																											  0.00	 22.03	 20.11	 18.39	  9.20	  9.39	 18.77	 19.35	 18.20	 18.39	 10.34	 18.01	 18.77	 20.11		Crotalus_tigris 43
																																												  0.00	 17.82	 13.22	 22.41	 22.22	 16.48	 17.62	 15.33	 13.41	 21.26	 12.45	 16.86	 14.75		Sphenodon_punctatus 44
																																													  0.00	 10.54	 18.97	 18.97	 14.37	 15.71	 10.92	 11.69	 18.97	 11.11	 14.37	  7.09		Zootoca_vivipara 45
																																														  0.00	 17.82	 16.48	 11.88	 13.41	  7.28	  6.51	 18.01	  3.83	 11.49	  8.24		Phrynosoma_blainvillii 46
																																															  0.00	  7.09	 19.54	 18.20	 18.39	 18.77	  9.20	 17.82	 19.54	 20.88		Pituophis_catenifer 47
																																																  0.00	 19.92	 17.24	 16.48	 18.20	  8.81	 16.48	 17.62	 19.54		Tropidonophis_doriae 48
																																																	  0.00	 14.18	 12.45	 10.92	 19.73	 11.49	 13.98	 13.79		Salvator_merianae 49
																																																		  0.00	 13.03	 13.03	 17.82	 13.03	 15.71	 14.75		Eublepharis_macularius 50
																																																			  0.00	  8.24	 18.58	  7.28	 12.84	  9.77		Hemicordylus_capensis 51
																																																				  0.00	 18.77	  6.32	 12.84	  9.77		Plestiodon_gilberti 52
																																																					  0.00	 18.39	 18.58	 19.35		Laticauda_colubrina 53
																																																						  0.00	 12.07	  9.20		Sceloporus_occidentalis 54
																																																							  0.00	 13.60		Varanus_salvator 55
																																																								  0.00		Podarci_raffonei 56
