Distance Matrix
---------------

Uncorrected for Multiple Substitutions
Using base positions 12 in the codon
Gap weighting is 0.000000

	    1	    2	    3	    4	    5	    6	    7	    8	    9	    10	    11	    12	    13	    14	    15	    16	    17	    18	    19	    20	    21	    22	    23	    24	    25	    26	    27	    28	    29	    30	    31	    32	    33	    34	    35	    36	    37	    38	    39	    40	    41	    42	    43	    44	    45	    46	    47	    48
	  0.00	 39.06	 44.79	 16.67	 19.10	 38.54	 10.42	 38.54	 40.10	  9.90	 47.34	 41.15	 36.46	 35.94	 12.50	 36.46	 38.97	 12.50	 39.58	 38.54	 14.58	 41.67	 40.62	  9.90	 44.27	 41.15	 35.94	 10.42	 33.33	 40.62	 15.62	 42.02	 39.06	 41.67	 45.83	 13.54	 39.58	 40.62	 39.06	  8.33	 41.15	 40.10	 38.54	 39.58	 16.15	 34.38	 36.98	 39.06		Thermophis_baileyi 1
		  0.00	 23.47	 36.98	 38.76	 15.31	 38.54	 26.53	 30.10	 39.58	 34.38	 23.47	 19.39	 21.94	 41.15	 19.90	 25.00	 39.58	 21.43	 27.04	 36.46	 27.04	 29.08	 39.06	 25.51	 30.93	 16.84	 39.58	 19.39	 29.59	 37.50	 34.90	 31.63	 28.57	 38.78	 34.90	 30.61	 27.04	 16.84	 38.54	 27.55	 28.57	 21.94	 19.90	 39.58	 17.35	 26.02	 28.06		Elgaria_multicarinata 2
			  0.00	 43.75	 47.19	 27.55	 43.75	 32.14	 30.10	 44.27	 34.38	 32.14	 29.08	 27.55	 44.79	 32.14	 35.29	 42.71	 29.59	 34.18	 42.19	 31.12	 31.63	 43.75	  8.16	 30.93	 28.06	 46.88	 32.14	 31.63	 42.19	 32.81	 37.24	 34.18	 41.33	 41.15	 31.63	 29.08	 28.57	 43.23	 14.80	 27.55	 27.55	 29.59	 45.31	 30.61	 29.59	 31.12		Aspidocelis_tigris 3
				  0.00	 14.04	 38.02	 15.62	 35.94	 39.58	 17.71	 48.94	 38.54	 34.38	 36.98	 18.23	 34.38	 35.29	 15.62	 37.50	 37.50	  6.77	 39.58	 39.06	 16.15	 42.19	 40.62	 33.33	 16.67	 32.29	 40.62	 10.94	 44.15	 38.02	 35.42	 46.35	  9.38	 40.10	 41.15	 35.94	 16.15	 41.15	 40.10	 38.54	 36.46	 18.75	 30.73	 33.85	 38.54		Azemiops_feae 4
					  0.00	 41.57	 17.42	 35.39	 39.89	 20.22	 45.40	 38.76	 37.64	 38.76	 20.79	 37.08	 40.16	 19.66	 39.89	 40.45	 14.04	 41.01	 42.70	 19.66	 44.94	 39.89	 35.39	 18.54	 35.39	 40.45	 16.29	 49.43	 41.57	 39.33	 48.31	 14.61	 40.45	 41.01	 38.76	 20.22	 46.07	 43.26	 39.89	 38.76	 21.91	 33.71	 36.52	 39.89		Daboia_siamensis 5
						  0.00	 36.46	 27.04	 27.04	 37.50	 33.85	 21.94	 18.37	 19.90	 41.67	 21.43	 22.06	 36.98	 19.39	 29.08	 38.54	 27.55	 26.02	 38.02	 27.55	 28.35	 16.33	 38.02	 16.84	 27.04	 39.58	 32.29	 29.08	 31.63	 39.80	 35.94	 29.59	 27.04	 17.86	 38.02	 26.02	 27.04	 25.00	 18.88	 39.06	 15.31	 27.04	 25.00		Shinisaurus_crocodilurus 6
							  0.00	 39.58	 40.62	 12.50	 48.40	 38.02	 36.46	 35.42	 15.62	 34.90	 38.24	 11.46	 37.50	 39.58	 14.06	 41.15	 39.58	 12.50	 42.71	 41.15	 33.85	  7.29	 35.42	 41.15	 13.54	 44.15	 41.15	 40.62	 48.44	 12.50	 41.67	 42.19	 38.02	 10.42	 41.15	 39.58	 40.10	 37.50	 11.98	 34.90	 36.98	 38.02		Ophiophagus_hannah 7
								  0.00	 29.08	 38.54	 39.58	 28.57	 19.90	 18.37	 38.54	 22.96	 22.79	 36.46	 27.04	 30.10	 35.42	 27.55	 32.65	 34.38	 31.63	 29.90	 17.86	 40.62	 23.98	 30.10	 36.46	 40.10	 35.71	 29.08	 40.31	 34.90	 33.16	 32.65	 19.39	 35.42	 30.61	 26.53	 26.02	 26.02	 40.10	 23.47	 26.53	 31.12		Anolis_sagrei 8
									  0.00	 37.50	 37.50	 25.00	 22.96	 27.04	 39.58	 25.51	 27.94	 41.67	 25.00	 34.18	 39.06	 30.10	 14.29	 39.58	 30.61	  3.61	 26.53	 36.98	 23.47	  5.61	 38.02	 33.33	 37.24	 32.65	 39.29	 36.98	 34.18	 14.29	 25.51	 41.15	 29.59	 27.55	 28.57	 27.55	 39.58	 22.45	 29.59	 11.22		Lacerta_bilineata 9
										  0.00	 49.47	 38.02	 34.38	 34.38	 15.62	 33.33	 38.97	 11.98	 35.94	 36.46	 15.62	 37.50	 40.10	 11.46	 40.62	 38.54	 35.42	 10.94	 34.38	 38.54	 17.71	 43.09	 40.62	 39.58	 45.31	 14.58	 39.58	 39.06	 37.50	 11.46	 38.54	 39.58	 35.94	 36.46	 16.67	 34.90	 35.42	 37.50		Imantodes_cenchoa 10
											  0.00	 39.06	 39.58	 39.58	 51.06	 40.62	 43.94	 50.00	 38.02	 35.94	 47.34	 38.54	 33.85	 49.47	 35.42	 38.42	 37.50	 50.00	 34.90	 36.46	 47.34	 30.21	 34.38	 39.58	 41.67	 46.28	 43.23	 36.98	 40.10	 50.00	 37.50	 38.02	 36.46	 38.02	 49.47	 35.42	 40.62	 33.33		Phrynocephalus_versicolor 11
												  0.00	 21.43	 25.00	 41.67	 22.96	 28.68	 38.54	 14.29	 27.04	 38.02	 30.10	 26.53	 40.10	 30.10	 26.29	 20.92	 38.54	 24.49	 26.02	 37.50	 39.06	 30.61	 30.10	 38.78	 36.46	 32.65	 28.57	 21.43	 39.58	 32.65	 25.51	 26.02	 15.31	 40.62	 22.45	 32.65	 25.51		Cryptoblepharus_egeriae 12
													  0.00	 18.37	 38.02	  9.69	  8.09	 36.46	 22.45	 27.04	 33.33	 27.04	 28.57	 35.42	 28.57	 24.23	 15.31	 35.42	 17.86	 23.98	 34.90	 34.38	 28.06	 28.57	 38.27	 32.81	 25.51	 26.02	 14.80	 35.94	 26.53	 26.53	 22.45	 18.37	 35.94	 16.84	 25.00	 26.02		Iguana_delicatissima 13
														  0.00	 36.46	 20.41	 25.00	 35.42	 21.94	 30.61	 35.94	 30.10	 32.14	 35.42	 27.55	 28.87	 16.84	 38.54	 21.43	 28.57	 34.90	 35.94	 32.65	 32.14	 38.78	 34.38	 31.63	 30.61	 17.35	 35.94	 29.08	 26.02	 23.98	 22.96	 37.50	 21.94	 28.06	 30.10		Anolis_carolinensis 14
															  0.00	 38.02	 38.24	 14.06	 41.15	 39.06	 17.71	 42.71	 43.75	 14.06	 43.23	 40.62	 36.98	 15.10	 36.98	 42.19	 18.75	 45.21	 41.67	 41.15	 46.88	 15.62	 43.75	 42.71	 38.54	 11.98	 42.19	 42.19	 39.58	 41.67	 19.79	 34.90	 39.58	 40.62		Myanophis_thanlyinensis 15
																  0.00	 11.76	 35.94	 21.94	 25.00	 34.38	 27.04	 28.57	 35.94	 31.63	 27.84	 16.84	 35.42	 21.43	 26.02	 35.94	 34.38	 31.12	 32.14	 38.27	 34.38	 30.10	 27.04	 15.82	 36.46	 29.08	 28.06	 27.55	 20.41	 37.50	 18.37	 28.06	 25.51		Cyclura_pinguis 16
																	  0.00	 38.24	 26.47	 30.15	 35.29	 30.88	 32.35	 36.76	 36.03	 30.88	 22.79	 37.50	 22.06	 30.15	 38.24	 40.91	 30.88	 33.09	 44.12	 36.03	 32.35	 30.88	 20.59	 38.24	 32.35	 30.15	 27.94	 23.53	 38.97	 22.06	 27.21	 30.15		Ctenosaura_bakeri 17
																		  0.00	 37.50	 38.54	 15.62	 40.62	 41.67	  9.38	 41.67	 42.71	 34.90	 13.02	 36.46	 42.71	 15.10	 45.74	 41.67	 39.06	 47.40	 13.02	 41.15	 42.19	 35.94	  8.85	 39.58	 38.54	 38.02	 38.02	 15.62	 34.38	 37.50	 40.62		Ptyas_mucosa 18
																			  0.00	 27.55	 38.54	 27.04	 27.55	 38.02	 27.55	 28.35	 21.94	 37.50	 22.45	 24.49	 38.54	 36.98	 27.55	 27.04	 36.73	 35.42	 32.65	 28.57	 20.92	 39.58	 31.63	 28.06	 26.02	 12.76	 40.62	 22.45	 28.57	 26.53		Lerista_edwardsae 19
																				  0.00	 39.06	 27.04	 34.18	 39.06	 34.18	 36.60	 28.57	 39.58	 29.59	 33.16	 38.54	 38.02	 19.90	 26.02	 30.61	 36.98	 37.24	 33.67	 25.00	 38.54	 32.14	 31.63	 27.55	 25.00	 44.27	 28.57	 29.59	 32.65		Lepidodactylus_listeri 20
																					  0.00	 39.06	 39.58	 15.10	 41.15	 40.10	 33.85	 15.10	 33.85	 40.10	  6.25	 43.62	 41.15	 36.98	 45.83	  5.21	 37.50	 40.62	 35.94	 15.10	 41.15	 38.02	 38.02	 36.98	 16.15	 32.29	 34.90	 38.02		Bothrops_jararaca 21
																						  0.00	 29.59	 41.15	 29.59	 31.96	 28.57	 42.71	 30.10	 30.10	 40.62	 42.19	 30.61	 27.55	 35.71	 38.54	 34.69	 27.04	 27.55	 41.15	 28.06	 28.06	 30.10	 27.55	 44.27	 28.57	 13.27	 28.06		Varanus_komodoensis 22
																							  0.00	 41.15	 32.65	 17.01	 28.06	 39.58	 27.55	 12.76	 39.06	 36.46	 35.20	 34.18	 38.78	 38.02	 34.69	 17.35	 29.08	 41.67	 28.57	 31.12	 29.59	 29.08	 38.02	 25.51	 29.59	  3.57		Podarcis_muralis 23
																								  0.00	 41.15	 40.62	 34.38	 13.54	 34.38	 41.15	 16.67	 43.62	 40.10	 40.10	 47.92	 13.54	 41.15	 40.62	 35.94	  4.17	 39.06	 40.62	 38.02	 38.54	 16.15	 34.38	 36.98	 39.58		Pantherophis_guttatus 24
																									  0.00	 30.93	 28.57	 44.27	 31.63	 32.14	 41.15	 32.81	 36.73	 34.69	 42.86	 39.06	 31.63	 32.65	 28.06	 42.71	 15.82	 27.55	 27.04	 28.57	 42.71	 31.12	 29.08	 31.12		Aspidoscelis_marmoratus 25
																										  0.00	 27.32	 38.02	 25.26	  8.25	 38.54	 35.79	 38.66	 34.54	 41.75	 38.02	 33.51	 17.01	 27.32	 42.19	 30.93	 28.35	 29.90	 29.38	 40.10	 24.23	 30.93	 13.92		Lacerta_viridis 26
																											  0.00	 36.98	 15.82	 28.06	 36.46	 35.42	 30.10	 28.06	 38.27	 32.81	 31.12	 28.06	  9.69	 33.85	 27.04	 25.00	 24.49	 19.90	 33.85	 11.73	 27.04	 27.55		Phrynosoma_platyrhinos 27
																												  0.00	 35.42	 38.54	 14.58	 44.15	 43.23	 41.15	 49.48	 13.02	 41.15	 40.10	 38.54	 13.54	 44.79	 41.67	 39.58	 36.98	 10.94	 34.38	 39.06	 38.02		Naja_naja 28
																													  0.00	 23.98	 34.38	 35.94	 29.08	 26.53	 35.20	 32.29	 28.57	 26.53	 16.33	 35.94	 29.59	 25.00	 23.98	 22.45	 35.94	  4.59	 29.59	 26.02		Sceloporus_tristichus 29
																														  0.00	 39.06	 33.85	 36.22	 31.12	 38.27	 38.02	 34.18	 14.29	 26.53	 41.67	 30.61	 29.08	 29.59	 26.02	 39.58	 24.49	 29.59	 11.73		Lacerta_agilis 30
																															  0.00	 45.21	 42.71	 39.06	 46.88	  7.29	 38.54	 40.10	 35.42	 16.67	 41.67	 39.06	 35.94	 36.46	 17.71	 33.33	 35.42	 38.54		Protobothrops_mucrosquamatus 31
																																  0.00	 43.75	 43.23	 43.23	 42.55	 42.71	 34.90	 34.90	 43.09	 33.33	 38.54	 35.42	 37.50	 44.68	 34.38	 38.02	 34.90		Pogona_vitticeps 32
																																	  0.00	 28.57	 31.63	 39.58	 37.24	 37.76	 32.14	 40.10	 36.73	 31.63	 32.65	 28.06	 43.75	 31.12	 33.67	 35.20		Gekko_japonicus 33
																																		  0.00	 31.63	 35.94	 39.29	 33.67	 28.57	 39.06	 37.76	 26.53	 28.57	 26.53	 40.10	 26.53	 29.08	 33.16		Sphaerodactylus_townsendi 34
																																			  0.00	 45.83	 41.33	 39.80	 39.80	 46.88	 40.82	 36.22	 39.80	 36.73	 49.48	 37.76	 37.76	 37.24		Paroedura_picta 35
																																				  0.00	 38.02	 38.54	 32.81	 13.54	 40.10	 36.98	 35.42	 35.42	 15.10	 31.25	 34.38	 37.50		Crotalus_tigris 36
																																					  0.00	 35.20	 29.59	 41.15	 30.61	 33.67	 33.16	 30.10	 42.71	 29.08	 31.63	 32.65		Sphenodon_punctatus 37
																																						  0.00	 27.55	 41.15	 30.10	 28.06	 29.59	 26.53	 41.67	 25.00	 28.06	 17.35		Zootoca_vivipara 38
																																							  0.00	 36.98	 27.04	 27.04	 21.94	 19.90	 36.98	 13.78	 27.55	 29.08		Phrynosoma_blainvillii 39
																																								  0.00	 40.10	 41.15	 39.06	 39.06	 16.15	 35.94	 37.50	 40.10		Pituophis_catenifer 40
																																									  0.00	 28.06	 30.61	 29.59	 42.19	 28.06	 28.06	 27.04		Salvator_merianae 41
																																										  0.00	 29.59	 30.61	 42.19	 23.98	 29.08	 29.59		Eublepharis_macularius 42
																																											  0.00	 25.00	 41.15	 24.49	 28.57	 28.57		Hemicordylus_capensis 43
																																												  0.00	 39.58	 21.94	 28.57	 28.57		Plestiodon_gilberti 44
																																													  0.00	 35.42	 39.06	 35.42		Laticauda_colubrina 45
																																														  0.00	 28.06	 23.98		Sceloporus_occidentalis 46
																																															  0.00	 27.55		Varanus_salvator 47
																																																  0.00		Podarci_raffonei 48
