Distance Matrix
---------------

Using the Tamura correction method
Using base positions 12 in the codon
Gap weighting is 0.000000

	    1	    2	    3	    4	    5	    6	    7	    8	    9	    10	    11	    12	    13	    14	    15	    16	    17	    18	    19	    20	    21	    22	    23	    24	    25	    26	    27	    28	    29	    30	    31	    32	    33	    34	    35	    36	    37	    38	    39	    40	    41	    42	    43	    44	    45	    46	    47	    48	    49	    50	    51	    52	    53	    54	    55	    56	    57
	  0.00	 14.14	 40.72	 15.94	 43.67	 14.81	 21.26	 23.42	 38.04	 13.73	 48.02	 45.67	 12.69	 48.06	 41.40	 44.55	 44.79	 16.42	 44.21	 44.19	 11.47	 43.82	 41.43	 17.86	 55.45	 48.62	 20.72	 11.04	 14.34	  6.59	 45.84	 45.61	 15.10	 43.91	 17.24	 44.49	 44.80	 18.52	 47.97	 41.08	 46.97	 18.11	 48.17	 19.02	 47.72	 45.73	 43.49	  8.66	 17.37	 41.03	 42.74	 43.55	 41.05	 19.19	 43.53	 41.78	 49.50		Arizona_elegans 1
		  0.00	 38.93	 16.20	 43.87	 15.03	 20.33	 24.67	 40.04	 15.65	 48.73	 51.01	 14.23	 49.97	 42.01	 42.27	 43.14	 16.56	 43.91	 44.69	 16.34	 42.38	 39.88	 18.65	 53.22	 49.86	 21.04	 10.19	 12.16	 15.14	 42.08	 50.93	 17.61	 42.38	 15.94	 44.51	 45.22	 17.84	 45.17	 40.02	 46.25	 13.75	 46.63	 18.62	 48.13	 46.99	 46.48	 16.57	 15.07	 44.55	 43.29	 45.60	 41.96	 18.85	 45.32	 41.90	 50.27		Thermophis_baileyi 2
			  0.00	 39.54	 29.72	 37.83	 43.22	 40.41	 18.72	 37.88	 24.75	 27.82	 39.33	 38.07	 21.90	 19.39	 22.53	 41.60	 22.05	 19.68	 42.49	 19.09	 29.35	 40.83	 38.79	 28.20	 40.71	 20.50	 39.54	 42.44	 30.88	 27.48	 43.43	 19.97	 37.86	 21.75	 24.56	 38.96	 34.29	 28.14	 27.82	 39.24	 37.06	 44.07	 38.13	 27.26	 21.11	 39.71	 35.51	 31.06	 26.06	 29.43	 19.07	 43.65	 20.25	 23.62	 27.55		Elgaria_multicarinata 3
				  0.00	 42.28	 19.66	 22.44	 23.75	 40.29	 16.77	 45.15	 48.64	 15.69	 53.81	 40.23	 41.77	 42.62	 18.97	 46.21	 42.97	 17.96	 41.82	 44.19	 20.16	 57.10	 48.42	 22.88	 10.77	 16.82	 15.63	 43.19	 48.57	 17.51	 45.02	 20.24	 45.46	 45.12	 19.31	 48.77	 42.62	 46.54	 17.42	 49.67	 21.72	 50.12	 46.91	 46.24	 16.23	 18.75	 41.39	 44.73	 42.31	 39.90	 21.16	 42.97	 42.55	 47.45		Thamnophis_elegans 4
					  0.00	 42.31	 41.18	 45.44	 33.16	 43.58	 32.82	 33.42	 45.20	 37.79	 32.09	 31.22	 32.44	 41.88	 34.87	 32.30	 42.68	 32.74	 38.04	 45.19	 52.35	 32.21	 43.03	 24.26	 45.00	 41.93	  3.71	 33.72	 46.37	 31.52	 41.54	 33.71	 32.99	 41.61	 41.16	 34.67	 38.88	 44.80	 45.58	 50.78	 42.20	 31.64	 33.34	 43.66	 41.86	 17.04	 37.48	 34.59	 28.75	 45.74	 31.49	 35.35	 29.62		Aspidocelis_tigris 5
						  0.00	 15.88	 24.40	 36.70	 14.52	 47.08	 43.33	 16.66	 46.53	 41.58	 42.30	 41.97	 17.71	 46.00	 41.92	 17.84	 40.82	 39.11	 11.08	 60.51	 46.05	 21.45	  6.00	 15.10	 16.10	 40.15	 43.27	 19.08	 41.68	 17.92	 42.49	 41.63	  9.28	 44.68	 38.15	 45.05	 18.83	 45.33	 10.79	 47.75	 45.35	 41.68	 16.99	 19.67	 40.23	 40.45	 45.17	 40.01	 20.24	 41.65	 40.36	 45.55		Azemiops_feae 6
							  0.00	 27.21	 39.94	 20.48	 46.13	 48.33	 22.75	 48.86	 42.24	 44.64	 42.27	 22.52	 45.52	 43.43	 19.97	 43.90	 39.53	 18.18	 59.65	 46.31	 25.79	  9.16	 21.21	 22.45	 41.26	 48.25	 23.93	 41.14	 22.54	 42.02	 47.78	 15.23	 48.06	 41.91	 47.38	 22.77	 43.99	 18.64	 45.48	 49.25	 43.16	 21.83	 23.91	 47.13	 42.71	 49.63	 41.06	 22.46	 44.84	 41.44	 44.51		Daboia_siamensis 7
								  0.00	 39.68	 22.00	 45.15	 46.03	 21.93	 46.74	 42.96	 44.12	 43.04	 22.84	 45.82	 44.96	 24.40	 43.83	 41.44	 26.07	 43.91	 45.15	 14.93	 15.54	 23.56	 24.97	 46.81	 46.40	 25.70	 44.24	 21.30	 45.88	 43.53	 23.76	 46.66	 40.64	 44.12	 25.01	 49.16	 25.43	 48.47	 46.03	 44.27	 24.34	 22.78	 43.39	 38.82	 45.45	 43.48	 24.42	 46.25	 42.19	 44.75		Charina_bottae 8
									  0.00	 35.63	 26.38	 25.20	 42.39	 36.36	 24.66	 18.91	 23.81	 39.34	 21.25	 20.06	 38.96	 22.78	 32.77	 39.68	 30.90	 26.00	 40.36	 21.98	 41.43	 40.06	 36.67	 25.20	 39.92	 21.59	 35.66	 22.28	 25.65	 39.70	 32.62	 27.27	 24.92	 40.71	 38.74	 37.43	 41.16	 25.83	 21.86	 39.69	 35.16	 32.04	 25.09	 28.67	 21.81	 42.40	 21.32	 25.21	 26.45		Shinisaurus_crocodilurus 9
										  0.00	 43.96	 46.39	 15.88	 46.09	 39.35	 41.91	 41.66	 17.17	 44.86	 41.17	 17.90	 40.87	 41.46	 17.57	 52.29	 45.66	 18.19	 10.80	 15.43	 13.10	 43.84	 46.31	 15.64	 40.48	 12.18	 42.52	 45.04	 15.61	 45.11	 40.91	 44.64	 14.65	 47.04	 16.41	 50.43	 42.17	 41.26	 14.49	 15.12	 39.86	 41.74	 49.14	 39.30	 18.33	 42.89	 37.39	 46.05		Ophiophagus_hannah 10
											  0.00	 30.51	 46.39	 42.58	 24.74	 22.59	 12.82	 47.49	 23.54	 21.08	 46.34	 27.25	 34.36	 47.94	 62.87	 31.21	 44.73	 25.81	 48.57	 48.94	 37.08	 30.51	 48.68	 19.05	 43.48	 21.45	 28.20	 44.95	 40.01	 34.08	 32.69	 41.77	 35.91	 48.93	 44.46	 29.59	 21.69	 46.35	 42.06	 39.84	 32.32	 32.18	 22.30	 48.90	 21.43	 31.87	 29.52		Anolis_sagrei 11
												  0.00	 45.92	 43.84	 29.87	 27.28	 28.16	 40.52	 26.54	 24.97	 45.75	 28.13	 35.25	 48.22	 59.27	 12.51	 44.25	 25.44	 47.65	 46.66	 35.42	  1.12	 47.90	 25.53	 45.89	 26.86	  8.62	 45.14	 39.05	 28.28	 35.22	 49.71	 43.61	 46.29	 42.62	 14.87	 23.59	 46.41	 45.80	 34.71	 33.35	 33.77	 25.51	 48.49	 25.23	 35.02	 14.19		Lacerta_bilineata 12
													  0.00	 47.28	 41.65	 43.85	 42.46	 16.34	 45.56	 43.90	 16.48	 42.83	 39.56	 20.45	 60.66	 49.29	 18.95	 10.46	 11.64	 12.85	 44.56	 45.85	 14.58	 43.66	 18.20	 44.96	 43.76	 17.54	 47.20	 41.21	 47.92	 16.57	 49.93	 19.55	 46.94	 45.55	 42.83	 15.15	 13.97	 42.19	 42.47	 45.32	 41.21	 21.42	 43.22	 42.32	 48.75		Imantodes_cenchoa 13
														  0.00	 37.95	 35.75	 40.41	 45.62	 38.12	 35.06	 45.27	 36.42	 37.12	 48.71	 77.53	 44.16	 43.84	 26.63	 47.64	 48.16	 38.39	 44.17	 50.25	 36.70	 44.01	 36.88	 42.25	 47.33	 34.90	 37.57	 43.99	 48.55	 43.83	 55.59	 46.66	 38.37	 36.10	 48.18	 43.88	 39.47	 37.23	 42.23	 36.37	 47.04	 39.63	 39.11	 42.33		Phrynocephalus_versicolor 14
															  0.00	 20.23	 22.56	 41.14	 22.11	 19.32	 42.31	 15.06	 25.48	 40.82	 47.07	 30.91	 40.31	 22.28	 40.23	 43.50	 33.38	 29.52	 40.24	 21.73	 36.32	 24.09	 27.91	 41.18	 35.66	 25.92	 26.59	 41.50	 39.08	 45.67	 39.76	 27.96	 22.31	 40.76	 38.45	 32.70	 28.70	 29.83	 13.85	 44.87	 22.32	 28.21	 28.19		Cryptoblepharus_egeriae 15
																  0.00	 19.35	 41.12	  9.00	  7.27	 45.08	 17.99	 26.90	 42.67	 45.18	 26.51	 41.76	 21.98	 42.14	 46.34	 30.32	 26.32	 46.56	 14.56	 40.36	 14.69	 23.42	 42.70	 32.21	 27.27	 25.76	 42.54	 37.16	 45.07	 35.93	 27.56	 15.61	 42.67	 37.97	 32.41	 29.03	 29.78	 16.34	 44.68	 13.34	 22.90	 25.86		Iguana_delicatissima 16
																	  0.00	 42.42	 20.60	 17.03	 43.30	 22.42	 31.78	 45.18	 49.34	 29.53	 41.06	 22.31	 45.90	 44.86	 32.93	 27.82	 47.22	 17.07	 42.49	 17.61	 24.28	 41.21	 37.75	 31.83	 32.02	 42.30	 37.71	 45.64	 35.69	 29.28	 20.20	 42.85	 39.62	 34.16	 31.81	 30.92	 18.75	 46.07	 18.79	 28.11	 27.54		Anolis_carolinensis 17
																		  0.00	 43.94	 42.70	 16.87	 41.19	 36.58	 20.31	 41.62	 42.28	 21.05	 11.98	 18.18	 17.74	 42.49	 39.74	 19.87	 45.62	 19.19	 44.85	 39.35	 19.15	 44.74	 34.90	 47.08	 20.11	 44.19	 20.32	 44.98	 42.12	 42.79	 18.97	 20.09	 39.87	 44.85	 41.09	 40.03	 21.37	 41.94	 41.54	 43.78		Myanophis_thanlyinensis 18
																			  0.00	  9.27	 46.00	 20.64	 29.66	 45.95	 48.91	 27.05	 45.41	 23.82	 43.37	 47.66	 35.06	 25.59	 48.39	 17.00	 41.19	 19.83	 26.34	 44.77	 34.79	 30.08	 33.22	 43.83	 37.47	 47.22	 36.75	 28.20	 17.79	 43.93	 39.53	 33.18	 32.26	 29.98	 18.89	 43.97	 17.18	 26.01	 26.74		Cyclura_pinguis 19
																				  0.00	 44.73	 18.31	 28.31	 44.71	 42.33	 26.49	 42.60	 22.30	 44.54	 47.22	 31.74	 24.05	 47.03	 13.69	 39.63	 13.28	 23.14	 43.11	 32.86	 28.01	 26.02	 42.98	 38.74	 44.28	 35.14	 26.94	 15.88	 41.93	 39.88	 34.27	 27.67	 30.03	 17.19	 44.74	 13.03	 23.47	 25.50		Ctenosaura_bakeri 20
																					  0.00	 44.42	 41.06	 18.90	 52.56	 45.85	 21.01	 11.79	 14.63	 12.49	 42.88	 46.13	 16.31	 43.26	 15.89	 43.30	 46.17	 18.95	 46.04	 42.36	 48.76	 18.07	 49.56	 22.84	 48.28	 45.40	 43.66	 13.26	 17.98	 44.18	 44.44	 44.37	 42.77	 18.14	 43.19	 42.70	 44.95		Ptyas_mucosa 21
																						  0.00	 25.78	 42.03	 38.65	 28.10	 41.49	 20.80	 41.03	 45.15	 32.57	 27.78	 43.43	 17.75	 38.19	 19.03	 24.57	 40.43	 37.97	 24.37	 25.13	 41.53	 38.36	 41.56	 37.08	 25.26	 18.22	 41.19	 39.18	 31.70	 29.70	 29.71	  9.96	 44.84	 19.38	 27.91	 26.83		Lerista_edwardsae 22
																							  0.00	 40.65	 41.51	 37.51	 40.39	 18.86	 39.13	 41.43	 38.86	 35.20	 44.21	 30.71	 40.27	 32.62	 32.39	 40.65	 40.93	 18.42	 28.15	 42.65	 37.33	 42.99	 43.67	 33.19	 29.93	 41.43	 41.84	 37.31	 32.03	 32.87	 25.97	 44.70	 29.85	 32.74	 37.09		Lepidodactylus_listeri 23
																								  0.00	 68.29	 48.80	 23.66	  9.52	 17.87	 18.58	 45.01	 47.28	 22.00	 41.22	 21.76	 44.13	 45.17	 12.19	 46.81	 38.96	 46.33	 18.76	 46.48	 12.64	 49.91	 48.76	 44.49	 19.19	 20.13	 42.96	 44.78	 47.66	 41.92	 21.62	 44.95	 42.71	 47.48		Bothrops_jararaca 24
																									  0.00	 49.29	 59.82	 54.98	 60.55	 58.18	 50.96	 56.38	 55.10	 56.17	 47.78	 41.22	 55.98	 57.52	 69.64	 39.79	 41.61	 52.45	 62.27	 62.17	 54.31	 64.50	 55.76	 61.74	 45.97	 54.37	 48.83	 51.07	 31.70	 53.33	 40.62	 19.10	 48.87		Varanus_komodoensis 25
																										  0.00	 45.15	 24.84	 48.22	 49.19	 33.04	 11.73	 50.91	 23.11	 45.50	 24.73	 10.88	 46.98	 40.88	 31.02	 38.61	 50.15	 41.50	 47.23	 46.14	 12.27	 25.06	 48.55	 46.75	 32.28	 34.86	 33.60	 26.49	 48.56	 23.79	 35.45	  5.32		Podarcis_muralis 26
																											  0.00	 12.60	 19.32	 22.25	 44.36	 44.25	 23.19	 42.62	 18.09	 39.53	 43.07	 21.09	 45.80	 41.41	 40.99	 20.40	 49.26	 23.56	 47.98	 42.30	 41.45	 21.92	 21.02	 44.16	 43.89	 45.93	 40.76	 24.80	 42.19	 41.39	 43.87		Morelia_viridis 27
																												  0.00	  8.73	 10.70	 22.20	 25.42	 12.08	 23.83	 11.29	 23.57	 23.80	  8.24	 24.37	 17.92	 23.45	 11.04	 24.77	  9.49	 26.29	 25.07	 25.42	 10.72	 13.99	 22.68	 21.69	 24.05	 21.40	 13.90	 23.20	 18.76	 24.80		Vipera_latastei 28
																													  0.00	 14.60	 45.12	 48.04	 15.65	 42.61	 16.22	 45.15	 46.34	 17.04	 44.16	 41.40	 48.21	 15.45	 49.39	 18.22	 44.22	 44.29	 42.25	 14.62	 14.36	 44.57	 41.85	 46.46	 41.41	 19.66	 45.91	 44.53	 45.54		Diadophis_punctatus 29
																														  0.00	 42.93	 46.59	 16.20	 43.62	 17.37	 46.27	 45.34	 17.51	 47.66	 41.98	 49.62	 17.53	 48.65	 19.75	 50.12	 44.99	 44.02	  6.31	 17.90	 40.63	 45.33	 44.83	 43.14	 20.24	 44.01	 41.93	 50.08		Pantherophis_guttatus 30
																															  0.00	 35.73	 46.03	 31.62	 41.74	 34.57	 36.14	 42.69	 42.18	 33.74	 40.24	 44.48	 46.28	 50.60	 41.52	 34.34	 33.44	 44.68	 42.34	 16.62	 38.06	 36.50	 28.24	 44.70	 33.43	 33.69	 33.00		Aspidoscelis_marmoratus 31
																																  0.00	 48.27	 24.59	 45.82	 25.91	  8.36	 44.20	 38.96	 28.92	 35.29	 49.15	 43.61	 46.21	 43.06	 14.58	 23.00	 46.32	 46.16	 35.02	 32.99	 33.39	 25.19	 48.41	 24.30	 34.64	 13.90		Lacerta_viridis 32
																																	  0.00	 43.83	 18.50	 47.66	 46.97	 20.52	 44.18	 42.98	 47.79	 18.86	 48.10	 20.43	 51.82	 44.88	 44.63	 14.26	 16.69	 44.99	 44.84	 46.37	 40.66	 19.09	 48.87	 42.96	 48.46		Boaedon_fuliginosus 33
																																		  0.00	 40.10	  9.70	 22.38	 39.73	 37.40	 30.50	 28.23	 41.10	 39.24	 42.39	 41.45	 23.40	  7.99	 39.68	 38.81	 35.60	 30.38	 30.95	 17.40	 44.41	 11.62	 28.85	 22.81		Phrynosoma_platyrhinos 34
																																			  0.00	 39.74	 44.57	 18.16	 40.79	 38.16	 44.23	 13.85	 47.94	 22.04	 47.30	 41.74	 40.13	 16.80	 15.37	 41.79	 41.76	 45.73	 38.19	 17.43	 38.93	 37.42	 45.89		Naja_naja 35
																																				  0.00	 24.60	 40.54	 36.80	 30.97	 27.37	 39.59	 39.35	 44.48	 37.86	 25.63	 13.11	 42.53	 39.62	 37.06	 30.44	 30.90	 18.51	 47.55	  6.26	 27.97	 22.81		Sceloporus_tristichus 36
																																					  0.00	 42.11	 38.35	 28.58	 32.33	 46.96	 39.80	 43.64	 43.30	 11.29	 24.93	 44.63	 43.63	 33.17	 32.75	 32.67	 24.59	 45.38	 22.40	 35.12	 11.71		Lacerta_agilis 37
																																						  0.00	 44.72	 40.10	 47.53	 16.79	 45.28	 11.55	 46.89	 44.19	 42.92	 17.53	 19.62	 44.17	 41.64	 45.69	 38.17	 18.71	 41.30	 38.50	 45.14		Protobothrops_mucrosquamatus 38
																																							  0.00	 37.42	 41.45	 46.74	 44.68	 47.17	 44.37	 35.66	 38.50	 47.64	 41.82	 41.33	 35.67	 36.28	 35.75	 49.59	 38.03	 36.32	 40.51		Pogona_vitticeps 39
																																								  0.00	 28.97	 39.54	 35.71	 40.40	 43.77	 28.65	 28.62	 40.05	 41.15	 29.98	 30.60	 30.72	 23.42	 43.99	 28.88	 31.62	 32.80		Gekko_japonicus 40
																																									  0.00	 44.91	 41.76	 44.23	 39.99	 34.28	 29.49	 48.33	 46.13	 37.65	 30.66	 34.36	 27.04	 48.87	 27.14	 32.44	 37.74		Sphaerodactylus_townsendi 41
																																										  0.00	 46.43	 20.25	 47.15	 46.18	 43.49	 18.10	 14.53	 45.45	 44.83	 46.09	 40.32	 18.34	 41.08	 39.86	 50.09		Bungarus_multicintus 42
																																											  0.00	 47.84	 47.82	 42.19	 41.23	 48.85	 47.33	 49.37	 36.08	 35.73	 35.03	 49.51	 38.19	 39.82	 43.82		Paroedura_picta 43
																																												  0.00	 50.88	 47.06	 42.82	 18.87	 22.96	 46.60	 46.87	 45.97	 43.11	 21.02	 43.24	 43.48	 48.09		Crotalus_tigris 44
																																													  0.00	 45.49	 42.40	 47.80	 42.28	 41.78	 40.70	 42.41	 37.88	 49.07	 39.34	 39.93	 43.72		Sphenodon_punctatus 45
																																														  0.00	 23.40	 43.85	 43.29	 32.23	 32.74	 36.10	 26.69	 47.59	 24.40	 37.27	 12.02		Zootoca_vivipara 46
																																															  0.00	 40.44	 37.72	 34.49	 33.28	 28.68	 19.09	 47.80	 11.81	 29.83	 23.78		Phrynosoma_blainvillii 47
																																																  0.00	 17.96	 43.83	 40.52	 44.86	 41.18	 20.26	 42.44	 41.15	 48.47		Pituophis_catenifer 48
																																																	  0.00	 40.65	 41.60	 44.93	 37.66	 20.82	 39.18	 38.01	 44.50		Tropidonophis_doriae 49
																																																		  0.00	 41.26	 38.30	 30.02	 50.19	 34.80	 34.99	 33.65		Salvator_merianae 50
																																																			  0.00	 34.93	 28.04	 42.59	 33.70	 32.30	 34.89		Eublepharis_macularius 51
																																																				  0.00	 25.92	 46.98	 28.00	 31.74	 35.00		Hemicordylus_capensis 52
																																																					  0.00	 41.60	 18.80	 23.49	 27.53		Plestiodon_gilberti 53
																																																						  0.00	 47.03	 43.57	 47.15		Laticauda_colubrina 54
																																																							  0.00	 28.24	 23.49		Sceloporus_occidentalis 55
																																																								  0.00	 34.73		Varanus_salvator 56
																																																									  0.00		Podarci_raffonei 57
