Distance Matrix
---------------

Using the Tamura correction method
Using base positions 12 in the codon
Gap weighting is 0.000000

	    1	    2	    3	    4	    5	    6	    7	    8	    9	    10	    11	    12	    13	    14	    15	    16	    17	    18	    19	    20	    21	    22	    23	    24	    25	    26	    27	    28	    29	    30	    31	    32	    33	    34	    35	    36	    37	    38	    39	    40	    41	    42	    43	    44	    45	    46	    47	    48	    49	    50	    51	    52	    53	    54	    55	    56
	  0.00	 15.00	 44.47	 18.32	 42.35	 22.75	 24.39	 22.00	 40.74	 24.59	 34.55	 33.36	 14.18	 39.73	 38.63	 36.86	 40.91	 17.68	 37.67	 39.33	  9.00	 34.06	 33.33	 25.76	 37.02	 22.68	 56.63	 12.66	 15.11	 41.82	 32.60	 17.20	 40.65	 22.03	 35.06	 36.33	 24.45	 51.81	 37.05	 35.40	 16.77	 39.71	 25.43	 36.19	 35.73	 35.02	 11.22	 17.64	 33.20	 39.92	 33.51	 37.67	 20.08	 34.31	 39.35	 32.62		Arizona_elegans 1
		  0.00	 43.42	 12.64	 44.84	 18.28	 20.62	 22.97	 43.26	 17.48	 34.45	 37.89	 14.28	 39.05	 41.35	 34.73	 40.01	 18.65	 36.21	 34.08	  9.54	 49.09	 36.28	 18.75	 39.54	 22.67	 54.49	 13.93	 10.61	 43.40	 35.64	 16.48	 37.09	 13.00	 39.42	 37.23	 14.62	 48.64	 39.91	 38.37	 12.69	 38.95	 22.16	 38.62	 35.54	 35.49	 11.14	 16.56	 32.33	 39.95	 35.59	 40.09	 21.55	 35.54	 39.03	 34.15		Thermophis_baileyi 2
			  0.00	 41.51	 37.12	 40.78	 38.38	 35.48	 27.79	 40.24	 30.55	 36.70	 41.44	 45.66	 30.13	 33.92	 32.15	 39.34	 33.12	 32.53	 42.47	 40.24	 34.48	 42.68	 33.27	 45.50	 89.53	 38.53	 40.99	 36.69	 35.26	 40.79	 30.62	 43.30	 30.61	 39.19	 39.43	 47.18	 32.03	 30.85	 39.54	 34.08	 41.08	 32.99	 31.75	 29.35	 38.54	 42.82	 30.17	 35.01	 32.61	 32.39	 46.12	 30.53	 29.71	 32.46		Elgaria_multicarinata 3
				  0.00	 40.52	 16.37	 17.45	 16.75	 39.93	 18.67	 34.15	 38.52	 11.40	 38.59	 36.45	 31.25	 37.52	 18.46	 31.94	 32.74	 11.52	 43.74	 35.49	 16.86	 39.35	 22.19	 56.63	 14.74	 13.82	 40.86	 35.50	 13.07	 35.70	 14.09	 35.65	 37.84	 15.75	 44.19	 37.44	 39.02	 16.08	 40.16	 22.04	 37.05	 34.05	 31.96	 12.60	 13.04	 30.55	 42.25	 35.59	 38.48	 18.59	 33.45	 35.27	 34.77		Thamnophis_elegans 4
					  0.00	 41.30	 39.56	 34.35	 27.98	 44.22	 32.62	 32.44	 42.76	 33.67	 30.47	 33.52	 34.86	 33.61	 30.05	 30.68	 40.67	 26.53	 28.21	 39.65	 30.41	 41.91	nan	 39.09	 36.64	  2.75	 29.58	 41.38	 30.85	 38.52	 31.29	 31.06	 35.79	 37.04	 25.72	 30.59	 45.37	 33.96	 36.47	 30.59	 23.56	 30.67	 40.63	 40.52	  8.74	 28.67	 27.89	 30.06	 37.52	 29.22	 22.88	 30.17		Aspidocelis_tigris 5
						  0.00	 14.33	 20.87	 43.17	 22.22	 37.32	 43.42	 19.95	 38.85	 36.35	 37.26	 39.60	 18.00	 36.45	 33.55	 17.77	 41.05	 40.28	 16.08	 37.85	 23.57	 31.23	 19.91	 18.99	 41.63	 40.97	 18.70	 39.41	 23.61	 40.98	 43.60	 14.27	 45.85	 38.17	 40.87	 16.55	 44.91	 19.13	 39.35	 37.96	 37.89	 17.75	 21.01	 29.70	 43.42	 40.56	 42.73	 25.93	 37.78	 36.90	 36.36		Azemiops_feae 6
							  0.00	 23.17	 40.53	 21.89	 35.93	 40.05	 19.33	 38.23	 36.10	 34.80	 33.73	 20.14	 31.21	 31.97	 19.47	 41.72	 36.19	 14.80	 38.48	 23.42	 31.23	 21.03	 23.17	 39.09	 37.74	 25.50	 35.51	 19.08	 39.34	 38.75	 14.66	 44.28	 37.56	 45.59	 19.95	 42.51	 16.71	 42.70	 34.86	 34.07	 18.10	 20.38	 33.96	 41.08	 38.77	 40.82	 25.12	 34.87	 36.90	 33.99		Daboia_siamensis 7
								  0.00	 34.95	 24.10	 36.84	 38.92	 21.40	 39.82	 32.75	 33.52	 33.26	 19.06	 34.11	 34.38	 20.52	 39.05	 34.34	 19.75	 33.66	 16.44	 54.49	 22.24	 21.30	 33.95	 38.21	 22.13	 33.03	 18.53	 34.12	 38.27	 18.58	 43.50	 33.31	 36.72	 22.25	 38.14	 20.81	 39.46	 33.01	 30.21	 20.64	 19.72	 32.26	 39.19	 32.35	 35.10	 22.84	 30.99	 30.73	 34.49		Charina_bottae 8
									  0.00	 44.08	 26.74	 20.98	 42.55	 37.12	 21.61	 21.66	 25.52	 36.70	 23.34	 19.85	 36.14	 21.00	 18.88	 41.67	 19.82	 44.69	 54.49	 38.41	 42.78	 29.04	 20.41	 42.33	 21.67	 41.31	 21.66	 21.60	 41.14	 35.59	 24.56	 26.69	 39.95	 41.68	 38.34	 31.01	 21.67	 20.46	 37.65	 42.27	 25.30	 28.35	 24.49	 19.90	 38.37	 22.17	 24.86	 21.60		Shinisaurus_crocodilurus 9
										  0.00	 34.38	 43.24	 20.34	 41.84	 37.27	 37.14	 40.79	 20.46	 35.55	 33.44	 22.38	 47.52	 36.86	 24.17	 41.14	 26.13	 59.55	 19.96	 19.97	 41.92	 43.35	 21.58	 34.88	 14.16	 34.11	 44.25	 18.07	 41.79	 41.63	 41.41	 15.53	 45.33	 23.18	 40.66	 43.63	 36.37	 19.35	 18.08	 33.16	 47.17	 38.62	 40.49	 23.77	 33.43	 36.05	 40.19		Ophiophagus_hannah 10
											  0.00	 29.78	 32.80	 40.80	 26.65	 17.75	 18.41	 32.07	 18.32	 17.81	 36.02	 30.45	 27.44	 38.33	 29.24	 40.54	 90.83	 34.73	 32.94	 33.01	 29.84	 36.55	 21.93	 33.00	 23.03	 26.50	 37.38	 44.83	 23.40	 33.86	 34.47	 29.23	 35.01	 29.12	 27.74	 19.36	 32.91	 32.16	 26.12	 25.81	 28.31	 27.65	 36.32	 19.91	 22.46	 26.49		Anolis_sagrei 11
												  0.00	 39.00	 35.08	 23.56	 22.20	 29.18	 35.99	 22.18	 20.44	 34.18	 24.21	 20.17	 38.61	 14.08	 45.09	 54.49	 38.59	 41.35	 33.59	  3.13	 38.62	 23.66	 37.79	 23.44	 10.49	 40.33	 37.23	 26.68	 25.37	 36.19	 35.26	 42.41	 32.95	 14.03	 23.00	 35.52	 39.21	 24.60	 25.91	 21.07	 18.79	 35.46	 24.01	 30.19	 15.72		Lacerta_bilineata 12
													  0.00	 38.65	 37.80	 33.25	 39.11	 17.86	 34.71	 33.32	 12.04	 42.60	 36.81	 18.00	 41.44	 24.94	 56.63	 15.85	 13.69	 42.23	 36.76	 16.93	 37.71	 17.90	 34.00	 37.67	 19.14	 46.76	 36.77	 40.42	 15.92	 38.65	 21.38	 39.76	 37.68	 33.98	 12.03	 14.69	 33.00	 41.59	 33.95	 37.01	 22.79	 32.68	 35.24	 37.53		Imantodes_cenchoa 13
														  0.00	 35.18	 39.03	 39.42	 36.56	 40.58	 38.27	 38.42	 38.69	 36.24	 37.74	 32.80	 37.56	 56.63	 35.11	 33.56	 34.05	 32.86	 45.94	 42.44	 36.28	 40.25	 32.71	 37.61	 30.58	 30.51	 33.74	 43.92	 35.50	 39.86	 39.12	 32.72	 42.31	 36.54	 42.12	 26.15	 37.56	 33.30	 36.03	 44.39	 40.07	 36.07	 36.36		Phrynocephalus_versicolor 14
															  0.00	 21.02	 22.25	 31.59	 19.81	 20.43	 35.54	 21.30	 20.48	 36.45	 26.28	 40.34	nan	 38.63	 36.55	 31.22	 22.30	 39.84	 26.28	 37.71	 19.10	 23.62	 33.53	 38.63	 19.94	 26.08	 41.22	 27.40	 36.82	 29.40	 23.15	 21.07	 33.20	 41.10	 28.71	 25.66	 24.11	 20.14	 38.63	 22.17	 25.93	 27.70		Cryptoblepharus_egeriae 15
																  0.00	 16.29	 33.84	  7.85	  6.96	 34.08	 24.48	 21.76	 38.06	 22.28	 39.39	 31.98	 34.67	 33.34	 33.14	 21.62	 34.80	 16.83	 34.05	 15.58	 20.44	 36.56	 38.62	 21.45	 27.74	 32.60	 32.39	 37.62	 26.54	 21.57	 15.02	 29.80	 32.52	 24.48	 25.73	 23.26	 22.10	 31.81	 12.29	 22.20	 20.43		Iguana_delicatissima 16
																	  0.00	 33.45	 17.22	 16.25	 38.82	 22.17	 26.20	 33.91	 26.62	 39.21	 90.83	 43.35	 35.52	 34.46	 27.21	 35.86	 23.80	 38.20	 21.87	 26.56	 32.48	 42.71	 26.01	 29.44	 38.26	 29.53	 39.14	 32.04	 27.13	 19.52	 34.50	 38.80	 28.58	 31.71	 23.41	 25.20	 39.38	 18.29	 26.87	 24.71		Anolis_carolinensis 17
																		  0.00	 33.87	 32.48	 14.09	 34.65	 35.13	 17.33	 36.19	 18.06	 62.34	 17.99	 15.20	 33.23	 33.86	 19.02	 34.79	 19.80	 33.38	 38.23	 15.65	 44.29	 33.49	 38.19	 17.70	 35.29	 21.38	 40.68	 33.89	 29.19	 16.44	 20.91	 28.01	 39.82	 34.04	 35.37	 20.27	 29.88	 35.33	 35.30		Myanophis_thanlyinensis 18
																			  0.00	  6.89	 34.83	 26.38	 21.82	 35.67	 22.87	 40.03	 14.00	 36.90	 33.35	 31.13	 20.42	 36.31	 15.00	 36.26	 16.04	 24.08	 32.75	 41.01	 20.86	 29.14	 31.29	 33.06	 36.08	 27.08	 22.77	 12.27	 32.54	 33.95	 23.73	 27.06	 23.85	 25.14	 33.93	 12.78	 25.30	 23.45		Cyclura_pinguis 19
																				  0.00	 34.18	 25.10	 22.39	 33.54	 19.91	 41.83	 13.93	 37.02	 31.99	 30.34	 18.72	 34.16	 11.87	 34.87	 12.87	 22.29	 31.42	 33.37	 23.37	 30.53	 31.23	 34.52	 34.69	 25.30	 22.83	 12.34	 31.89	 33.29	 21.49	 27.05	 22.06	 23.94	 32.56	 10.76	 23.48	 20.47		Ctenosaura_bakeri 20
																					  0.00	 38.63	 32.56	 18.72	 36.50	 24.67	 56.63	 12.10	 10.67	 41.01	 31.34	 14.72	 37.26	 18.83	 33.51	 35.06	 18.77	 48.14	 33.82	 36.90	 16.06	 36.66	 25.40	 39.61	 31.38	 30.63	  9.06	 17.60	 34.18	 39.97	 32.83	 39.40	 21.02	 31.37	 35.43	 32.79		Ptyas_mucosa 21
																						  0.00	 20.38	 44.81	 22.22	 43.56	inf	 38.56	 43.95	 25.56	 22.97	 41.91	 25.82	 47.41	 25.71	 21.07	 45.87	 43.02	 26.17	 25.98	 40.58	 34.98	 41.76	 31.78	 21.70	 24.57	 39.58	 40.86	 25.67	 24.65	 24.76	 17.01	 36.25	 23.82	 27.46	 23.50		Lerista_edwardsae 22
																							  0.00	 36.98	 23.81	 44.59	 19.48	 35.58	 39.98	 25.21	 20.22	 36.39	 20.14	 36.00	 20.61	 19.11	 34.90	 34.62	 17.60	 23.86	 32.49	 29.67	 35.49	 29.61	 19.02	 21.35	 31.24	 35.96	 24.69	 24.95	 22.39	 19.50	 32.64	 19.50	 25.92	 21.97		Lepidodactylus_listeri 23
																								  0.00	 42.22	 21.92	 32.45	 24.28	 19.46	 39.98	 35.57	 25.32	 41.05	 21.03	 40.35	 41.24	 10.06	 45.34	 38.38	 42.55	 18.37	 41.35	 15.89	 44.46	 36.55	 38.68	 21.19	 21.00	 33.32	 44.29	 38.96	 40.40	 23.93	 37.17	 37.67	 35.74		Bothrops_jararaca 24
																									  0.00	 41.89	 94.27	 42.80	 39.72	 28.64	 15.26	 37.71	 23.47	 37.99	 25.26	 15.73	 38.11	 34.33	 25.34	 26.83	 38.63	 38.03	 37.60	 27.84	 15.07	 24.06	 38.66	 37.68	 24.77	 25.21	 19.28	 21.29	 32.67	 22.13	 27.41	  7.36		Podarcis_muralis 25
																										  0.00	 56.63	 24.39	 22.62	 39.04	 40.89	 26.81	 40.17	 19.64	 44.00	 44.40	 20.55	 48.93	 43.85	 40.97	 20.18	 44.88	 21.54	 42.41	 36.33	 40.24	 21.29	 23.70	 33.11	 45.12	 41.45	 39.29	 23.36	 39.49	 36.99	 37.85		Morelia_viridis 26
																											  0.00	 32.45	 94.87	inf	 56.63	 31.98	 13.93	 89.53	-nan	 56.63	 32.08	 81.48	 49.34	 32.08	 19.37	 56.63	 32.08	 60.65	 56.63	 31.98	 54.49	 56.63	nan	-nan	 50.14	 94.27	-nan	-nan	-nan	 32.08		Vipera_latastei 27
																												  0.00	 14.33	 38.63	 36.32	 21.82	 41.24	 18.68	 38.69	 39.53	 20.34	 49.45	 32.85	 36.02	 17.81	 43.69	 25.36	 38.37	 39.35	 37.08	 11.64	 18.29	 28.84	 41.48	 37.06	 35.47	 22.89	 36.38	 36.88	 37.11		Diadophis_punctatus 28
																													  0.00	 37.75	 38.13	 16.45	 37.24	 17.61	 37.34	 39.85	 15.90	 43.62	 36.99	 39.43	 17.95	 37.25	 22.25	 37.18	 38.21	 32.03	  9.06	 22.65	 24.82	 42.43	 35.10	 38.78	 20.52	 33.54	 34.68	 37.35		Pantherophis_guttatus 29
																														  0.00	 30.69	 41.71	 31.23	 36.47	 31.65	 29.99	 34.64	 35.82	 26.78	 31.67	 42.96	 35.80	 36.80	 30.95	 23.31	 31.04	 40.14	 40.84	 10.01	 27.01	 27.59	 29.73	 37.08	 27.56	 23.89	 29.83		Aspidoscelis_marmoratus 30
																															  0.00	 38.54	 23.08	 36.32	 21.03	 10.01	 36.41	 37.33	 26.07	 24.68	 33.99	 35.35	 40.02	 30.11	 12.43	 21.18	 32.64	 36.93	 23.07	 24.67	 18.60	 20.01	 34.67	 21.59	 28.16	 14.07		Lacerta_viridis 31
																																  0.00	 32.96	 20.54	 33.37	 41.04	 19.04	 46.58	 38.17	 36.89	 17.78	 40.51	 25.63	 37.95	 34.13	 29.33	 15.28	 18.94	 34.02	 40.90	 35.00	 40.83	 28.96	 30.56	 36.91	 34.00		Boaedon_fuliginosus 32
																																	  0.00	 35.76	 12.52	 22.98	 35.69	 38.49	 24.75	 36.42	 30.66	 34.03	 34.78	 30.89	 21.13	 10.54	 32.70	 36.40	 28.49	 27.05	 25.83	 27.68	 35.75	 13.01	 26.30	 23.42		Phrynosoma_platyrhinos 33
																																		  0.00	 36.49	 39.52	 17.35	 44.25	 41.51	 43.67	 14.47	 42.57	 20.68	 40.34	 37.31	 34.18	 14.14	 19.38	 30.55	 39.74	 34.88	 37.61	 21.11	 33.51	 32.51	 37.10		Naja_naja 34
																																			  0.00	 20.40	 37.39	 40.89	 24.07	 30.46	 34.97	 33.27	 36.25	 29.02	 24.13	 11.43	 29.94	 34.80	 28.48	 28.33	 20.23	 25.74	 36.63	  4.97	 24.81	 24.58		Sceloporus_tristichus 35
																																				  0.00	 40.49	 39.80	 23.55	 26.63	 41.11	 34.60	 40.05	 28.04	 12.98	 22.95	 34.87	 38.55	 29.70	 22.89	 19.20	 20.73	 35.56	 20.41	 25.61	 14.08		Lacerta_agilis 36
																																					  0.00	 40.32	 36.03	 39.52	 18.42	 40.62	 14.69	 41.08	 31.39	 32.79	 17.55	 22.20	 29.69	 39.15	 34.27	 39.92	 23.34	 34.34	 36.19	 30.67		Protobothrops_mucrosquamatus 37
																																						  0.00	 35.03	 41.69	 46.22	 43.67	 39.66	 45.89	 33.85	 38.54	 43.43	 44.40	 26.40	 46.34	 36.37	 40.05	 47.06	 40.06	 41.22	 35.96		Pogona_vitticeps 38
																																							  0.00	 28.03	 41.13	 28.45	 36.02	 31.76	 21.47	 22.15	 33.99	 35.29	 22.62	 24.42	 25.06	 20.95	 35.27	 19.81	 27.11	 23.43		Gekko_japonicus 39
																																								  0.00	 41.77	 25.22	 43.94	 30.40	 24.68	 29.77	 39.24	 41.28	 22.38	 31.89	 23.36	 22.22	 39.16	 29.71	 26.03	 24.26		Sphaerodactylus_townsendi 40
																																									  0.00	 44.69	 21.20	 40.00	 37.28	 33.50	 14.40	 17.19	 31.39	 46.64	 37.86	 36.31	 19.00	 32.74	 38.53	 35.55		Bungarus_multicintus 41
																																										  0.00	 45.35	 40.02	 32.29	 28.46	 36.46	 41.65	 27.65	 26.59	 27.73	 27.74	 43.34	 30.46	 31.51	 36.89		Paroedura_picta 42
																																											  0.00	 38.44	 40.06	 33.38	 19.74	 25.18	 32.26	 45.45	 40.12	 39.11	 27.04	 33.32	 36.18	 33.92		Crotalus_tigris 43
																																												  0.00	 27.13	 27.87	 37.78	 36.76	 25.35	 30.24	 30.73	 34.34	 39.70	 27.06	 29.75	 29.13		Sphenodon_punctatus 44
																																													  0.00	 19.39	 35.63	 35.60	 23.17	 18.69	 19.77	 20.62	 34.36	 21.60	 22.91	 12.37		Zootoca_vivipara 45
																																														  0.00	 29.25	 34.78	 26.02	 27.65	 22.05	 24.53	 33.54	  7.32	 24.28	 24.02		Phrynosoma_blainvillii 46
																																															  0.00	 18.80	 27.19	 39.92	 31.97	 33.28	 18.06	 29.28	 34.67	 32.65		Pituophis_catenifer 47
																																																  0.00	 33.03	 39.92	 36.21	 39.15	 20.96	 31.23	 37.46	 34.71		Tropidonophis_doriae 48
																																																	  0.00	 26.16	 24.65	 22.29	 28.79	 25.27	 20.11	 24.77		Salvator_merianae 49
																																																		  0.00	 25.10	 24.81	 43.16	 26.34	 22.92	 25.17		Eublepharis_macularius 50
																																																			  0.00	 23.43	 39.86	 20.80	 25.36	 17.46		Hemicordylus_capensis 51
																																																				  0.00	 33.33	 22.69	 24.74	 21.85		Plestiodon_gilberti 52
																																																					  0.00	 31.56	 38.40	 33.33		Laticauda_colubrina 53
																																																						  0.00	 22.23	 22.11		Sceloporus_occidentalis 54
																																																							  0.00	 24.94		Varanus_salvator 55
																																																								  0.00		Podarci_raffonei 56
