Distance Matrix
---------------

Using the Tamura correction method
Using base positions 12 in the codon
Gap weighting is 0.000000

	    1	    2	    3	    4	    5	    6	    7	    8	    9	    10	    11	    12	    13	    14	    15	    16	    17	    18	    19	    20	    21	    22	    23	    24	    25	    26	    27	    28	    29	    30	    31	    32	    33	    34	    35	    36	    37	    38	    39	    40	    41	    42	    43	    44	    45	    46	    47	    48	    49	    50	    51	    52	    53	    54	    55	    56	    57
	  0.00	  7.66	 37.84	  7.87	 39.28	  9.67	  8.36	 11.01	 40.33	  8.88	 38.67	 37.84	  8.37	 40.31	 37.64	 38.83	 37.02	  8.87	 38.30	 36.53	  4.67	 40.80	 36.56	  9.65	 33.30	 41.68	 11.75	  8.36	  8.67	  3.95	 39.28	 38.69	 10.71	 39.70	 10.17	 41.67	 38.56	  9.65	 39.65	 39.02	 38.18	 11.82	 42.23	  9.68	 36.93	 39.88	 40.20	  4.19	  9.68	 38.05	 42.44	 40.13	 36.22	 10.16	 42.11	 33.10	 41.68		Arizona_elegans 1
		  0.00	 38.33	  6.97	 37.60	  8.90	 10.61	 10.60	 39.94	  8.68	 41.83	 42.57	  7.43	 40.99	 40.43	 40.18	 38.05	  7.67	 41.02	 35.12	  7.47	 40.14	 38.99	  9.90	 33.49	 45.33	  9.64	  8.89	  5.63	  8.73	 38.18	 43.15	 11.70	 42.02	 10.70	 41.47	 42.45	  8.88	 40.64	 41.39	 39.65	  9.43	 46.84	 10.45	 39.84	 41.35	 42.53	  7.96	  8.94	 37.60	 45.18	 40.31	 37.09	 11.51	 43.06	 34.21	 46.26		Thermophis_baileyi 2
			  0.00	 36.15	 22.31	 35.84	 37.87	 39.80	 16.05	 37.82	 16.95	 16.76	 38.32	 28.49	 14.75	 12.79	 17.20	 36.60	 15.56	 11.18	 35.86	 14.47	 17.02	 37.36	 17.01	 15.92	 38.87	 31.61	 38.92	 36.37	 21.86	 17.35	 38.27	 15.53	 37.74	 14.80	 18.22	 38.58	 30.01	 20.36	 18.20	 38.79	 30.32	 37.78	 18.90	 18.25	 16.97	 36.27	 38.98	 20.47	 19.66	 16.44	 17.21	 35.32	 14.71	 17.05	 17.42		Elgaria_multicarinata 3
				  0.00	 34.62	  8.43	  7.79	  9.93	 37.00	  8.72	 35.33	 36.15	  6.97	 32.06	 32.85	 34.51	 36.20	  8.38	 34.86	 31.05	  6.36	 35.79	 35.67	  8.72	 30.52	 36.62	  9.90	  6.63	  6.98	  6.08	 34.62	 36.15	  7.82	 36.39	  8.98	 37.14	 36.04	  8.72	 33.09	 36.20	 36.55	 10.57	 38.40	  9.32	 32.10	 36.68	 38.40	  7.27	  7.25	 32.86	 39.40	 32.75	 33.71	  9.30	 36.67	 30.79	 36.62		Thamnophis_elegans 4
					  0.00	 37.19	 38.76	 34.43	 20.03	 37.91	 18.84	 17.67	 36.00	 33.31	 19.98	 19.02	 19.01	 35.60	 20.21	 17.70	 38.00	 19.98	 23.15	 37.54	 22.23	 18.28	 36.05	 32.08	 37.12	 39.19	  0.91	 18.58	 37.22	 20.95	 37.20	 20.28	 18.84	 36.75	 37.81	 23.36	 20.75	 39.19	 31.25	 36.30	 23.01	 19.69	 20.29	 38.86	 36.92	  5.66	 22.74	 20.22	 20.35	 36.64	 19.66	 22.76	 19.20		Aspidocelis_tigris 5
						  0.00	  6.06	 10.64	 37.02	  8.67	 40.17	 42.30	  9.17	 36.98	 36.38	 34.83	 37.29	  7.65	 36.67	 31.52	  8.65	 39.34	 36.24	  5.29	 31.50	 44.45	  8.84	  4.77	  8.87	  9.17	 37.34	 40.72	 10.86	 38.68	  9.88	 37.36	 41.74	  2.69	 38.29	 38.12	 38.30	 10.74	 43.77	  6.47	 36.78	 41.80	 39.56	  8.91	  7.61	 34.85	 41.50	 38.98	 34.67	 11.46	 38.57	 31.25	 44.45		Azemiops_feae 6
							  0.00	 11.67	 39.14	 10.60	 38.42	 39.75	  8.53	 39.20	 35.45	 37.47	 39.34	  7.75	 37.78	 34.33	  7.75	 39.76	 36.47	  8.06	 33.81	 39.76	 10.63	  3.66	  9.37	  7.76	 38.62	 40.62	  9.53	 40.74	 11.86	 41.20	 39.24	  6.55	 37.59	 37.24	 39.46	 11.49	 42.00	  8.84	 35.37	 39.29	 39.94	  9.04	  8.10	 35.59	 39.41	 38.92	 36.37	 11.40	 41.07	 32.66	 39.76		Daboia_siamensis 7
								  0.00	 37.05	 10.07	 40.04	 39.41	 12.49	 39.30	 39.05	 37.14	 37.17	 11.09	 38.26	 33.58	 10.61	 40.99	 38.15	 12.25	 33.21	 43.65	  6.64	 10.34	 10.19	 10.62	 34.36	 38.70	 11.62	 39.53	 12.13	 38.20	 39.30	 11.43	 42.32	 39.77	 37.51	 12.63	 43.01	 11.98	 35.96	 38.02	 39.17	 12.53	 12.07	 34.01	 42.97	 39.83	 36.41	 14.08	 38.92	 32.73	 42.75		Charina_bottae 8
									  0.00	 39.09	 15.67	 14.88	 39.52	 30.33	 11.49	 10.67	 12.11	 37.80	 12.13	  8.90	 42.10	 11.48	 15.76	 40.28	 14.93	 14.93	 36.41	 34.21	 37.17	 41.36	 21.97	 15.44	 38.77	 14.07	 38.29	 10.72	 15.67	 37.42	 32.12	 15.66	 11.60	 38.79	 30.32	 39.40	 21.25	 14.90	 14.60	 43.48	 36.12	 19.05	 16.88	 13.11	 10.72	 38.16	 11.11	 16.38	 14.65		Shinisaurus_crocodilurus 9
										  0.00	 38.99	 41.81	  9.67	 40.07	 38.63	 38.93	 38.04	  8.89	 40.48	 36.31	  8.41	 42.12	 38.57	  9.44	 33.60	 43.63	  8.86	  9.70	  8.63	  8.93	 39.21	 42.06	  9.04	 41.14	  5.50	 38.29	 42.55	  8.42	 40.58	 40.65	 40.06	  5.41	 45.14	 11.51	 38.95	 40.17	 40.35	  9.44	  7.15	 35.94	 48.63	 40.59	 36.99	  7.74	 39.45	 32.93	 45.45		Ophiophagus_hannah 10
											  0.00	 13.96	 41.66	 29.63	  9.66	 10.66	  8.37	 39.74	 12.38	 10.02	 40.89	 11.46	 17.78	 39.64	 16.42	 14.02	 36.54	 34.39	 40.62	 41.17	 20.49	 14.80	 37.75	  10.00	 38.19	  8.89	 14.19	 40.90	 32.68	 17.60	 15.44	 37.96	 30.40	 41.88	 23.26	 14.33	  9.57	 40.18	 36.83	 16.44	 17.70	 14.92	 14.35	 38.08	 10.36	 18.39	 13.34		Anolis_sagrei 11
												  0.00	 41.82	 33.09	  9.42	 10.65	 13.13	 37.62	 10.83	  9.50	 40.99	  9.20	 14.37	 38.93	 17.47	  5.00	 36.41	 36.00	 41.05	 41.76	 19.04	  2.00	 38.45	 12.45	 41.28	  9.39	  3.84	 40.59	 33.43	 16.59	 14.16	 40.69	 30.07	 40.90	 22.16	  8.45	 12.97	 41.44	 37.03	 17.29	 15.03	 11.52	 11.05	 38.70	 11.63	 18.31	  4.76		Lacerta_bilineata 12
													  0.00	 38.65	 38.75	 37.61	 38.64	  8.13	 39.98	 34.01	  7.65	 39.72	 38.56	 10.44	 33.86	 43.22	 12.57	  8.14	  5.62	  9.17	 36.99	 42.08	  9.81	 41.87	 11.45	 39.65	 41.71	  9.15	 40.60	 39.29	 39.63	  9.92	 44.16	 10.44	 39.20	 40.20	 40.20	  9.94	  7.88	 36.79	 42.34	 39.88	 35.61	 11.23	 39.97	 33.81	 44.11		Imantodes_cenchoa 13
														  0.00	 27.87	 27.34	 28.96	 38.58	 27.38	 25.64	 40.43	 29.16	 33.42	 36.55	 29.93	 32.74	 37.13	 33.42	 40.68	 41.36	 35.04	 32.94	 38.09	 31.01	 38.44	 29.62	 32.35	 37.69	 20.07	 33.48	 29.84	 38.59	 39.48	 38.91	 34.06	 33.02	 31.34	 39.64	 38.58	 31.55	 33.00	 28.17	 27.57	 40.41	 30.98	 30.21	 32.74		Phrynocephalus_versicolor 14
															  0.00	  5.97	 10.39	 38.15	  6.93	  4.82	 38.66	  5.04	 11.51	 37.46	 16.44	  9.43	 33.21	 31.95	 38.30	 38.00	 21.66	  9.95	 35.88	  7.91	 36.56	  6.11	 10.18	 37.07	 28.39	 12.29	 10.65	 36.94	 23.61	 37.78	 19.20	 10.97	  8.66	 37.58	 34.35	 16.70	 13.13	 10.47	  4.95	 34.58	  6.46	 16.05	  9.18		Cryptoblepharus_egeriae 15
																  0.00	  7.62	 37.04	  3.61	  2.25	 38.95	  6.22	 11.20	 35.51	 13.92	 10.68	 33.62	 32.34	 38.24	 39.70	 20.41	 11.19	 36.61	  6.93	 38.35	  4.42	 11.94	 35.89	 28.52	 13.55	 10.35	 36.98	 27.85	 36.86	 20.84	 12.20	  7.44	 37.87	 35.86	 16.68	 14.17	 10.71	  8.67	 35.63	  5.73	 14.32	 10.94		Iguana_delicatissima 16
																	  0.00	 37.27	  8.31	  7.47	 39.58	 10.64	 13.20	 37.59	 15.79	 13.41	 34.27	 34.05	 37.29	 39.52	 19.77	 13.70	 39.38	  9.54	 38.36	  8.34	 13.37	 37.99	 30.67	 13.69	 11.29	 37.44	 31.25	 38.70	 24.08	 12.92	 10.56	 38.00	 35.92	 17.81	 17.05	 13.53	 10.98	 36.78	  8.56	 16.94	 12.88		Anolis_carolinensis 17
																		  0.00	 38.14	 33.90	  7.89	 38.51	 35.06	  9.65	 33.70	 40.51	  9.87	  8.14	  6.82	  8.40	 36.17	 38.16	  8.74	 40.32	 10.13	 38.46	 38.33	  8.63	 39.47	 38.32	 37.88	 10.72	 42.89	 10.19	 37.47	 39.18	 41.24	  9.41	  7.08	 34.40	 42.42	 39.68	 36.23	 10.43	 40.08	 33.05	 41.36		Myanophis_thanlyinensis 18
																			  0.00	  4.05	 38.95	  7.92	 11.47	 36.97	 14.97	 10.85	 34.77	 33.04	 38.97	 37.30	 21.60	 11.90	 38.95	  6.88	 39.07	  5.14	 12.11	 37.77	 29.04	 12.13	 10.79	 39.35	 27.91	 38.08	 22.03	 11.90	  8.89	 37.38	 36.97	 18.73	 12.76	 11.19	  9.21	 36.33	  6.65	 15.84	  9.82		Cyclura_pinguis 19
																				  0.00	 35.60	  5.65	 11.19	 33.10	 12.93	  9.79	 32.30	 28.22	 34.28	 35.22	 17.38	 10.08	 36.82	  5.92	 34.11	  4.31	 10.64	 32.29	 25.87	 11.75	  8.30	 36.70	 26.12	 33.11	 19.16	 10.04	  5.92	 33.11	 34.23	 15.21	 11.53	 10.02	  6.30	 33.22	  4.04	 12.62	  8.93		Ctenosaura_bakeri 20
																					  0.00	 39.74	 38.49	  8.40	 35.63	 42.66	 10.39	  6.92	  6.11	  2.46	 39.72	 41.44	  9.54	 40.88	  9.89	 41.04	 40.46	  8.40	 41.04	 41.41	 40.38	  9.38	 44.08	  9.96	 37.86	 40.52	 41.38	  3.85	  7.85	 35.18	 44.30	 39.48	 36.60	 10.69	 41.77	 35.91	 43.54		Ptyas_mucosa 21
																						  0.00	 10.97	 39.64	 17.29	  8.95	 35.04	 31.99	 39.76	 42.77	 21.37	  9.72	 40.12	  9.19	 39.93	  7.62	 10.21	 38.43	 29.41	 13.64	 11.44	 39.72	 24.50	 39.25	 21.07	 12.33	  9.43	 40.18	 36.14	 17.25	 12.60	 10.72	  6.37	 38.23	  8.19	 16.89	  9.21		Lerista_edwardsae 22
																							  0.00	 36.93	 17.54	 14.45	 33.23	 33.00	 37.64	 39.07	 24.53	 14.93	 37.21	 13.85	 38.79	 12.62	 14.63	 37.32	 32.82	  7.94	 11.40	 37.47	 22.44	 37.07	 24.15	 16.58	 14.43	 36.55	 35.86	 20.26	 14.97	 14.91	 13.00	 36.80	 13.06	 18.53	 14.45		Lepidodactylus_listeri 23
																								  0.00	 34.01	 42.11	 12.30	  6.46	  9.91	  9.43	 39.24	 39.06	 11.65	 39.09	 10.40	 39.37	 40.47	  4.35	 39.05	 37.72	 39.91	 11.82	 45.41	  5.76	 38.66	 41.68	 39.14	  9.17	  9.68	 36.36	 42.23	 38.98	 36.43	 13.09	 40.11	 33.73	 42.98		Bothrops_jararaca 24
																									  0.00	 18.60	 29.91	 30.14	 34.72	 34.60	 23.58	 18.05	 33.00	 14.76	 32.49	 15.32	 17.42	 33.26	 29.79	 19.34	 16.10	 31.60	 29.78	 33.73	 21.75	 18.88	 16.46	 34.49	 30.57	 20.84	 20.44	 16.53	 17.85	 33.51	 15.82	  2.48	 18.29		Varanus_komodoensis 25
																										  0.00	 38.78	 36.84	 42.37	 43.50	 19.98	  6.69	 41.84	 12.72	 42.63	 10.51	  6.42	 43.42	 32.35	 15.97	 15.27	 41.57	 29.03	 43.79	 23.87	  7.97	 13.79	 43.12	 38.79	 17.59	 14.46	 12.01	 11.37	 38.75	 10.92	 20.08	  2.46		Podarcis_muralis 26
																											  0.00	  9.35	 10.14	 10.93	 35.66	 35.02	 10.63	 36.37	 11.97	 36.61	 34.74	  8.83	 38.00	 35.56	 35.30	 12.06	 41.90	 11.47	 35.60	 37.38	 36.01	 10.93	  9.89	 32.24	 39.21	 36.27	 31.02	 12.82	 37.42	 29.15	 37.94		Morelia_viridis 27
																												  0.00	  8.61	  7.65	 33.00	 35.04	 10.05	 32.72	  9.63	 33.35	 36.30	  4.77	 31.64	 34.80	 35.02	 10.44	 36.63	  6.45	 30.08	 36.35	 33.13	  8.15	  6.60	 30.58	 35.96	 34.42	 34.12	 10.94	 34.50	 29.56	 35.66		Vipera_latastei 28
																													  0.00	  7.12	 37.12	 40.00	 10.19	 41.68	 10.42	 41.91	 40.93	  9.12	 39.96	 38.05	 38.45	 11.01	 44.37	 10.17	 38.01	 40.56	 39.57	  8.41	  9.43	 37.92	 42.69	 37.94	 35.51	 12.08	 40.61	 33.40	 43.27		Diadophis_punctatus 29
																														  0.00	 40.49	 42.62	  9.55	 39.96	 10.42	 40.36	 41.58	  9.68	 41.35	 41.26	 40.31	 11.00	 43.59	  9.62	 38.10	 40.68	 42.60	  4.09	  9.42	 36.38	 43.33	 38.82	 37.94	 10.70	 42.30	 35.25	 42.62		Pantherophis_guttatus 30
																															  0.00	 19.95	 37.94	 21.98	 38.10	 20.60	 20.21	 37.28	 39.53	 24.41	 22.40	 39.61	 32.64	 37.61	 24.71	 21.40	 22.59	 40.15	 36.53	  5.66	 24.45	 21.87	 23.53	 37.95	 21.03	 24.11	 20.92		Aspidoscelis_marmoratus 31
																																  0.00	 39.09	 12.99	 41.10	 10.20	  4.54	 39.88	 34.27	 16.58	 15.29	 40.94	 30.45	 40.10	 22.79	 10.52	 13.52	 41.04	 36.84	 18.50	 15.87	 12.60	 10.12	 38.93	 12.17	 18.35	  6.20		Lacerta_viridis 32
																																	  0.00	 40.36	 10.32	 40.63	 39.18	 11.11	 40.61	 38.39	 38.37	 10.71	 40.53	 13.26	 35.25	 40.49	 40.43	 11.68	  9.43	 34.44	 41.79	 37.03	 35.61	 10.91	 41.00	 32.88	 41.84		Boaedon_fuliginosus 33
																																		  0.00	 38.65	  4.42	 12.40	 39.92	 30.00	 16.52	 13.58	 38.74	 28.31	 39.82	 20.60	 13.78	  4.56	 37.98	 37.90	 18.43	 14.99	 12.58	 10.62	 37.73	  4.98	 17.84	 11.80		Phrynosoma_platyrhinos 34
																																			  0.00	 39.44	 42.02	  9.88	 41.03	 38.80	 38.75	  6.37	 42.38	 11.95	 38.17	 40.08	 40.25	 11.48	  7.36	 34.80	 45.18	 38.95	 35.44	  8.73	 40.18	 32.15	 43.96		Naja_naja 35
																																				  0.00	 10.17	 38.54	 28.88	 14.28	  9.89	 39.82	 26.81	 39.80	 19.40	 11.25	  6.14	 39.49	 37.02	 18.79	 13.78	 12.56	  8.38	 36.46	  1.37	 15.32	  9.18		Sceloporus_tristichus 36
																																					  0.00	 41.32	 33.73	 16.86	 14.42	 40.58	 30.04	 41.99	 22.77	  9.18	 13.74	 40.07	 36.94	 18.15	 15.53	 12.57	 11.64	 39.43	 12.39	 19.13	  5.22		Lacerta_agilis 37
																																						  0.00	 38.67	 38.12	 39.50	 10.99	 44.10	  5.27	 38.66	 40.84	 39.98	  9.43	  6.84	 34.82	 42.67	 39.81	 34.10	 10.94	 39.69	 31.54	 44.31		Protobothrops_mucrosquamatus 38
																																							  0.00	 33.04	 33.30	 41.11	 38.55	 39.00	 36.46	 33.57	 32.03	 39.09	 40.29	 34.09	 33.95	 29.03	 29.95	 39.43	 30.70	 30.95	 32.69		Pogona_vitticeps 39
																																								  0.00	 13.44	 39.15	 25.75	 38.39	 26.44	 17.15	 16.26	 40.07	 37.48	 23.04	 16.63	 15.56	 13.89	 38.78	 15.11	 19.02	 15.97		Gekko_japonicus 40
																																									  0.00	 37.47	 28.29	 39.72	 23.53	 15.04	 13.19	 39.70	 36.17	 19.83	 15.72	 12.74	 12.38	 36.00	 11.57	 17.76	 14.58		Sphaerodactylus_townsendi 41
																																										  0.00	 40.13	 12.33	 39.53	 38.11	 38.80	 11.27	  7.91	 36.31	 42.46	 39.04	 35.88	  7.91	 39.82	 31.85	 42.90		Bungarus_multicintus 42
																																											  0.00	 43.49	 34.91	 30.21	 30.08	 42.92	 41.47	 27.74	 27.82	 26.67	 27.91	 41.13	 27.09	 29.92	 29.72		Paroedura_picta 43
																																												  0.00	 40.00	 40.56	 41.14	  9.20	  9.92	 36.69	 40.73	 41.51	 36.17	 13.32	 40.89	 34.19	 44.23		Crotalus_tigris 44
																																													  0.00	 23.36	 21.82	 39.47	 36.85	 22.27	 24.79	 21.36	 20.29	 37.77	 21.77	 22.95	 22.88		Sphenodon_punctatus 45
																																														  0.00	 15.15	 40.54	 38.73	 18.69	 16.64	 14.17	 12.04	 38.75	 11.94	 20.09	  7.72		Zootoca_vivipara 46
																																															  0.00	 40.97	 40.07	 18.41	 15.53	 12.03	 10.42	 40.22	  7.15	 18.41	 13.52		Phrynosoma_blainvillii 47
																																																  0.00	  9.15	 36.83	 44.02	 40.35	 36.65	 11.77	 40.65	 35.55	 42.25		Pituophis_catenifer 48
																																																	  0.00	 34.89	 40.69	 38.73	 31.42	  8.40	 36.62	 29.38	 39.63		Tropidonophis_doriae 49
																																																		  0.00	 21.78	 18.36	 19.24	 36.21	 18.79	 19.91	 18.49		Salvator_merianae 50
																																																			  0.00	 15.30	 14.02	 41.96	 13.66	 22.09	 13.90		Eublepharis_macularius 51
																																																				  0.00	  9.64	 38.43	 12.52	 17.50	 12.55		Hemicordylus_capensis 52
																																																					  0.00	 32.60	  8.93	 18.86	 11.24		Plestiodon_gilberti 53
																																																						  0.00	 37.62	 33.16	 40.38		Laticauda_colubrina 54
																																																							  0.00	 17.86	 10.14		Sceloporus_occidentalis 55
																																																								  0.00	 19.77		Varanus_salvator 56
																																																									  0.00		Podarci_raffonei 57
