Distance Matrix
---------------

Uncorrected for Multiple Substitutions
Using base positions 12 in the codon
Gap weighting is 0.000000

	    1	    2	    3	    4	    5	    6	    7	    8	    9	    10	    11	    12	    13	    14	    15	    16	    17	    18	    19	    20	    21	    22	    23	    24	    25	    26	    27	    28	    29	    30	    31	    32	    33	    34	    35	    36	    37	    38	    39	    40	    41	    42	    43	    44	    45	    46	    47	    48	    49	    50	    51	    52	    53	    54	    55	    56	    57
	  0.00	 26.47	 55.88	 36.27	 56.00	 32.35	 37.25	 43.14	 52.94	 26.47	 56.86	 55.10	 23.53	 51.00	 48.04	 55.88	 51.96	 33.00	 52.94	 53.92	 20.41	 55.88	 63.00	 33.33	 57.00	 50.00	 37.25	 57.84	 24.51	 18.63	 57.00	 56.12	 35.29	 52.94	 32.35	 55.88	 55.00	 30.39	 50.00	 51.00	 52.00	 28.43	 61.00	 29.41	 55.10	 56.00	 52.94	 16.00	 27.45	 54.00	 61.76	 54.00	 56.86	 36.00	 55.88	 58.00	 49.00		Arizona_elegans 1
		  0.00	 59.43	 34.91	 51.92	 29.63	 37.04	 38.89	 50.00	 27.78	 60.19	 59.80	 22.64	 47.12	 52.83	 58.33	 54.63	 28.30	 55.56	 58.33	 35.29	 56.60	 64.42	 31.48	 55.77	 50.94	 39.81	 62.04	 16.67	 29.81	 52.88	 59.80	 32.41	 56.48	 32.41	 63.89	 55.66	 32.41	 55.88	 55.66	 54.72	 29.63	 60.38	 33.33	 59.80	 60.38	 59.26	 27.45	 33.33	 52.88	 58.33	 55.77	 54.63	 38.68	 61.11	 57.55	 54.72		Thermophis_baileyi 2
			  0.00	 59.43	 43.27	 52.83	 57.55	 45.28	 42.59	 51.89	 40.57	 45.10	 50.96	 49.04	 45.37	 33.33	 40.74	 52.88	 37.04	 37.04	 56.00	 37.96	 50.00	 51.89	 43.40	 41.35	 50.00	 70.75	 54.72	 50.98	 44.23	 44.12	 56.60	 38.89	 46.23	 37.04	 43.27	 50.00	 51.96	 49.04	 53.77	 52.83	 51.92	 50.00	 50.00	 39.42	 42.59	 50.00	 51.89	 44.23	 46.23	 50.00	 42.59	 49.04	 34.26	 40.57	 38.46		Elgaria_multicarinata 3
				  0.00	 58.65	 38.68	 43.40	 43.40	 59.43	 37.74	 58.49	 60.78	 33.65	 51.92	 58.49	 55.66	 58.49	 37.50	 57.55	 57.55	 34.00	 62.26	 65.38	 44.34	 56.73	 57.69	 45.28	 60.38	 37.74	 38.24	 57.69	 58.82	 31.13	 55.66	 44.34	 61.32	 52.88	 43.40	 56.86	 52.88	 51.92	 33.02	 61.54	 42.45	 63.73	 54.81	 58.49	 38.00	 33.96	 54.81	 61.32	 53.85	 63.21	 43.27	 55.66	 60.58	 54.81		Thamnophis_elegans 4
					  0.00	 50.96	 55.77	 55.77	 27.88	 50.96	 33.65	 36.27	 52.94	 40.20	 34.62	 37.50	 35.58	 50.00	 33.65	 35.58	 60.20	 38.46	 49.02	 52.88	 45.10	 33.33	 58.65	 74.04	 52.88	 54.00	  1.92	 39.22	 45.19	 38.46	 52.88	 36.54	 34.31	 48.08	 46.00	 44.12	 41.18	 55.77	 44.12	 47.12	 44.00	 34.31	 39.42	 54.08	 52.88	 15.38	 41.35	 43.14	 42.31	 53.92	 35.58	 43.14	 33.33		Aspidocelis_tigris 5
						  0.00	 25.93	 37.96	 50.00	 29.63	 55.56	 58.82	 25.47	 45.19	 53.77	 50.93	 58.33	 28.30	 50.00	 53.70	 31.37	 48.11	 60.58	 30.56	 53.85	 53.77	 39.81	 55.56	 27.78	 30.77	 51.92	 60.78	 36.11	 50.93	 36.11	 56.48	 62.26	 25.93	 51.96	 55.66	 53.77	 37.04	 62.26	 25.00	 55.88	 56.60	 50.93	 33.33	 32.41	 56.73	 56.48	 54.81	 50.93	 42.45	 52.78	 55.66	 56.60		Azemiops_feae 6
							  0.00	 41.67	 56.48	 37.96	 59.26	 58.82	 31.13	 47.12	 59.43	 55.56	 58.33	 35.85	 53.70	 53.70	 43.14	 50.00	 59.62	 36.11	 58.65	 57.55	 38.89	 59.26	 34.26	 39.42	 54.81	 60.78	 39.81	 51.85	 38.89	 56.48	 60.38	 37.04	 54.90	 59.43	 50.94	 39.81	 63.21	 34.26	 55.88	 58.49	 53.70	 39.22	 40.74	 57.69	 59.26	 52.88	 55.56	 45.28	 54.63	 51.89	 58.49		Daboia_siamensis 7
								  0.00	 57.41	 35.19	 62.04	 60.78	 35.85	 46.15	 53.77	 57.41	 58.33	 39.62	 58.33	 54.63	 42.16	 52.83	 64.42	 37.04	 55.77	 50.94	 37.04	 61.11	 33.33	 38.46	 55.77	 56.86	 43.52	 60.19	 40.74	 59.26	 58.49	 38.89	 58.82	 63.21	 51.89	 38.89	 58.49	 40.74	 53.92	 56.60	 59.26	 39.22	 39.81	 51.92	 56.48	 54.81	 56.48	 43.40	 54.63	 50.00	 51.89		Charina_bottae 8
									  0.00	 46.30	 41.67	 42.16	 46.23	 42.31	 35.19	 43.64	 42.73	 46.23	 41.82	 42.73	 53.92	 37.04	 41.35	 56.48	 39.62	 37.74	 54.63	 70.37	 49.07	 49.04	 29.81	 45.10	 43.52	 39.09	 45.37	 38.18	 44.34	 51.85	 45.10	 38.68	 43.52	 52.78	 47.17	 50.00	 45.10	 42.45	 39.09	 46.08	 50.93	 33.65	 50.00	 39.42	 40.91	 48.11	 40.00	 41.67	 35.85		Shinisaurus_crocodilurus 9
										  0.00	 57.41	 54.90	 27.36	 43.27	 47.17	 52.78	 53.70	 34.91	 52.78	 50.00	 33.33	 49.06	 54.81	 35.19	 52.88	 52.83	 39.81	 62.96	 25.93	 27.88	 52.88	 54.90	 33.33	 48.15	 15.74	 54.63	 56.60	 34.26	 47.06	 51.89	 54.72	 20.37	 60.38	 36.11	 50.98	 56.60	 50.00	 28.43	 32.41	 50.00	 53.70	 47.12	 47.22	 24.53	 47.22	 50.00	 51.89		Ophiophagus_hannah 10
											  0.00	 35.29	 55.66	 43.27	 39.62	 34.26	 30.56	 51.89	 31.48	 31.48	 53.92	 35.85	 49.04	 67.59	 35.58	 37.74	 60.19	 75.00	 60.19	 57.69	 32.69	 36.27	 55.56	 31.48	 53.70	 34.26	 34.91	 59.26	 46.08	 48.11	 50.94	 57.41	 51.89	 57.41	 46.08	 35.85	 38.89	 60.78	 50.93	 45.19	 43.52	 48.08	 37.04	 52.83	 33.33	 39.62	 37.74		Anolis_sagrei 11
												  0.00	 56.00	 42.00	 48.04	 36.27	 38.24	 53.00	 35.29	 35.29	 56.25	 41.18	 49.00	 63.73	 40.20	 26.47	 52.94	 72.55	 56.86	 54.08	 35.29	  4.90	 53.92	 38.24	 54.90	 43.14	 17.65	 61.76	 46.94	 44.00	 47.00	 59.80	 47.00	 56.86	 46.94	 26.47	 44.12	 52.08	 50.98	 44.12	 40.20	 51.00	 45.10	 59.00	 41.18	 40.00	 22.55		Lacerta_bilineata 12
													  0.00	 44.12	 51.92	 54.72	 49.06	 27.88	 54.72	 50.00	 33.33	 50.00	 60.78	 30.19	 50.00	 49.04	 38.68	 58.49	 19.81	 27.88	 53.92	 54.00	 28.30	 51.89	 31.13	 60.38	 53.85	 30.19	 50.00	 53.85	 55.77	 29.25	 53.85	 28.30	 56.00	 54.81	 55.66	 23.53	 30.19	 55.88	 63.21	 45.10	 53.77	 37.50	 58.49	 47.12	 48.08		Imantodes_cenchoa 13
														  0.00	 48.08	 45.19	 43.27	 44.12	 43.27	 41.35	 46.94	 47.12	 48.08	 56.73	 42.16	 42.16	 49.04	 66.35	 49.04	 47.00	 41.18	 42.00	 41.35	 42.31	 47.12	 46.15	 42.16	 49.04	 46.00	 51.92	 42.31	 44.23	 48.08	 45.19	 50.00	 43.14	 46.15	 42.86	 44.23	 44.12	 41.35	 42.16	 50.96	 43.14	 48.08	 48.08	 41.18		Phrynocephalus_versicolor 14
															  0.00	 42.59	 42.59	 54.81	 46.30	 44.44	 51.00	 38.89	 52.88	 54.72	 40.57	 37.50	 60.38	 68.87	 50.00	 47.06	 36.54	 49.02	 57.55	 48.15	 50.94	 44.44	 45.19	 49.06	 40.20	 47.12	 41.51	 49.06	 45.19	 49.06	 43.14	 42.31	 46.30	 47.00	 50.00	 40.38	 44.34	 47.12	 37.96	 52.88	 46.30	 43.40	 39.42		Cryptoblepharus_egeriae 15
																  0.00	 32.73	 52.83	 12.73	 17.27	 53.92	 34.26	 46.15	 55.56	 42.45	 34.91	 58.33	 71.30	 56.48	 51.92	 37.50	 37.25	 53.70	 30.91	 50.93	 31.82	 35.85	 56.48	 45.10	 45.28	 45.37	 58.33	 44.34	 52.78	 47.06	 35.85	 30.91	 53.92	 49.07	 44.23	 41.67	 50.96	 41.82	 56.60	 28.18	 36.11	 32.08		Iguana_delicatissima 16
																	  0.00	 50.94	 29.09	 28.18	 55.88	 39.81	 48.08	 58.33	 38.68	 37.74	 54.63	 71.30	 53.70	 52.88	 36.54	 37.25	 51.85	 33.64	 50.93	 40.00	 33.02	 54.63	 47.06	 46.23	 47.22	 50.93	 45.28	 55.56	 40.20	 35.85	 36.36	 51.96	 49.07	 40.38	 38.89	 43.27	 44.55	 51.89	 39.09	 36.11	 35.85		Anolis_carolinensis 17
																		  0.00	 51.89	 54.72	 35.00	 50.00	 61.76	 40.57	 51.96	 50.96	 39.62	 57.55	 29.25	 31.37	 50.98	 53.00	 30.19	 50.94	 36.79	 52.83	 50.96	 34.91	 50.00	 54.81	 54.81	 31.13	 57.69	 28.30	 58.00	 52.88	 52.83	 32.00	 35.85	 51.96	 53.77	 51.96	 54.72	 39.42	 53.77	 52.88	 50.96		Myanophis_thanlyinensis 18
																			  0.00	 18.18	 51.96	 37.04	 41.35	 56.48	 44.34	 37.74	 54.63	 71.30	 56.48	 50.00	 34.62	 35.29	 50.00	 30.91	 50.93	 34.55	 33.96	 53.70	 45.10	 39.62	 47.22	 56.48	 36.79	 50.93	 46.08	 35.85	 32.73	 52.94	 47.22	 41.35	 37.96	 46.15	 40.00	 51.89	 29.09	 40.74	 34.91		Cyclura_pinguis 19
																				  0.00	 57.84	 37.04	 43.27	 58.33	 43.40	 36.79	 58.33	 73.15	 55.56	 51.92	 36.54	 37.25	 50.93	 32.73	 48.15	 32.73	 35.85	 58.33	 47.06	 42.45	 45.37	 54.63	 48.11	 57.41	 46.08	 35.85	 32.73	 54.90	 48.15	 40.38	 42.59	 46.15	 45.45	 52.83	 32.73	 37.04	 33.02		Ctenosaura_bakeri 20
																					  0.00	 55.00	 61.22	 37.25	 52.04	 53.00	 38.24	 53.92	 31.37	 17.00	 61.22	 55.21	 35.29	 49.02	 40.20	 58.82	 55.00	 39.22	 47.00	 51.00	 51.00	 31.37	 59.00	 37.25	 58.33	 49.00	 52.94	 20.00	 27.45	 57.14	 57.84	 56.12	 58.82	 38.00	 52.94	 55.00	 55.00		Ptyas_mucosa 21
																						  0.00	 42.31	 53.77	 43.40	 40.38	 56.60	 72.64	 52.83	 46.08	 39.42	 42.16	 51.89	 37.04	 48.11	 36.11	 45.19	 51.89	 39.22	 45.19	 46.23	 53.77	 50.00	 50.00	 44.12	 39.42	 38.89	 49.00	 50.00	 42.31	 37.74	 46.15	 22.22	 51.92	 34.26	 35.85	 39.42		Lerista_edwardsae 22
																							  0.00	 62.50	 49.02	 50.00	 59.62	 73.08	 60.58	 62.00	 50.00	 51.00	 55.77	 39.42	 54.81	 43.27	 50.98	 57.69	 45.00	 38.46	 48.08	 61.54	 50.00	 64.42	 51.96	 44.12	 39.42	 61.22	 59.62	 47.06	 50.96	 47.06	 50.00	 56.86	 43.27	 50.00	 47.06		Lepidodactylus_listeri 23
																								  0.00	 62.50	 56.60	 40.74	 60.19	 26.85	 31.73	 53.85	 64.71	 42.59	 56.48	 40.74	 62.96	 63.21	 17.59	 53.92	 63.21	 52.83	 40.74	 62.26	 26.85	 54.90	 64.15	 55.56	 34.31	 42.59	 52.88	 56.48	 57.69	 57.41	 46.23	 56.48	 54.72	 60.38		Bothrops_jararaca 24
																									  0.00	 34.62	 63.46	 70.19	 54.81	 56.00	 44.12	 37.25	 50.00	 35.85	 51.92	 43.40	 34.62	 61.54	 39.00	 48.04	 44.23	 50.96	 42.16	 56.73	 49.00	 36.54	 41.51	 55.10	 55.77	 45.10	 40.38	 40.20	 42.45	 48.04	 41.51	 25.00	 32.69		Varanus_komodoensis 25
																										  0.00	 51.89	 68.87	 48.11	 50.98	 33.33	 27.45	 47.17	 40.57	 52.83	 44.34	 24.53	 56.60	 44.00	 50.00	 46.15	 50.94	 44.23	 50.94	 47.00	 25.47	 43.40	 49.00	 45.28	 39.22	 39.62	 45.10	 44.34	 53.85	 40.57	 37.50	 11.32		Podarcis_muralis 26
																											  0.00	 62.96	 37.96	 40.38	 59.62	 53.92	 43.52	 50.00	 41.67	 53.70	 53.77	 38.89	 54.90	 52.83	 55.66	 36.11	 63.21	 37.96	 54.90	 56.60	 52.78	 39.22	 32.41	 56.73	 60.19	 51.92	 55.56	 44.34	 53.70	 59.43	 52.83		Morelia_viridis 27
																												  0.00	 57.41	 57.69	 75.00	 72.55	 61.11	 72.22	 65.74	 75.00	 69.81	 59.26	 69.61	 74.53	 66.98	 58.33	 71.70	 58.33	 71.57	 67.92	 71.30	 57.84	 58.33	 74.04	 70.37	 67.31	 74.07	 64.15	 74.07	 69.81	 69.81		Vipera_latastei 28
																													  0.00	 25.00	 54.81	 56.86	 35.19	 52.78	 33.33	 59.26	 54.72	 29.63	 49.02	 53.77	 51.89	 30.56	 57.55	 28.70	 55.88	 57.55	 51.85	 23.53	 26.85	 50.96	 58.33	 51.92	 52.78	 38.68	 55.56	 50.94	 50.00		Diadophis_punctatus 29
																														  0.00	 55.00	 55.10	 33.65	 51.92	 33.65	 57.69	 53.92	 29.81	 51.02	 49.02	 53.92	 31.73	 60.78	 27.88	 52.04	 52.94	 51.92	 12.75	 28.85	 53.00	 57.69	 53.00	 50.00	 36.27	 52.88	 53.92	 50.98		Pantherophis_guttatus 30
																															  0.00	 38.24	 47.12	 37.50	 54.81	 37.50	 33.33	 49.04	 48.00	 44.12	 40.20	 57.69	 44.12	 48.08	 44.00	 35.29	 40.38	 55.10	 54.81	 17.31	 42.31	 45.10	 43.27	 51.96	 36.54	 44.12	 33.33		Aspidoscelis_marmoratus 31
																																  0.00	 51.96	 39.22	 54.90	 44.12	 14.71	 63.73	 47.96	 46.00	 46.00	 57.84	 43.00	 58.82	 44.90	 25.49	 45.10	 51.04	 49.02	 44.12	 39.22	 49.00	 46.08	 57.00	 41.18	 37.00	 22.55		Lacerta_viridis 32
																																	  0.00	 50.00	 36.11	 54.63	 47.17	 42.59	 50.98	 51.89	 54.72	 31.48	 57.55	 37.96	 57.84	 49.06	 51.85	 34.31	 35.19	 46.15	 56.48	 48.08	 59.26	 36.79	 50.93	 53.77	 44.34		Boaedon_fuliginosus 33
																																		  0.00	 48.15	 22.73	 35.85	 58.33	 40.20	 40.57	 42.59	 49.07	 50.00	 54.63	 47.06	 36.79	 10.91	 49.02	 46.30	 43.27	 45.37	 47.12	 38.18	 45.28	 22.73	 42.59	 42.45		Phrynosoma_platyrhinos 34
																																			  0.00	 51.85	 55.66	 42.59	 48.04	 58.49	 56.60	 23.15	 57.55	 37.04	 47.06	 55.66	 50.00	 31.37	 31.48	 50.96	 54.63	 47.12	 45.37	 26.42	 46.30	 49.06	 50.00		Naja_naja 35
																																				  0.00	 42.45	 62.96	 40.20	 45.28	 42.59	 53.70	 53.77	 58.33	 39.22	 40.57	 22.73	 56.86	 53.70	 39.42	 43.52	 51.92	 41.82	 51.89	 15.45	 44.44	 41.51		Sceloporus_tristichus 36
																																					  0.00	 60.38	 47.00	 45.19	 45.19	 52.83	 43.27	 57.55	 50.00	 24.53	 40.57	 50.00	 53.77	 39.22	 41.51	 47.06	 48.11	 51.92	 40.57	 38.46	 19.81		Lacerta_agilis 37
																																						  0.00	 53.92	 57.55	 54.72	 41.67	 62.26	 20.37	 53.92	 63.21	 59.26	 31.37	 42.59	 50.00	 56.48	 52.88	 54.63	 44.34	 56.48	 58.49	 57.55		Protobothrops_mucrosquamatus 38
																																							  0.00	 44.00	 37.00	 45.10	 45.00	 50.00	 45.92	 41.00	 39.22	 53.06	 50.00	 46.00	 41.18	 45.00	 43.14	 48.00	 38.24	 38.00	 42.00		Pogona_vitticeps 39
																																								  0.00	 42.45	 55.66	 51.89	 53.77	 49.02	 46.15	 44.34	 52.00	 50.00	 45.10	 50.00	 48.04	 50.94	 52.88	 46.23	 50.00	 45.19		Gekko_japonicus 40
																																									  0.00	 51.89	 46.23	 53.77	 44.12	 45.19	 40.74	 50.00	 50.00	 37.25	 47.17	 43.14	 51.85	 49.04	 42.59	 41.67	 44.23		Sphaerodactylus_townsendi 41
																																										  0.00	 58.49	 37.96	 51.96	 55.66	 51.85	 31.37	 27.78	 50.96	 51.85	 47.12	 55.56	 26.42	 51.85	 49.06	 51.89		Bungarus_multicintus 42
																																											  0.00	 57.55	 50.98	 42.31	 49.06	 56.00	 55.66	 50.98	 39.62	 49.02	 49.06	 52.88	 54.72	 40.57	 39.42		Paroedura_picta 43
																																												  0.00	 56.86	 59.43	 54.63	 30.39	 34.26	 53.85	 54.63	 49.04	 55.56	 45.28	 54.63	 55.66	 51.89		Crotalus_tigris 44
																																													  0.00	 52.00	 44.12	 52.08	 54.90	 46.00	 48.04	 48.00	 48.04	 55.00	 42.16	 44.12	 45.00		Sphenodon_punctatus 45
																																														  0.00	 39.62	 53.00	 50.00	 39.22	 40.57	 45.10	 44.34	 56.73	 39.62	 36.54	 22.64		Zootoca_vivipara 46
																																															  0.00	 52.94	 48.15	 40.38	 46.30	 47.12	 40.00	 51.89	 24.55	 42.59	 43.40		Phrynosoma_blainvillii 47
																																																  0.00	 28.43	 52.04	 56.86	 53.06	 56.86	 34.00	 51.96	 52.00	 49.00		Pituophis_catenifer 48
																																																	  0.00	 55.77	 58.33	 49.04	 51.85	 40.57	 50.93	 53.77	 46.23		Tropidonophis_doriae 49
																																																		  0.00	 43.27	 40.20	 45.19	 49.02	 34.62	 44.12	 37.25		Salvator_merianae 50
																																																			  0.00	 48.08	 47.22	 54.72	 44.44	 42.45	 42.45		Eublepharis_macularius 51
																																																				  0.00	 46.15	 44.12	 45.19	 40.20	 40.20		Hemicordylus_capensis 52
																																																					  0.00	 44.34	 36.36	 41.67	 45.28		Plestiodon_gilberti 53
																																																						  0.00	 46.23	 50.00	 51.92		Laticauda_colubrina 54
																																																							  0.00	 38.89	 38.68		Sceloporus_occidentalis 55
																																																								  0.00	 34.62		Varanus_salvator 56
																																																									  0.00		Podarci_raffonei 57
