Distance Matrix
---------------

Uncorrected for Multiple Substitutions
Using base positions 12 in the codon
Gap weighting is 0.000000

	    1	    2	    3	    4	    5	    6	    7	    8	    9	    10	    11	    12	    13	    14	    15	    16	    17	    18	    19	    20	    21	    22	    23	    24	    25	    26	    27	    28	    29	    30	    31	    32	    33	    34	    35	    36	    37	    38	    39	    40	    41	    42	    43	    44	    45	    46	    47	    48	    49	    50	    51	    52	    53	    54	    55	    56	    57
	  0.00	 14.71	 32.38	 16.61	 33.63	 17.59	 20.33	 18.86	 33.88	 16.78	 31.40	 34.02	 13.64	 36.82	 32.35	 31.14	 31.49	 17.10	 30.21	 30.33	  9.59	 32.12	 36.20	 18.57	 32.61	 32.90	 18.09	 19.26	 13.75	  8.38	 33.74	 33.77	 17.76	 30.90	 16.20	 30.98	 34.63	 18.13	 36.56	 34.98	 35.96	 14.96	 39.13	 18.34	 35.59	 34.28	 30.33	  8.89	 16.81	 33.22	 33.94	 32.44	 33.07	 17.59	 30.28	 33.04	 32.99		Arizona_elegans 1
		  0.00	 30.69	 12.35	 32.06	 17.40	 19.62	 18.32	 32.96	 14.18	 31.10	 32.57	 10.78	 36.86	 32.11	 29.03	 30.68	 16.78	 29.39	 27.62	 15.76	 30.78	 34.05	 16.33	 31.33	 32.83	 17.78	 18.48	 11.06	 14.40	 32.28	 32.66	 16.61	 30.48	 13.95	 30.31	 33.16	 18.10	 36.43	 35.29	 34.30	 15.94	 38.65	 16.69	 36.48	 33.25	 30.39	 14.22	 15.67	 31.86	 33.56	 33.50	 32.68	 17.52	 30.00	 32.76	 32.40		Thermophis_baileyi 2
			  0.00	 32.38	 27.78	 31.36	 31.64	 27.99	 19.95	 31.81	 23.90	 24.37	 31.00	 34.23	 24.83	 22.55	 24.49	 31.85	 22.29	 22.13	 32.67	 22.42	 28.55	 32.36	 23.55	 24.70	 28.13	 31.44	 31.61	 31.72	 27.62	 24.62	 32.36	 21.77	 31.43	 23.76	 25.13	 31.68	 34.45	 28.89	 30.09	 32.40	 31.82	 31.56	 32.03	 25.30	 23.09	 31.63	 31.87	 27.77	 28.88	 25.59	 24.33	 33.68	 24.02	 24.49	 24.96		Elgaria_multicarinata 3
				  0.00	 32.66	 18.39	 19.88	 20.95	 32.73	 16.15	 30.26	 32.36	 13.41	 36.40	 31.76	 29.40	 30.52	 17.73	 29.50	 28.72	 16.49	 31.34	 33.80	 19.10	 32.55	 32.62	 19.14	 18.12	 14.53	 15.45	 32.99	 32.01	 15.75	 30.28	 16.26	 29.58	 33.91	 18.76	 37.04	 34.29	 34.97	 17.95	 40.29	 18.71	 35.38	 33.48	 28.58	 15.28	 17.47	 34.03	 32.67	 33.13	 31.41	 18.86	 29.83	 33.28	 32.87		Thamnophis_elegans 4
					  0.00	 34.03	 34.32	 31.97	 29.90	 33.07	 28.11	 29.22	 31.94	 35.06	 29.31	 26.12	 28.37	 32.43	 26.04	 27.04	 34.06	 27.93	 30.82	 32.78	 29.91	 28.62	 32.14	 32.75	 34.88	 33.98	  3.44	 29.22	 33.68	 25.79	 31.82	 26.53	 30.09	 33.65	 37.43	 32.15	 31.95	 33.51	 33.80	 33.28	 35.73	 31.12	 26.43	 33.63	 33.16	 14.97	 28.96	 28.36	 27.71	 34.18	 27.60	 30.09	 28.71		Aspidocelis_tigris 5
						  0.00	 12.59	 19.20	 31.58	 17.49	 32.66	 33.56	 17.01	 37.26	 31.92	 30.85	 30.71	 17.15	 30.10	 30.14	 19.03	 31.87	 34.91	 12.48	 32.56	 34.57	 17.81	 13.93	 16.41	 17.24	 33.70	 33.56	 19.43	 30.17	 17.69	 31.25	 34.32	 10.20	 36.26	 34.67	 35.74	 17.88	 38.65	 11.66	 35.74	 34.49	 31.27	 17.24	 18.38	 34.78	 33.76	 33.81	 32.74	 21.43	 30.34	 33.90	 34.32		Azemiops_feae 6
							  0.00	 20.53	 31.38	 18.97	 31.07	 33.42	 18.79	 37.76	 32.13	 31.76	 30.64	 19.93	 30.48	 30.98	 20.33	 32.07	 34.73	 15.55	 32.96	 34.62	 19.60	 12.18	 18.36	 19.12	 33.65	 33.42	 19.71	 29.98	 19.86	 31.46	 34.11	 14.78	 36.11	 35.21	 35.60	 19.10	 37.63	 16.18	 35.06	 34.45	 30.78	 19.12	 20.86	 35.50	 34.58	 33.08	 32.39	 22.37	 30.38	 33.82	 34.11		Daboia_siamensis 7
								  0.00	 29.59	 19.43	 28.35	 30.34	 18.01	 34.43	 29.15	 27.59	 27.93	 19.81	 27.94	 27.47	 19.28	 27.39	 32.79	 19.47	 28.13	 31.19	 12.69	 20.29	 18.27	 18.16	 32.19	 30.17	 21.71	 28.36	 18.95	 28.25	 31.02	 19.73	 36.51	 33.82	 32.74	 20.88	 36.79	 21.04	 34.75	 31.02	 27.81	 18.85	 20.56	 31.20	 33.42	 31.86	 30.76	 20.33	 27.64	 29.25	 30.51		Charina_bottae 8
									  0.00	 33.05	 24.83	 24.04	 32.00	 35.22	 23.92	 23.54	 25.59	 34.43	 22.95	 23.19	 34.42	 22.89	 27.69	 32.40	 22.33	 24.63	 29.01	 31.24	 32.99	 32.96	 29.34	 24.29	 32.88	 22.28	 33.87	 25.08	 23.79	 32.49	 36.59	 28.08	 30.74	 33.51	 31.22	 32.54	 32.61	 25.21	 23.45	 32.88	 32.99	 29.10	 30.13	 25.62	 23.88	 35.15	 24.62	 23.40	 24.38		Shinisaurus_crocodilurus 9
										  0.00	 30.14	 33.59	 14.69	 36.72	 31.35	 31.21	 30.65	 17.71	 30.46	 29.21	 17.89	 31.90	 34.11	 18.78	 32.19	 33.25	 18.90	 18.14	 15.27	 16.78	 33.62	 33.50	 19.69	 29.58	 10.17	 30.62	 33.67	 17.94	 36.41	 34.90	 34.10	 12.11	 38.21	 18.14	 35.01	 33.59	 29.34	 16.52	 16.21	 34.26	 34.48	 33.50	 32.26	 15.93	 30.31	 32.59	 33.08		Ophiophagus_hannah 10
											  0.00	 25.50	 31.12	 34.36	 23.58	 18.50	 15.14	 31.37	 17.81	 18.38	 31.31	 22.63	 26.66	 32.29	 25.00	 25.50	 27.94	 31.31	 31.48	 30.80	 29.49	 25.83	 31.45	 19.15	 31.55	 19.36	 25.75	 32.29	 35.53	 28.82	 30.00	 31.80	 31.53	 32.52	 30.10	 27.00	 19.17	 30.12	 32.54	 27.50	 27.78	 24.62	 23.21	 33.50	 20.50	 27.27	 25.33		Anolis_sagrei 11
												  0.00	 31.86	 34.53	 23.96	 23.13	 24.25	 33.42	 22.45	 22.64	 34.10	 22.44	 27.55	 32.61	 26.02	  7.83	 30.10	 31.12	 33.30	 32.74	 29.76	  1.81	 34.04	 23.01	 34.32	 24.28	  7.50	 33.45	 34.46	 30.23	 29.90	 32.44	 31.57	 32.24	 32.22	  8.90	 23.79	 32.57	 33.56	 29.30	 27.89	 25.17	 23.22	 33.73	 23.46	 25.67	  8.24		Lacerta_bilineata 12
													  0.00	 35.95	 30.89	 29.13	 30.19	 16.55	 28.89	 28.57	 14.20	 30.48	 34.34	 16.95	 31.98	 31.27	 17.73	 17.84	 10.36	 12.76	 32.00	 31.78	 16.72	 28.86	 14.12	 29.47	 32.71	 16.86	 36.73	 35.01	 34.67	 15.31	 38.18	 16.55	 35.92	 32.71	 29.22	 13.18	 15.81	 31.91	 33.42	 32.20	 31.38	 17.60	 28.74	 32.48	 31.10		Imantodes_cenchoa 13
														  0.00	 36.08	 32.36	 33.50	 37.09	 32.25	 31.98	 36.68	 33.28	 33.57	 37.29	 34.09	 34.44	 34.29	 37.24	 35.98	 36.07	 36.19	 34.10	 36.35	 31.97	 37.05	 32.64	 35.90	 37.80	 30.02	 35.59	 36.71	 36.99	 38.30	 37.35	 37.31	 34.79	 32.19	 37.31	 36.70	 34.68	 32.84	 34.13	 35.36	 37.91	 33.85	 33.88	 34.27		Phrynocephalus_versicolor 14
															  0.00	 22.92	 25.42	 32.66	 22.16	 23.03	 32.88	 16.11	 24.32	 32.32	 24.15	 24.79	 28.40	 30.63	 32.79	 31.25	 28.90	 24.05	 33.11	 23.51	 32.68	 23.19	 23.47	 32.40	 35.91	 24.75	 27.06	 32.15	 31.20	 32.54	 31.99	 24.88	 22.78	 31.08	 32.76	 29.07	 25.88	 21.36	 16.56	 33.87	 22.45	 26.18	 24.05		Cryptoblepharus_egeriae 15
																  0.00	 19.17	 30.15	  9.33	  7.98	 30.00	 19.76	 26.11	 29.22	 24.23	 22.46	 27.00	 30.25	 30.53	 29.83	 26.91	 22.96	 31.11	 17.32	 31.35	 18.72	 23.46	 30.32	 34.41	 26.94	 27.65	 30.68	 31.84	 29.44	 32.16	 24.63	 17.45	 29.91	 32.62	 27.24	 26.81	 24.08	 21.96	 33.13	 18.45	 26.31	 22.63		Iguana_delicatissima 16
																	  0.00	 30.86	 18.31	 18.38	 31.14	 22.63	 27.94	 30.69	 26.19	 24.92	 27.43	 31.08	 31.05	 30.97	 28.81	 23.83	 31.45	 19.41	 31.46	 20.45	 24.50	 30.86	 34.18	 28.91	 30.25	 30.59	 32.97	 30.91	 31.77	 26.50	 19.58	 30.46	 31.18	 28.02	 27.61	 25.88	 24.87	 33.16	 20.33	 27.02	 24.50		Anolis_carolinensis 17
																		  0.00	 30.08	 29.86	 18.31	 31.16	 35.05	 18.10	 31.16	 33.16	 18.94	 19.78	 16.01	 16.18	 32.96	 33.16	 19.88	 30.24	 16.13	 30.03	 33.75	 17.51	 37.39	 34.78	 34.75	 17.13	 38.69	 18.21	 35.19	 34.26	 30.74	 17.38	 19.17	 33.45	 34.41	 33.53	 32.09	 19.02	 29.65	 32.00	 33.33		Myanophis_thanlyinensis 18
																			  0.00	  9.02	 29.59	 20.59	 26.11	 29.24	 23.55	 22.70	 26.84	 29.80	 30.46	 30.02	 26.66	 22.29	 31.13	 16.35	 30.09	 17.68	 23.04	 29.41	 33.67	 26.94	 27.15	 30.35	 31.05	 29.20	 31.18	 24.21	 16.58	 29.07	 31.37	 26.38	 26.55	 22.91	 21.62	 32.99	 17.50	 25.72	 22.54		Cyclura_pinguis 19
																				  0.00	 29.36	 19.76	 25.99	 29.61	 24.23	 22.73	 25.13	 29.27	 29.43	 28.84	 26.93	 22.64	 30.36	 16.61	 29.78	 17.60	 23.32	 30.97	 33.13	 26.32	 27.64	 29.43	 31.66	 29.57	 30.25	 24.07	 17.06	 28.84	 31.62	 27.24	 26.19	 22.86	 21.68	 32.01	 18.07	 25.43	 22.47		Ctenosaura_bakeri 20
																					  0.00	 31.98	 35.59	 19.39	 33.30	 33.42	 18.65	 19.75	 14.52	  9.95	 34.08	 33.76	 18.67	 30.00	 16.72	 29.48	 34.69	 19.98	 36.86	 35.56	 35.30	 17.10	 39.52	 18.91	 36.39	 34.69	 29.57	  9.95	 17.50	 33.77	 33.62	 32.65	 32.76	 18.52	 29.10	 33.53	 33.67		Ptyas_mucosa 21
																						  0.00	 24.40	 31.68	 24.40	 22.94	 27.87	 30.66	 31.69	 30.42	 27.02	 22.69	 32.62	 21.34	 32.82	 21.71	 24.12	 31.16	 35.14	 24.40	 26.49	 31.60	 31.03	 32.16	 29.71	 23.28	 21.22	 30.85	 32.30	 26.59	 25.64	 21.39	 14.43	 32.56	 20.54	 25.26	 23.53		Lerista_edwardsae 22
																							  0.00	 34.79	 28.89	 28.15	 32.56	 32.92	 35.04	 34.20	 30.84	 27.13	 35.73	 25.77	 34.69	 26.83	 26.96	 34.02	 35.71	 18.89	 24.70	 34.86	 27.94	 33.99	 34.16	 27.98	 26.54	 33.68	 35.27	 30.64	 25.68	 26.99	 24.57	 36.59	 26.92	 28.99	 28.15		Lepidodactylus_listeri 23
																								  0.00	 32.28	 33.78	 18.09	 15.28	 17.12	 19.13	 33.33	 32.44	 20.56	 29.55	 18.47	 30.29	 33.87	 11.43	 36.39	 34.89	 35.53	 19.38	 38.78	 10.94	 36.80	 33.95	 30.32	 19.39	 19.51	 33.80	 33.22	 32.85	 32.63	 20.85	 29.90	 32.85	 33.61		Bothrops_jararaca 24
																									  0.00	 26.79	 29.48	 31.93	 32.64	 32.01	 29.90	 25.94	 32.70	 23.53	 33.36	 25.73	 26.62	 32.79	 37.39	 28.82	 28.84	 32.49	 32.88	 32.93	 32.00	 27.38	 24.87	 31.92	 33.25	 31.28	 29.21	 27.30	 26.91	 33.19	 25.43	  9.00	 26.79		Varanus_komodoensis 25
																										  0.00	 30.10	 31.69	 33.30	 32.31	 29.43	  7.25	 34.30	 22.92	 34.75	 24.62	  9.56	 33.78	 34.46	 29.98	 29.73	 32.35	 30.81	 33.42	 32.39	  8.73	 24.12	 32.48	 33.65	 28.35	 27.89	 25.17	 23.72	 33.64	 23.54	 26.77	  3.38		Podarcis_muralis 26
																											  0.00	 20.02	 17.21	 17.70	 32.12	 30.10	 20.89	 27.19	 17.47	 27.52	 31.04	 18.94	 36.72	 32.73	 32.68	 18.99	 37.35	 19.57	 33.76	 30.44	 26.88	 18.31	 20.15	 32.81	 32.53	 30.02	 29.42	 18.93	 27.39	 30.29	 30.27		Morelia_viridis 27
																												  0.00	 17.05	 19.52	 32.50	 31.12	 20.34	 29.73	 19.43	 31.83	 32.81	 13.93	 37.19	 32.84	 31.75	 18.84	 36.09	 15.65	 35.21	 32.02	 29.23	 19.06	 21.53	 33.53	 33.63	 32.81	 30.86	 21.14	 30.70	 32.55	 31.69		Vipera_latastei 28
																													  0.00	 13.14	 34.91	 33.39	 16.55	 29.27	 13.92	 29.79	 33.73	 16.35	 36.76	 35.46	 35.57	 14.21	 38.10	 17.07	 35.20	 33.82	 29.38	 13.83	 15.75	 34.17	 33.68	 33.30	 32.79	 16.75	 29.93	 33.19	 33.13		Diadophis_punctatus 29
																														  0.00	 34.50	 32.31	 17.13	 29.91	 16.38	 29.40	 33.25	 17.35	 37.11	 33.85	 34.96	 15.97	 38.66	 17.80	 35.79	 32.57	 29.40	  5.87	 16.47	 34.03	 32.93	 31.88	 32.34	 18.00	 28.92	 32.16	 31.97		Pantherophis_guttatus 30
																															  0.00	 29.85	 34.08	 25.30	 32.39	 26.71	 30.02	 33.67	 37.07	 31.86	 32.18	 33.54	 33.25	 33.30	 35.17	 31.03	 26.49	 34.36	 33.45	 14.24	 29.27	 28.76	 27.82	 34.87	 26.95	 30.24	 29.68		Aspidoscelis_marmoratus 31
																																  0.00	 33.79	 22.92	 34.15	 24.28	  6.92	 33.11	 34.71	 30.07	 30.15	 32.09	 31.99	 32.15	 32.97	  8.73	 23.79	 32.48	 33.39	 29.04	 28.56	 24.59	 23.55	 33.73	 23.46	 25.51	  7.83		Lacerta_viridis 32
																																	  0.00	 31.37	 18.35	 31.44	 35.07	 19.71	 37.67	 35.37	 35.79	 19.10	 39.86	 20.77	 36.36	 34.56	 30.91	 17.04	 20.50	 33.45	 34.45	 34.04	 33.28	 21.18	 30.34	 32.90	 34.64		Boaedon_fuliginosus 33
																																		  0.00	 30.50	 15.11	 23.34	 29.04	 33.53	 27.74	 29.37	 30.16	 32.50	 30.55	 30.75	 23.77	  8.83	 29.30	 30.68	 26.61	 27.22	 23.81	 22.07	 31.20	 14.94	 25.04	 23.17		Phrynosoma_platyrhinos 34
																																			  0.00	 29.12	 35.00	 18.05	 37.59	 35.47	 35.35	 12.48	 38.61	 18.17	 34.98	 35.25	 29.81	 15.87	 16.15	 33.19	 34.79	 33.05	 33.16	 14.49	 29.51	 33.93	 34.49		Naja_naja 35
																																				  0.00	 25.30	 31.23	 34.27	 27.04	 27.59	 30.59	 31.97	 30.51	 31.56	 25.63	 14.50	 28.88	 30.21	 27.85	 27.97	 25.51	 22.60	 31.19	  6.14	 25.77	 24.70		Sceloporus_tristichus 36
																																					  0.00	 33.95	 35.47	 28.98	 29.82	 32.70	 31.31	 33.33	 32.97	  9.56	 24.79	 32.91	 33.99	 28.52	 27.72	 25.75	 24.13	 34.32	 24.37	 26.77	  9.14		Lacerta_agilis 37
																																						  0.00	 36.56	 34.13	 36.04	 17.56	 38.52	 11.11	 36.55	 33.95	 30.66	 18.20	 18.65	 34.92	 34.07	 33.70	 32.21	 21.27	 30.41	 33.87	 33.87		Protobothrops_mucrosquamatus 38
																																							  0.00	 36.25	 36.76	 36.80	 37.73	 35.69	 37.99	 34.71	 33.64	 37.05	 37.18	 36.87	 36.95	 34.66	 36.23	 38.96	 34.26	 37.54	 34.38		Pogona_vitticeps 39
																																								  0.00	 25.55	 35.04	 27.83	 33.93	 33.53	 29.82	 28.45	 34.79	 35.14	 30.14	 27.33	 28.24	 25.67	 36.84	 27.78	 30.14	 30.07		Gekko_japonicus 40
																																									  0.00	 34.81	 31.28	 34.49	 34.71	 30.57	 30.05	 35.24	 35.04	 31.24	 25.93	 29.50	 28.48	 36.03	 27.98	 31.11	 29.40		Sphaerodactylus_townsendi 41
																																										  0.00	 38.33	 18.20	 35.39	 34.00	 30.12	 16.32	 17.19	 33.01	 34.97	 32.67	 32.18	 15.42	 30.16	 32.93	 32.18		Bungarus_multicintus 42
																																											  0.00	 38.67	 35.41	 31.90	 32.09	 37.89	 38.77	 32.21	 32.66	 32.49	 32.41	 40.58	 32.72	 33.36	 30.81		Paroedura_picta 43
																																												  0.00	 35.85	 33.92	 31.73	 17.55	 19.45	 33.94	 33.11	 32.99	 32.69	 20.97	 29.95	 33.42	 33.08		Crotalus_tigris 44
																																													  0.00	 32.30	 31.83	 35.53	 35.56	 34.83	 32.83	 31.61	 30.69	 36.77	 31.49	 32.35	 32.30		Sphenodon_punctatus 45
																																														  0.00	 24.71	 33.25	 34.33	 29.73	 28.48	 25.83	 24.63	 33.98	 24.54	 27.44	  9.31		Zootoca_vivipara 46
																																															  0.00	 29.06	 30.89	 26.77	 28.25	 24.25	 22.91	 31.35	 14.52	 25.38	 24.04		Phrynosoma_blainvillii 47
																																																  0.00	 16.64	 34.21	 32.16	 31.71	 31.83	 17.75	 28.41	 32.42	 31.97		Pituophis_catenifer 48
																																																	  0.00	 34.26	 34.36	 33.70	 32.79	 18.81	 29.44	 33.08	 33.39		Tropidonophis_doriae 49
																																																		  0.00	 30.05	 27.36	 28.39	 34.15	 27.24	 31.11	 28.18		Salvator_merianae 50
																																																			  0.00	 28.26	 26.13	 36.00	 27.82	 30.66	 28.06		Eublepharis_macularius 51
																																																				  0.00	 21.44	 34.16	 25.08	 27.74	 25.25		Hemicordylus_capensis 52
																																																					  0.00	 33.59	 22.41	 27.07	 24.13		Plestiodon_gilberti 53
																																																						  0.00	 31.55	 33.68	 34.15		Laticauda_colubrina 54
																																																							  0.00	 26.26	 23.71		Sceloporus_occidentalis 55
																																																								  0.00	 26.85		Varanus_salvator 56
																																																									  0.00		Podarci_raffonei 57
