Distance Matrix
---------------

Using the Tamura correction method
Using base positions 123 in the codon
Gap weighting is 0.000000

	    1	    2	    3	    4	    5	    6	    7	    8	    9	    10	    11	    12	    13	    14	    15	    16	    17	    18	    19	    20	    21	    22	    23	    24	    25	    26	    27	    28	    29	    30	    31	    32	    33	    34	    35	    36	    37	    38	    39	    40	    41	    42	    43	    44	    45	    46	    47	    48	    49	    50	    51	    52	    53	    54	    55	    56	    57
	  0.00	 51.19	 55.42	 37.75	 56.90	 56.00	 32.61	 40.49	 37.83	 38.09	 28.08	 39.12	 52.76	 43.29	 43.73	 37.53	 35.62	 52.06	 63.07	 61.56	 57.05	 42.59	 35.14	 54.31	 53.75	 55.22	 41.38	 59.55	 50.85	 18.27	 35.26	 36.25	 35.70	 64.04	 62.87	 47.66	 48.84	 37.62	 54.92	 52.83	 52.25	 60.46	 36.35	 37.11	 57.42	 46.17	 48.45	 55.43	 59.01	 60.06	 34.96	 53.03	 53.48	 34.16	 56.51	 35.89	 34.69		Python_bivittatus 1
		  0.00	 30.07	 60.75	 52.86	 53.00	 53.79	 56.86	 59.06	 56.36	 50.29	 55.46	 48.65	 37.30	 35.92	 55.83	 57.61	 46.73	 51.81	 50.95	 45.42	 38.20	 55.81	 47.41	 46.50	 47.16	 61.35	 51.62	 44.25	 50.53	 57.11	 57.83	 54.31	 57.32	 60.86	 35.50	 35.92	 55.27	 45.97	 47.32	 44.93	 61.82	 53.45	 55.71	 54.66	 42.64	 41.67	 45.00	 55.10	 57.16	 57.02	 49.07	 49.91	 52.64	 47.70	 55.30	 55.84		Anolis_carolinensis 2
			  0.00	 58.63	 52.26	 51.37	 60.22	 60.18	 61.75	 60.60	 50.82	 61.49	 45.85	 36.71	 36.08	 58.82	 59.34	 43.98	 49.15	 53.25	 43.90	 36.95	 57.37	 45.56	 47.85	 48.65	 62.16	 50.92	 42.28	 53.15	 57.19	 60.38	 55.69	 57.34	 61.23	 33.92	 35.15	 55.67	 45.15	 47.08	 43.37	 65.56	 59.93	 57.20	 50.86	 38.83	 36.66	 44.45	 54.90	 58.04	 58.76	 46.65	 48.39	 54.90	 47.35	 58.05	 57.05		Anolis_sagrei 3
				  0.00	 60.92	 60.52	 34.27	 35.15	 36.25	 31.56	 39.65	 36.48	 58.66	 52.08	 53.31	 40.05	 29.72	 58.77	 63.34	 64.83	 57.75	 54.39	 28.35	 60.63	 59.70	 61.32	 35.11	 67.96	 56.75	 35.94	 32.44	 35.09	 32.24	 71.34	 64.94	 53.24	 54.40	 19.10	 58.26	 57.55	 57.11	 67.28	 34.91	 23.20	 58.23	 53.04	 55.20	 62.45	 66.93	 66.98	 29.10	 59.34	 59.64	 33.60	 59.35	 33.13	 18.05		Arizona_elegans 4
					  0.00	 11.36	 61.97	 61.54	 62.40	 62.77	 59.16	 63.07	 54.44	 46.64	 46.44	 62.08	 64.23	 50.11	 51.99	 57.92	 51.82	 45.80	 56.81	 55.70	 55.52	 55.65	 65.64	 56.32	 52.17	 56.82	 58.54	 56.91	 60.66	 62.20	 61.01	 46.65	 46.86	 61.45	 53.68	 52.59	 51.30	 64.86	 62.53	 63.74	 31.83	 51.35	 51.72	 55.65	 59.37	 65.32	 58.67	 54.06	 53.60	 55.25	 57.48	 60.59	 58.96		Aspidocelis_tigris 5
						  0.00	 58.95	 62.12	 60.15	 61.87	 57.11	 60.85	 52.01	 44.98	 44.63	 59.54	 64.03	 49.81	 50.89	 56.69	 51.55	 44.82	 55.81	 54.14	 52.58	 54.47	 64.51	 57.42	 51.37	 56.83	 56.64	 55.26	 58.20	 60.03	 62.87	 45.63	 43.18	 61.19	 51.69	 53.16	 52.39	 61.67	 60.28	 61.58	 29.89	 48.85	 50.43	 55.91	 57.98	 64.50	 56.44	 52.97	 52.78	 52.75	 55.51	 58.17	 59.15		Aspidoscelis_marmoratus 6
							  0.00	 36.36	 27.08	 35.35	 36.84	 25.69	 56.90	 52.72	 51.82	 26.13	 31.63	 55.93	 64.31	 60.93	 58.81	 50.98	 31.47	 58.51	 58.25	 59.81	 39.39	 63.14	 57.01	 33.89	 32.07	 34.74	 33.74	 68.76	 64.39	 53.89	 52.69	 32.60	 56.89	 58.54	 57.74	 62.97	 22.12	 34.12	 59.62	 51.63	 52.58	 57.11	 59.98	 61.88	 31.40	 57.16	 57.33	 23.40	 57.59	 32.52	 31.62		Azemiops_feae 7
								  0.00	 39.68	 37.83	 41.37	 38.73	 57.25	 55.92	 58.92	 37.98	 32.88	 61.43	 62.93	 61.78	 60.57	 55.83	 33.21	 62.10	 62.75	 61.39	 38.24	 64.96	 57.96	 40.06	 37.23	 36.74	 36.63	 73.09	 67.66	 56.23	 56.48	 31.55	 60.94	 62.29	 61.20	 65.65	 38.94	 35.74	 57.87	 56.10	 56.66	 60.72	 63.80	 66.40	 33.35	 59.15	 56.31	 34.74	 61.34	 30.48	 33.00		Boaedon_fuliginosus 8
									  0.00	 40.75	 38.07	 24.50	 58.29	 52.19	 50.72	 32.07	 35.52	 59.73	 62.53	 60.57	 56.94	 50.99	 34.60	 58.26	 55.71	 57.73	 40.65	 64.04	 59.76	 36.24	 34.68	 36.78	 35.72	 70.03	 67.01	 54.11	 55.00	 38.23	 57.77	 59.39	 57.14	 65.15	 22.15	 37.61	 61.55	 51.79	 53.78	 62.06	 59.38	 65.28	 33.32	 58.02	 59.81	 26.97	 58.36	 37.67	 35.90		Bothrops_jararaca 9
										  0.00	 39.28	 38.62	 59.85	 51.72	 55.24	 38.02	 32.54	 60.74	 63.66	 65.96	 59.25	 54.78	 30.18	 56.42	 54.04	 54.86	 30.26	 65.14	 56.81	 39.29	 32.67	 28.22	 26.29	 72.16	 68.14	 55.77	 54.41	 33.49	 59.12	 56.39	 56.32	 65.07	 36.13	 33.02	 60.92	 53.56	 56.90	 60.69	 63.35	 65.53	 33.75	 59.90	 61.34	 34.22	 60.13	 34.56	 34.11		Bungarus_multicintus 10
											  0.00	 39.45	 50.25	 46.17	 47.70	 39.86	 37.87	 50.50	 59.89	 59.96	 55.09	 47.13	 33.90	 54.60	 52.67	 52.83	 41.65	 58.57	 49.26	 27.71	 37.51	 38.06	 37.39	 66.42	 60.54	 48.85	 49.37	 38.37	 56.25	 55.38	 56.05	 61.59	 38.31	 38.98	 56.31	 48.69	 47.15	 55.09	 56.18	 61.28	 36.81	 51.05	 51.98	 35.41	 53.87	 38.11	 36.86		Charina_bottae 11
												  0.00	 56.32	 50.40	 51.16	 31.82	 34.73	 56.50	 62.17	 62.77	 57.67	 49.48	 35.00	 58.27	 57.65	 59.20	 42.26	 62.99	 56.27	 37.83	 35.55	 36.68	 34.19	 71.26	 66.91	 56.35	 55.14	 35.33	 58.54	 59.12	 59.63	 62.53	 23.62	 35.56	 60.87	 51.26	 53.35	 59.49	 58.33	 64.08	 33.35	 59.04	 57.32	 28.08	 60.72	 35.78	 34.10		Crotalus_tigris 12
													  0.00	 40.04	 38.71	 58.12	 58.22	 43.43	 49.01	 45.23	 38.26	 38.17	 54.15	 42.49	 42.40	 44.69	 61.53	 44.40	 32.17	 48.46	 55.33	 59.27	 54.43	 53.75	 65.90	 42.64	 42.59	 57.29	 34.78	 43.80	 45.35	 61.63	 57.83	 60.43	 51.32	 40.25	 42.20	 44.28	 47.15	 56.33	 54.84	 46.19	 46.01	 49.16	 46.40	 55.60	 56.11		Cryptoblepharus_egeriae 13
														  0.00	 19.76	 55.02	 53.08	 38.10	 47.99	 48.90	 40.90	 17.36	 49.60	 41.25	 41.58	 42.65	 58.32	 48.05	 35.44	 44.06	 51.41	 50.99	 46.99	 57.30	 56.27	 32.76	 32.83	 53.18	 43.09	 41.86	 40.87	 56.66	 54.37	 52.34	 48.60	 33.23	 34.17	 43.34	 49.38	 54.71	 47.43	 44.27	 43.46	 44.75	 43.81	 49.16	 51.85		Ctenosaura_bakeri 14
															  0.00	 55.47	 54.00	 38.19	 45.67	 48.37	 40.51	 17.71	 50.56	 41.09	 41.04	 42.03	 60.65	 48.19	 36.95	 44.20	 52.17	 51.87	 49.48	 55.36	 57.94	 31.51	 31.62	 51.92	 41.27	 41.37	 41.11	 58.75	 50.42	 52.10	 46.16	 32.78	 33.12	 41.56	 46.61	 54.46	 50.57	 44.58	 43.90	 47.17	 45.25	 50.92	 51.46		Cyclura_pinguis 15
																  0.00	 36.21	 55.71	 64.29	 63.15	 60.47	 55.47	 35.06	 60.27	 59.19	 60.17	 42.99	 63.13	 57.62	 37.86	 37.46	 38.79	 35.83	 69.70	 69.46	 54.04	 54.12	 36.24	 58.29	 61.49	 60.68	 66.48	 29.68	 37.88	 60.11	 52.96	 53.62	 57.53	 63.56	 64.67	 37.08	 59.90	 59.62	 22.34	 58.68	 36.26	 36.11		Daboia_siamensis 16
																	  0.00	 57.33	 62.47	 63.45	 59.93	 53.77	 23.68	 59.78	 60.25	 61.37	 33.01	 64.48	 54.15	 34.76	 31.80	 31.54	 31.10	 70.51	 66.06	 52.10	 53.75	 29.23	 56.20	 58.94	 58.52	 64.83	 34.14	 29.76	 63.33	 52.72	 50.55	 61.16	 60.33	 66.71	 23.33	 60.40	 58.82	 30.48	 61.01	 29.23	 26.37		Diadophis_punctatus 17
																		  0.00	 48.83	 50.48	 46.00	 38.55	 54.50	 45.80	 43.84	 44.88	 62.05	 50.92	 39.31	 52.27	 55.54	 58.79	 54.89	 58.76	 60.64	 39.18	 38.74	 59.89	 45.23	 45.97	 45.11	 63.56	 56.84	 58.45	 48.25	 43.88	 43.38	 38.02	 50.76	 56.80	 55.77	 44.15	 44.69	 50.46	 46.47	 55.96	 54.90		Elgaria_multicarinata 18
																			  0.00	 52.10	 48.89	 46.33	 62.86	 50.82	 51.14	 52.05	 67.75	 48.11	 43.64	 59.76	 61.42	 64.88	 61.73	 60.14	 57.92	 48.19	 47.78	 58.63	 47.20	 50.63	 48.35	 67.42	 62.35	 62.66	 52.66	 48.87	 48.65	 53.55	 46.03	 58.03	 60.21	 55.29	 56.14	 57.39	 50.72	 58.63	 58.73		Eublepharis_macularius 19
																				  0.00	 48.82	 48.77	 61.64	 51.70	 52.40	 53.49	 69.83	 37.45	 46.65	 57.02	 61.29	 66.26	 62.76	 53.52	 65.35	 49.22	 49.38	 64.59	 46.80	 55.64	 54.73	 65.58	 61.56	 64.53	 56.15	 51.06	 50.50	 53.03	 46.32	 60.05	 62.38	 51.84	 53.68	 54.55	 54.42	 60.27	 59.14		Gekko_japonicus 20
																					  0.00	 40.81	 56.18	 45.73	 44.41	 45.11	 61.98	 46.04	 39.74	 53.39	 56.98	 56.34	 57.27	 56.22	 60.98	 45.27	 43.19	 57.59	 38.98	 45.23	 45.08	 59.29	 57.90	 58.46	 49.16	 44.40	 45.97	 43.93	 49.77	 55.56	 58.79	 48.36	 49.03	 49.47	 45.40	 57.35	 56.43		Hemicordylus_capensis 21
																						  0.00	 49.81	 41.10	 42.12	 43.43	 58.69	 46.21	 36.29	 43.72	 50.48	 52.63	 49.42	 54.94	 55.93	 32.81	 33.22	 53.11	 40.98	 41.46	 41.11	 57.92	 52.33	 52.99	 47.37	 34.03	 34.19	 42.44	 45.31	 54.25	 49.83	 43.02	 43.64	 45.76	 45.63	 48.62	 51.17		Iguana_delicatissima 22
																							  0.00	 58.22	 54.49	 56.08	 34.12	 62.09	 51.74	 33.84	 30.95	 29.77	 28.60	 66.89	 64.13	 48.61	 49.21	 26.96	 54.48	 56.85	 57.30	 61.83	 34.16	 28.34	 55.96	 50.02	 52.58	 59.76	 57.75	 63.45	 23.40	 54.34	 54.56	 30.97	 57.11	 26.91	 25.72		Imantodes_cenchoa 23
																								  0.00	 19.53	 20.37	 59.01	 51.20	 42.54	 52.24	 55.91	 59.72	 56.06	 57.00	 61.98	 44.99	 43.02	 59.06	 44.68	 23.97	 23.30	 62.00	 57.59	 59.63	 51.54	 43.18	 44.15	 42.51	 53.18	 57.68	 57.86	 47.69	 47.11	 50.56	 24.26	 55.82	 56.56		Lacerta_agilis 24
																									  0.00	  6.73	 60.49	 50.72	 40.15	 53.14	 55.35	 59.60	 57.51	 55.84	 62.68	 42.64	 42.23	 58.05	 42.63	 24.93	 22.73	 60.28	 58.25	 58.46	 51.50	 41.50	 43.11	 44.17	 52.64	 56.36	 56.09	 47.59	 46.09	 49.96	 24.05	 55.49	 53.56		Lacerta_bilineata 25
																										  0.00	 61.32	 51.46	 42.10	 55.34	 58.37	 59.93	 58.40	 58.03	 62.12	 43.32	 43.36	 59.43	 42.95	 23.24	 21.58	 62.54	 60.51	 58.34	 52.24	 41.82	 43.78	 44.66	 54.39	 58.80	 56.92	 49.61	 46.86	 51.94	 24.11	 55.50	 54.98		Lacerta_viridis 26
																											  0.00	 71.54	 59.14	 37.57	 35.58	 29.44	 29.92	 73.23	 67.81	 56.53	 55.77	 36.03	 62.82	 61.53	 60.78	 71.28	 40.80	 34.52	 65.23	 58.32	 55.83	 66.02	 65.86	 69.82	 33.79	 62.42	 62.88	 35.63	 62.60	 37.16	 35.70		Laticauda_colubrina 27
																												  0.00	 45.83	 60.06	 63.08	 64.27	 61.38	 51.58	 60.58	 49.36	 48.05	 63.85	 45.48	 53.78	 53.28	 65.07	 62.94	 64.04	 55.27	 49.30	 50.15	 52.97	 44.89	 57.90	 60.09	 52.82	 51.94	 53.82	 53.50	 59.83	 62.40		Lepidodactylus_listeri 28
																													  0.00	 51.00	 54.15	 58.45	 53.41	 54.23	 60.00	 40.22	 40.17	 55.23	 31.46	 42.68	 41.40	 62.22	 56.87	 56.93	 48.25	 39.12	 39.41	 43.97	 48.48	 54.10	 52.73	 45.91	 45.14	 49.68	 43.43	 52.98	 51.57		Lerista_edwardsae 29
																														  0.00	 34.19	 34.17	 34.87	 67.30	 60.69	 47.40	 47.90	 35.88	 52.97	 52.48	 52.18	 62.77	 36.29	 37.07	 57.86	 46.80	 47.82	 55.27	 56.74	 61.33	 35.22	 51.29	 52.43	 33.48	 54.30	 36.80	 33.06		Morelia_viridis 30
																															  0.00	 31.30	 30.33	 69.05	 65.47	 53.01	 52.19	 33.19	 57.22	 56.80	 56.28	 65.77	 33.05	 33.38	 60.13	 51.22	 52.17	 60.87	 60.03	 63.39	 33.18	 55.64	 54.65	 32.26	 58.99	 33.80	 29.49		Myanophis_thanlyinensis 31
																																  0.00	 22.96	 67.96	 66.13	 54.45	 54.05	 34.35	 60.41	 60.45	 59.63	 65.07	 35.08	 32.90	 60.53	 51.50	 51.84	 62.45	 63.95	 65.14	 29.55	 60.15	 58.53	 33.76	 62.54	 31.05	 32.22		Naja_naja 32
																																	  0.00	 69.93	 63.98	 52.17	 51.19	 31.09	 58.47	 55.34	 55.91	 61.62	 33.98	 32.27	 59.64	 51.00	 52.92	 58.48	 58.26	 63.30	 27.87	 55.79	 54.87	 31.11	 58.78	 29.54	 29.83		Ophiophagus_hannah 33
																																		  0.00	 68.09	 56.86	 57.45	 68.18	 58.42	 57.12	 56.73	 67.14	 72.13	 69.81	 59.49	 58.16	 56.78	 56.95	 56.57	 65.33	 68.11	 59.98	 61.52	 60.88	 57.56	 69.98	 69.50		Paroedura_picta 34
																																			  0.00	 56.03	 55.79	 66.16	 64.75	 59.51	 60.29	 54.58	 67.60	 65.76	 59.70	 59.26	 57.98	 66.50	 67.16	 70.29	 66.15	 62.72	 61.36	 61.76	 61.24	 62.33	 63.81		Phrynocephalus_versicolor 35
																																				  0.00	 16.32	 50.58	 43.09	 44.46	 42.24	 59.45	 54.79	 51.07	 48.53	 30.09	 29.84	 41.92	 53.83	 55.54	 53.30	 46.25	 43.66	 48.38	 45.03	 49.36	 50.43		Phrynosoma_blainvillii 36
																																					  0.00	 52.85	 40.18	 43.44	 41.79	 57.95	 52.21	 50.36	 46.64	 30.22	 30.31	 41.66	 51.38	 54.41	 53.40	 44.25	 44.04	 49.74	 43.13	 53.39	 52.68		Phrynosoma_platyrhinos 37
																																						  0.00	 57.56	 57.14	 57.85	 65.87	 34.96	 21.40	 58.31	 51.47	 51.96	 59.78	 63.74	 65.92	 27.81	 60.08	 58.60	 34.44	 57.83	 29.85	 15.05		Pituophis_catenifer 38
																																							  0.00	 45.43	 44.46	 64.43	 55.64	 60.48	 51.49	 42.92	 43.08	 43.70	 48.19	 54.23	 56.77	 48.26	 48.26	 52.07	 48.17	 55.59	 58.54		Plestiodon_gilberti 39
																																								  0.00	 11.56	 61.29	 59.09	 58.56	 52.09	 43.70	 44.45	 46.82	 53.62	 56.66	 57.26	 47.57	 46.64	 50.33	 21.51	 55.19	 55.47		Podarci_raffonei 40
																																									  0.00	 61.78	 57.55	 57.54	 51.50	 42.44	 44.14	 45.79	 54.89	 57.05	 58.09	 48.74	 48.34	 51.69	 21.53	 55.57	 55.00		Podarcis_muralis 41
																																										  0.00	 65.13	 63.27	 66.43	 59.11	 62.10	 63.94	 64.50	 69.78	 64.96	 64.76	 63.77	 59.49	 61.97	 63.12	 64.62		Pogona_vitticeps 42
																																											  0.00	 36.48	 63.37	 53.77	 56.30	 57.30	 61.22	 64.25	 36.10	 59.82	 57.62	 25.15	 58.68	 36.63	 33.41		Protobothrops_mucrosquamatus 43
																																												  0.00	 59.90	 50.83	 51.71	 61.31	 62.45	 67.90	 29.32	 61.81	 59.72	 34.47	 60.74	 32.43	 21.22		Ptyas_mucosa 44
																																													  0.00	 51.06	 52.12	 54.17	 58.29	 63.92	 58.39	 55.20	 54.05	 52.15	 54.89	 59.79	 60.06		Salvator_merianae 45
																																														  0.00	 14.78	 45.36	 50.60	 53.90	 51.15	 47.61	 46.16	 48.49	 43.31	 54.19	 49.60		Sceloporus_occidentalis 46
																																															  0.00	 45.32	 48.71	 56.86	 51.52	 49.96	 45.21	 49.97	 47.19	 52.70	 51.42		Sceloporus_tristichus 47
																																																  0.00	 55.83	 55.85	 61.34	 45.38	 44.14	 53.83	 48.35	 58.37	 59.79		Shinisaurus_crocodilurus 48
																																																	  0.00	 62.00	 60.54	 55.81	 52.91	 50.66	 56.25	 59.49	 59.01		Sphaerodactylus_townsendi 49
																																																		  0.00	 64.56	 58.09	 56.83	 55.26	 58.33	 63.94	 64.33		Sphenodon_punctatus 50
																																																			  0.00	 56.98	 57.13	 32.54	 58.99	 25.20	 27.09		Thermophis_baileyi 51
																																																				  0.00	 22.72	 51.78	 48.23	 57.24	 60.16		Varanus_komodoensis 52
																																																					  0.00	 51.61	 48.54	 56.62	 56.10		Varanus_salvator 53
																																																						  0.00	 51.68	 30.99	 32.69		Vipera_latastei 54
																																																							  0.00	 59.20	 57.53		Zootaca_vivipara 55
																																																								  0.00	 28.94		Thamnophis_elegans 56
																																																									  0.00		Pantherophis_guttatus 57
