Distance Matrix
---------------

Uncorrected for Multiple Substitutions
Using base positions 123 in the codon
Gap weighting is 0.000000

	    1	    2	    3	    4	    5	    6	    7	    8	    9	    10	    11	    12	    13	    14	    15	    16	    17	    18	    19	    20	    21	    22	    23	    24	    25	    26	    27	    28	    29	    30	    31	    32	    33	    34	    35	    36	    37	    38	    39	    40	    41	    42	    43	    44	    45	    46	    47	    48	    49	    50	    51	    52	    53	    54	    55	    56	    57
	  0.00	 53.64	 56.29	 44.00	 58.62	 58.62	 51.66	 54.97	 49.01	 50.99	 43.05	 48.34	 54.30	 54.97	 56.29	 47.02	 49.67	 59.60	 56.95	 61.59	 48.65	 60.26	 47.02	 54.97	 58.11	 58.78	 47.30	 60.81	 57.62	 21.19	 50.33	 49.67	 46.36	 62.91	 46.36	 52.32	 56.29	 45.58	 55.63	 57.62	 52.32	 60.40	 47.68	 41.78	 60.69	 58.94	 58.28	 54.30	 53.64	 63.09	 50.99	 60.26	 59.60	 66.89	 52.98	 49.01	 44.67		Python_bivittatus 1
		  0.00	 32.45	 57.33	 37.24	 41.38	 56.29	 52.32	 55.63	 52.98	 57.62	 54.97	 40.40	 37.09	 37.75	 55.63	 52.98	 44.37	 41.72	 48.34	 45.95	 37.09	 50.99	 34.44	 37.84	 36.49	 52.03	 55.41	 39.74	 52.98	 54.30	 51.66	 52.98	 45.03	 45.03	 39.07	 36.42	 54.42	 47.68	 38.41	 37.09	 51.68	 56.95	 56.85	 42.07	 39.07	 39.07	 41.06	 49.67	 49.66	 54.30	 43.71	 44.37	 74.83	 41.06	 58.94	 55.33		Anolis_carolinensis 2
			  0.00	 57.33	 38.62	 37.93	 50.33	 52.32	 61.59	 54.97	 58.94	 54.97	 39.74	 37.75	 34.44	 55.63	 58.28	 45.70	 43.71	 50.99	 51.35	 39.07	 57.62	 41.72	 39.19	 39.19	 47.30	 50.68	 37.75	 57.62	 52.98	 50.33	 55.63	 49.67	 43.71	 37.75	 33.11	 57.82	 41.06	 42.38	 41.06	 46.98	 54.30	 52.05	 40.69	 39.07	 34.44	 45.03	 50.33	 49.66	 58.28	 43.71	 46.36	 73.51	 44.37	 54.97	 54.00		Anolis_sagrei 3
				  0.00	 56.94	 56.25	 41.33	 38.00	 38.67	 36.67	 47.33	 36.00	 53.33	 58.67	 56.00	 44.00	 35.33	 61.33	 62.00	 54.67	 56.46	 60.67	 36.67	 59.33	 51.70	 52.38	 40.14	 63.27	 57.33	 42.67	 40.00	 37.33	 32.00	 59.33	 53.33	 56.00	 56.00	 24.49	 56.67	 54.00	 54.67	 54.05	 35.33	 26.90	 56.94	 58.00	 58.00	 58.67	 56.00	 58.11	 35.33	 62.67	 60.00	 63.33	 59.33	 40.67	 24.67		Arizona_elegans 4
					  0.00	  6.21	 50.34	 46.90	 48.28	 55.17	 53.10	 44.83	 41.38	 40.69	 42.07	 52.41	 51.03	 44.83	 42.76	 48.28	 46.48	 42.76	 52.41	 42.76	 40.14	 42.25	 50.00	 50.00	 37.93	 55.86	 48.97	 46.90	 49.66	 44.14	 44.14	 41.38	 38.62	 51.06	 46.21	 42.07	 42.07	 45.45	 46.21	 55.71	 24.65	 40.00	 37.93	 35.17	 46.90	 48.25	 51.72	 49.66	 48.28	 69.66	 42.76	 53.79	 52.78		Aspidocelis_tigris 5
						  0.00	 50.34	 49.66	 49.66	 57.24	 53.10	 46.21	 42.07	 42.76	 43.45	 52.41	 51.72	 46.90	 44.83	 50.34	 47.89	 44.14	 54.48	 42.76	 40.85	 42.96	 51.41	 53.52	 41.38	 55.86	 48.97	 48.28	 51.72	 46.21	 44.14	 44.14	 40.00	 53.19	 48.28	 44.83	 42.76	 46.15	 46.21	 57.86	 27.46	 41.38	 40.00	 37.24	 47.59	 49.65	 53.79	 48.28	 48.28	 68.97	 43.45	 53.10	 55.56		Aspidoscelis_marmoratus 6
							  0.00	 40.40	 35.10	 39.74	 43.05	 31.79	 56.95	 52.98	 52.32	 39.74	 32.45	 54.97	 59.60	 56.95	 56.76	 54.30	 34.44	 60.93	 55.41	 57.43	 43.24	 55.41	 49.67	 43.71	 39.07	 39.07	 37.09	 60.93	 47.02	 52.98	 50.99	 37.41	 56.29	 56.29	 54.30	 51.01	 30.46	 33.56	 54.48	 52.32	 53.64	 54.97	 58.94	 56.38	 39.74	 58.94	 60.26	 59.60	 59.60	 43.05	 34.67		Azemiops_feae 7
								  0.00	 47.68	 34.44	 47.02	 43.05	 55.63	 51.66	 50.99	 41.72	 39.07	 56.95	 57.62	 52.32	 52.70	 51.66	 38.41	 50.99	 51.35	 49.32	 42.57	 58.78	 50.99	 47.68	 34.44	 37.09	 39.07	 55.63	 43.05	 51.66	 49.67	 34.01	 54.97	 46.36	 51.66	 55.03	 44.37	 36.99	 45.52	 50.99	 51.66	 52.32	 52.98	 59.06	 37.75	 56.29	 57.62	 64.24	 52.32	 35.76	 34.00		Boaedon_fuliginosus 8
									  0.00	 45.70	 40.40	 29.80	 56.29	 58.94	 56.95	 41.06	 33.11	 51.66	 54.97	 61.59	 56.08	 57.62	 41.72	 59.60	 55.41	 56.76	 46.62	 52.03	 50.33	 43.71	 42.38	 42.38	 39.74	 58.94	 55.63	 56.29	 54.97	 36.05	 56.95	 58.28	 56.29	 53.02	 21.19	 36.99	 55.86	 56.95	 61.59	 55.63	 54.97	 57.05	 39.07	 61.59	 55.63	 62.25	 58.94	 46.36	 33.33		Bothrops_jararaca 9
										  0.00	 42.38	 41.06	 52.32	 57.62	 57.62	 43.05	 34.44	 56.95	 56.95	 55.63	 53.38	 58.28	 37.09	 54.30	 58.11	 56.76	 33.11	 63.51	 55.63	 46.36	 37.75	 27.81	 25.83	 58.94	 48.34	 53.64	 52.32	 35.37	 52.98	 48.34	 52.98	 48.99	 43.05	 33.56	 48.97	 57.62	 55.63	 57.62	 54.30	 52.35	 37.75	 57.62	 50.99	 62.25	 55.63	 34.44	 34.00		Bungarus_multicintus 10
											  0.00	 40.40	 58.94	 55.63	 58.94	 43.71	 41.06	 48.34	 52.98	 61.59	 54.73	 56.95	 41.06	 57.62	 60.14	 56.08	 42.57	 57.43	 54.97	 35.10	 48.34	 43.71	 42.38	 58.28	 43.71	 56.29	 54.97	 42.86	 54.30	 54.30	 57.62	 55.70	 39.74	 44.52	 53.79	 52.98	 56.29	 56.29	 50.99	 56.38	 43.05	 58.94	 56.29	 64.24	 54.97	 42.38	 40.67		Charina_bottae 11
												  0.00	 51.66	 57.62	 54.30	 37.09	 33.11	 52.98	 55.63	 55.63	 52.03	 54.97	 37.09	 55.63	 54.05	 54.73	 45.27	 53.38	 50.33	 43.05	 38.41	 40.40	 37.09	 58.28	 50.99	 54.30	 52.98	 32.65	 52.98	 55.63	 54.30	 55.03	 26.49	 35.62	 52.41	 54.97	 58.28	 52.32	 58.28	 58.39	 38.41	 62.91	 58.94	 62.91	 58.28	 41.72	 30.00		Crotalus_tigris 12
													  0.00	 45.03	 46.36	 58.28	 53.64	 47.68	 43.05	 49.67	 48.65	 43.05	 54.97	 44.37	 46.62	 47.30	 50.68	 51.35	 41.72	 57.62	 54.30	 52.32	 48.34	 47.02	 52.32	 47.02	 50.99	 48.30	 43.71	 41.06	 39.07	 46.98	 51.66	 54.11	 42.07	 45.70	 44.37	 40.40	 44.37	 49.66	 54.30	 44.37	 46.36	 71.52	 46.36	 56.29	 49.33		Cryptoblepharus_egeriae 13
														  0.00	 29.14	 54.30	 53.64	 42.38	 48.34	 48.34	 45.95	 19.21	 50.33	 37.75	 39.86	 42.57	 53.38	 43.24	 42.38	 54.97	 56.29	 50.33	 54.30	 50.99	 46.36	 35.76	 37.09	 52.38	 46.36	 39.07	 43.05	 48.99	 55.63	 58.22	 45.52	 35.76	 35.76	 43.05	 47.68	 53.02	 53.64	 47.02	 44.37	 74.17	 39.07	 56.95	 54.67		Ctenosaura_bakeri 14
															  0.00	 52.98	 59.60	 37.09	 43.05	 44.37	 48.65	 20.53	 57.62	 43.05	 42.57	 40.54	 50.00	 52.03	 39.74	 54.30	 49.67	 49.67	 50.99	 43.71	 47.68	 35.76	 34.44	 53.06	 40.40	 42.38	 45.70	 46.31	 55.63	 52.74	 42.07	 38.41	 41.72	 45.70	 45.70	 47.65	 53.64	 47.68	 43.05	 71.52	 47.02	 55.63	 52.67		Cyclura_pinguis 15
																  0.00	 40.40	 56.95	 57.62	 55.63	 54.05	 58.28	 37.75	 57.62	 54.73	 56.08	 47.97	 55.41	 50.99	 41.06	 40.40	 44.37	 42.38	 62.91	 45.70	 53.64	 50.99	 42.18	 55.63	 56.29	 57.62	 55.03	 40.40	 46.58	 53.79	 55.63	 56.29	 52.32	 50.99	 57.72	 45.03	 58.94	 58.94	 58.94	 53.64	 45.03	 44.00		Daboia_siamensis 16
																	  0.00	 55.63	 60.93	 55.63	 52.70	 57.62	 29.80	 54.30	 52.70	 55.41	 41.89	 55.41	 54.30	 41.72	 35.76	 39.07	 32.45	 54.30	 50.99	 53.64	 52.98	 27.89	 54.97	 49.67	 52.32	 52.35	 35.76	 31.51	 51.03	 52.98	 52.98	 54.30	 57.62	 55.70	 28.48	 60.26	 55.63	 61.59	 54.30	 40.40	 29.33		Diadophis_punctatus 17
																		  0.00	 47.02	 49.67	 50.68	 38.41	 51.66	 47.68	 46.62	 45.95	 48.65	 50.00	 39.74	 54.30	 50.99	 50.33	 52.98	 52.32	 50.33	 46.36	 45.70	 52.38	 47.02	 44.37	 46.36	 51.68	 53.64	 56.85	 49.66	 40.40	 44.37	 43.71	 54.30	 54.36	 55.63	 48.34	 45.70	 70.86	 46.36	 60.26	 54.00		Elgaria_multicarinata 18
																			  0.00	 51.66	 52.03	 43.05	 62.25	 45.03	 42.57	 39.19	 53.38	 52.70	 40.40	 59.60	 58.28	 54.97	 52.98	 43.71	 45.03	 46.36	 47.02	 59.86	 47.68	 47.02	 45.70	 46.31	 56.29	 58.90	 44.14	 47.02	 47.68	 46.36	 48.34	 49.66	 58.28	 42.38	 44.37	 73.51	 45.70	 62.25	 57.33		Eublepharis_macularius 19
																				  0.00	 50.68	 45.70	 58.28	 50.99	 45.27	 46.62	 55.41	 47.97	 47.02	 54.97	 56.29	 56.95	 49.67	 55.63	 54.97	 50.33	 43.71	 55.10	 50.99	 44.37	 48.34	 47.65	 58.28	 55.48	 50.34	 47.02	 47.02	 44.37	 43.05	 50.34	 54.97	 50.99	 49.01	 78.15	 49.67	 54.30	 52.00		Gekko_japonicus 20
																					  0.00	 51.35	 50.68	 44.59	 48.28	 47.59	 47.59	 47.97	 46.62	 50.68	 56.08	 49.32	 50.00	 51.35	 45.27	 52.03	 50.68	 53.47	 44.59	 43.92	 45.95	 53.42	 52.70	 57.34	 42.96	 45.95	 51.35	 45.27	 43.24	 59.59	 56.08	 47.30	 43.92	 70.27	 45.95	 54.73	 54.42		Hemicordylus_capensis 21
																						  0.00	 56.95	 42.38	 42.57	 41.89	 54.05	 50.68	 39.07	 57.62	 52.32	 52.32	 54.30	 46.36	 47.02	 34.44	 33.77	 54.42	 43.71	 41.72	 44.37	 46.98	 56.29	 56.16	 45.52	 31.79	 35.10	 46.36	 43.71	 51.01	 53.64	 44.37	 41.06	 74.17	 46.36	 55.63	 55.33		Iguana_delicatissima 22
																							  0.00	 55.63	 58.11	 56.08	 43.92	 54.05	 51.66	 43.05	 36.42	 38.41	 36.42	 58.94	 46.36	 57.62	 54.30	 30.61	 56.29	 53.64	 57.62	 53.69	 41.06	 39.73	 57.24	 58.94	 58.94	 52.32	 60.26	 59.06	 31.13	 56.29	 54.30	 61.59	 53.64	 41.06	 35.33		Imantodes_cenchoa 23
																								  0.00	 22.30	 20.27	 54.05	 52.03	 43.71	 53.64	 56.29	 54.30	 55.63	 47.68	 41.72	 45.03	 46.36	 54.42	 49.01	 25.17	 28.48	 49.66	 57.62	 58.22	 44.14	 45.70	 45.03	 43.71	 48.34	 54.36	 55.63	 43.71	 43.71	 71.52	 25.83	 56.29	 58.67		Lacerta_agilis 24
																									  0.00	  7.43	 57.24	 44.14	 39.86	 51.35	 58.78	 52.03	 48.65	 50.68	 41.89	 45.27	 42.57	 50.69	 46.62	 24.32	 27.03	 48.63	 56.76	 54.55	 46.48	 43.24	 42.57	 45.27	 47.30	 52.74	 58.78	 48.65	 44.59	 74.32	 27.70	 62.84	 53.06		Lacerta_bilineata 25
																										  0.00	 53.79	 46.90	 38.51	 51.35	 57.43	 52.70	 49.32	 46.62	 40.54	 44.59	 41.89	 52.08	 47.30	 25.68	 29.05	 49.32	 58.78	 53.85	 45.07	 43.92	 44.59	 45.27	 47.30	 50.68	 58.78	 45.95	 44.59	 74.32	 30.41	 61.49	 53.74		Lacerta_viridis 26
																											  0.00	 61.38	 51.35	 45.27	 41.89	 29.73	 28.38	 52.70	 48.65	 48.65	 43.92	 33.33	 43.92	 58.11	 56.76	 50.00	 43.24	 37.76	 45.07	 45.95	 47.97	 53.38	 52.03	 56.16	 39.19	 54.73	 52.70	 65.54	 60.81	 42.57	 31.29		Laticauda_colubrina 27
																												  0.00	 44.59	 55.41	 61.49	 57.43	 57.43	 56.76	 50.68	 50.00	 48.65	 58.33	 46.62	 49.32	 48.65	 54.79	 52.03	 58.04	 50.70	 48.65	 50.68	 47.97	 43.92	 52.05	 58.78	 53.38	 47.97	 70.95	 50.68	 64.86	 58.50		Lepidodactylus_listeri 28
																													  0.00	 54.30	 52.32	 49.01	 49.67	 48.34	 48.34	 40.40	 37.09	 48.30	 30.46	 42.38	 43.71	 44.97	 49.01	 54.11	 43.45	 36.42	 36.42	 39.74	 47.68	 51.01	 54.97	 45.70	 43.71	 72.19	 44.37	 60.93	 48.67		Lerista_edwardsae 29
																														  0.00	 43.71	 45.70	 44.37	 62.25	 46.36	 50.33	 50.33	 38.78	 54.97	 54.97	 52.98	 53.69	 41.72	 38.36	 57.24	 52.32	 53.64	 54.30	 53.64	 55.03	 43.05	 64.24	 57.62	 63.58	 54.97	 43.05	 40.00		Morelia_viridis 30
																															  0.00	 41.06	 39.74	 54.97	 48.34	 50.99	 53.64	 36.05	 53.64	 54.97	 54.30	 50.34	 39.74	 34.93	 48.97	 55.63	 56.95	 50.33	 56.29	 53.02	 29.14	 54.30	 52.98	 59.60	 54.30	 39.07	 35.33		Myanophis_thanlyinensis 31
																																  0.00	 21.19	 54.30	 48.34	 49.01	 47.02	 34.01	 45.70	 52.32	 54.30	 48.99	 40.40	 40.41	 44.83	 48.34	 50.99	 50.33	 52.98	 51.01	 37.09	 57.62	 49.67	 68.21	 56.29	 44.37	 35.33		Naja_naja 32
																																	  0.00	 58.28	 48.34	 51.66	 47.68	 33.33	 44.37	 51.66	 52.32	 48.99	 37.75	 36.99	 48.97	 48.34	 54.97	 51.66	 52.32	 51.01	 36.42	 56.95	 51.66	 65.56	 56.29	 41.72	 31.33		Ophiophagus_hannah 33
																																		  0.00	 50.99	 49.67	 52.32	 55.10	 50.33	 46.36	 49.01	 48.99	 58.28	 56.16	 46.21	 52.98	 50.33	 45.70	 47.02	 55.70	 58.28	 49.67	 47.02	 74.83	 50.33	 59.60	 57.33		Paroedura_picta 34
																																			  0.00	 50.33	 47.68	 45.58	 49.01	 45.03	 47.02	 48.99	 49.01	 49.32	 44.83	 51.66	 49.67	 46.36	 46.36	 56.38	 49.67	 53.64	 52.98	 68.21	 43.05	 53.64	 50.67		Phrynocephalus_versicolor 35
																																				  0.00	 13.25	 50.34	 37.09	 46.36	 43.71	 46.31	 56.29	 52.05	 43.45	 28.48	 27.15	 41.72	 45.70	 49.66	 56.95	 49.67	 46.36	 73.51	 45.70	 55.63	 50.00		Phrynosoma_blainvillii 36
																																					  0.00	 48.98	 35.76	 47.68	 44.37	 44.30	 55.63	 52.05	 43.45	 27.15	 26.49	 44.37	 47.68	 51.01	 56.95	 46.36	 47.02	 74.83	 47.02	 54.97	 52.00		Phrynosoma_platyrhinos 37
																																						  0.00	 55.10	 53.74	 55.10	 55.86	 34.69	 22.76	 53.90	 52.38	 54.42	 53.06	 55.10	 55.86	 27.21	 59.86	 54.42	 59.86	 55.78	 37.41	 14.97		Pituophis_catenifer 38
																																							  0.00	 47.68	 46.36	 48.99	 53.64	 54.79	 46.90	 37.09	 41.72	 45.70	 48.34	 51.68	 54.30	 48.34	 45.03	 75.50	 47.68	 60.93	 49.33		Plestiodon_gilberti 39
																																								  0.00	 15.23	 44.97	 55.63	 57.53	 40.69	 43.05	 43.05	 40.40	 49.67	 48.99	 58.28	 41.72	 42.38	 72.85	 24.50	 58.94	 56.00		Podarci_raffonei 40
																																									  0.00	 48.99	 54.30	 55.48	 43.45	 42.38	 45.03	 41.72	 49.67	 51.68	 56.95	 44.37	 45.70	 72.85	 29.14	 61.59	 54.00		Podarcis_muralis 41
																																										  0.00	 54.36	 49.31	 45.45	 46.98	 46.98	 50.34	 40.94	 47.65	 55.03	 39.60	 39.60	 69.80	 42.28	 53.69	 52.70		Pogona_vitticeps 42
																																											  0.00	 40.41	 52.41	 58.28	 60.26	 53.64	 54.97	 58.39	 36.42	 64.24	 60.26	 61.59	 58.28	 47.02	 33.33		Protobothrops_mucrosquamatus 43
																																												  0.00	 52.86	 52.74	 56.85	 58.90	 53.42	 55.56	 35.62	 58.90	 54.11	 60.27	 56.16	 33.56	 20.00		Ptyas_mucosa 44
																																													  0.00	 37.93	 38.62	 40.00	 39.31	 48.25	 55.86	 48.97	 45.52	 73.10	 46.21	 52.41	 52.78		Salvator_merianae 45
																																														  0.00	 16.56	 41.06	 46.36	 49.66	 58.94	 47.02	 42.38	 76.16	 46.36	 55.63	 54.00		Sceloporus_occidentalis 46
																																															  0.00	 43.05	 47.02	 46.98	 60.26	 49.01	 46.36	 76.82	 43.71	 58.94	 55.33		Sceloporus_tristichus 47
																																																  0.00	 46.36	 49.66	 54.97	 41.72	 45.70	 70.86	 45.70	 57.62	 56.00		Shinisaurus_crocodilurus 48
																																																	  0.00	 51.01	 58.28	 48.34	 41.72	 68.87	 49.01	 54.97	 54.00		Sphaerodactylus_townsendi 49
																																																		  0.00	 55.03	 53.02	 45.64	 71.81	 57.72	 61.07	 55.41		Sphenodon_punctatus 50
																																																			  0.00	 58.94	 60.26	 64.24	 57.62	 37.75	 27.33		Thermophis_baileyi 51
																																																				  0.00	 31.79	 70.20	 43.71	 58.28	 61.33		Varanus_komodoensis 52
																																																					  0.00	 71.52	 45.70	 57.62	 52.67		Varanus_salvator 53
																																																						  0.00	 69.54	 60.93	 63.33		Vipera_latastei 54
																																																							  0.00	 55.63	 56.67		Zootaca_vivipara 55
																																																								  0.00	 37.33		Thamnophis_elegans 56
																																																									  0.00		Pantherophis_guttatus 57
