Distance Matrix
---------------

Using the Tamura correction method
Using base positions 12 in the codon
Gap weighting is 0.000000

	    1	    2	    3	    4	    5	    6	    7	    8	    9	    10	    11	    12	    13	    14	    15	    16	    17	    18	    19	    20	    21	    22	    23	    24	    25	    26	    27	    28	    29	    30	    31	    32	    33	    34	    35	    36	    37	    38	    39	    40	    41	    42	    43	    44	    45	    46	    47	    48	    49	    50	    51	    52	    53	    54	    55	    56	    57
	  0.00	 83.41	 84.01	 49.39	 79.49	 73.76	 44.85	 52.36	 46.57	 44.53	 24.23	 53.09	 96.84	 79.82	 77.22	 58.72	 44.12	 75.53	 76.70	 75.87	 80.84	 76.42	 42.17	 91.74	 82.37	 81.29	 45.20	 86.67	 83.71	 13.30	 43.31	 43.76	 43.93	 89.26	 96.64	 79.33	 85.28	 45.16	 82.28	 91.14	 87.46	 89.29	 44.37	 42.65	 89.48	 82.61	 78.49	 78.41	 84.98	 74.36	 42.26	 85.91	 88.12	 20.24	 88.89	 43.18	 43.47		Python_bivittatus 1
		  0.00	 26.96	 88.24	 61.13	 58.02	 92.90	100.30	 93.58	 75.33	 90.41	106.19	 41.68	 27.97	 32.23	 99.08	 91.36	 40.40	 45.27	 57.80	 41.47	 33.38	 88.90	 46.03	 44.05	 43.42	103.31	 48.55	 37.01	 85.45	 83.17	 97.83	 82.29	 58.81	 53.39	 30.07	 31.70	 89.25	 42.72	 43.35	 46.63	 51.31	 96.83	 89.32	 52.67	 33.89	 30.58	 36.76	 56.54	 42.05	 87.62	 51.31	 50.68	 46.71	 49.37	 85.73	 90.34		Anolis_carolinensis 2
			  0.00	 84.91	 52.28	 52.23	 90.26	 92.86	 93.00	 73.96	 78.83	 98.53	 42.07	 29.08	 26.97	 94.25	 78.90	 40.96	 39.75	 49.14	 41.07	 31.82	 93.82	 36.25	 39.27	 39.22	 90.30	 44.54	 41.49	 76.45	 82.46	 83.99	 81.97	 53.48	 48.58	 29.56	 27.54	 86.75	 38.51	 41.09	 42.34	 53.51	 95.74	 88.13	 55.64	 31.79	 34.58	 33.35	 49.15	 44.02	 82.76	 48.67	 49.33	 53.89	 39.79	 81.58	 86.51		Anolis_sagrei 3
				  0.00	 85.53	 82.66	 34.15	 35.83	 38.24	 28.20	 43.52	 35.71	 86.98	 82.01	 78.65	 34.81	 29.29	 76.87	 75.34	 82.02	 91.87	 77.66	 31.28	 82.42	 79.29	 81.24	 33.52	 88.65	 77.66	 49.03	 34.66	 34.56	 29.92	 90.07	 88.44	 82.86	 73.40	 16.61	 80.45	 80.63	 82.75	 80.64	 34.93	 16.10	 80.81	 85.84	 81.94	 86.10	 91.93	 86.14	 25.02	 83.28	 92.50	 11.18	 87.51	 28.85	 17.46		Arizona_elegans 4
					  0.00	  5.94	 98.89	 91.65	 99.62	 83.06	 82.65	 97.34	 54.72	 47.35	 47.95	 92.97	 93.55	 60.48	 53.74	 48.47	 55.54	 50.03	 93.64	 53.76	 53.79	 54.45	 99.02	 56.31	 54.42	 85.05	 82.78	 95.27	 89.76	 68.69	 62.74	 48.64	 46.13	 95.75	 52.87	 56.01	 55.97	 68.14	103.46	 92.38	 24.61	 56.43	 56.55	 57.19	 62.47	 66.18	 90.67	 75.66	 67.27	 49.59	 63.22	 94.57	 88.07		Aspidocelis_tigris 5
						  0.00	101.15	 89.97	 99.57	 85.39	 80.33	 98.30	 55.48	 47.99	 47.33	 98.45	 94.93	 56.62	 52.29	 47.14	 54.67	 52.09	 91.92	 58.98	 55.92	 56.63	 98.91	 56.37	 53.71	 78.52	 80.08	 91.92	 92.35	 66.01	 61.89	 49.99	 46.82	 96.75	 54.35	 53.76	 54.43	 63.93	102.28	 90.59	 22.65	 56.42	 56.56	 60.96	 60.04	 62.10	 86.68	 71.00	 64.68	 49.59	 59.94	 91.22	 86.03		Aspidoscelis_marmoratus 6
							  0.00	 40.70	 21.63	 35.96	 39.80	 24.30	 81.50	 89.56	 86.88	 25.94	 31.83	 85.87	 86.15	 82.48	 86.79	 80.00	 31.25	 82.38	 85.50	 84.30	 36.98	 86.53	 78.26	 43.68	 35.88	 38.63	 35.07	 77.10	 88.02	 85.82	 83.81	 32.86	 76.28	 91.96	 89.60	 91.52	 19.48	 31.35	 94.81	 79.88	 82.72	 78.98	 81.55	 86.06	 35.89	 88.66	 89.79	  3.54	101.45	 31.46	 36.40		Azemiops_feae 7
								  0.00	 42.33	 34.03	 43.76	 41.47	 86.43	 88.47	 83.99	 42.96	 30.73	 84.75	 87.39	 80.87	 98.52	 80.46	 30.93	 94.56	 86.12	 87.16	 38.45	 88.56	 83.51	 52.12	 37.39	 33.88	 31.00	 91.33	 93.36	 77.35	 82.86	 31.80	 85.54	 89.74	 89.86	100.38	 37.76	 30.87	 86.62	 97.83	 86.29	 89.24	 81.99	 82.38	 27.39	 90.38	 95.70	 13.43	102.91	 23.15	 31.78		Boaedon_fuliginosus 8
									  0.00	 35.42	 35.72	 21.00	 89.82	 84.49	 80.12	 33.61	 35.59	 80.17	 81.48	 79.81	 89.42	 73.70	 31.97	 83.64	 85.00	 83.83	 40.47	 88.59	 73.19	 48.29	 32.39	 39.46	 34.30	 69.45	 84.27	 89.46	 91.69	 39.48	 75.98	 86.32	 86.15	 84.34	 21.33	 38.41	 89.28	 82.47	 81.24	 82.23	 74.23	 82.18	 33.60	 84.87	 90.85	  3.58	 95.97	 29.73	 35.82		Bothrops_jararaca 9
										  0.00	 39.01	 37.05	 80.63	 76.63	 76.31	 42.45	 27.99	 76.54	 72.91	 78.07	 84.18	 72.50	 28.08	 71.12	 67.80	 68.50	 37.14	 91.01	 71.59	 46.27	 32.71	 25.02	 25.80	 85.61	 85.60	 72.54	 70.20	 32.93	 70.54	 76.25	 73.46	 92.81	 33.48	 31.47	 83.63	 77.20	 73.64	 73.53	 73.06	 71.56	 26.36	 91.81	 86.21	  5.39	 82.57	 25.77	 29.85		Bungarus_multicintus 10
											  0.00	 45.84	 86.89	 77.54	 75.58	 43.66	 38.85	 77.55	 86.39	 75.31	 86.42	 68.18	 40.12	 82.14	 74.90	 76.70	 39.26	 77.92	 77.51	 26.58	 33.67	 39.75	 40.39	 81.26	 87.88	 74.55	 83.11	 40.38	 80.42	 80.24	 82.07	 84.25	 40.69	 43.84	 87.16	 75.26	 67.27	 73.88	 74.43	 74.39	 36.48	 87.16	 85.94	 13.45	 81.53	 33.20	 36.61		Charina_bottae 11
												  0.00	 93.25	 91.71	 84.93	 35.15	 36.55	 85.80	 81.62	 78.15	 89.12	 83.81	 32.54	 80.60	 84.08	 88.39	 39.34	 87.82	 85.66	 51.29	 33.65	 43.42	 39.87	 77.06	 92.53	 87.06	 82.85	 39.52	 80.23	 90.98	 85.54	 88.96	 19.16	 37.07	 87.13	 85.55	 84.70	 84.64	 88.37	 96.17	 36.00	 86.57	 93.46	  -0.00	 97.78	 35.36	 39.63		Crotalus_tigris 12
													  0.00	 36.68	 35.53	 78.81	 78.84	 52.24	 41.60	 41.44	 48.48	 34.40	 81.95	 42.26	 37.81	 39.00	 77.84	 34.36	 26.47	 87.18	 75.74	 79.66	 75.76	 55.16	 49.89	 31.14	 36.85	 84.19	 30.79	 37.27	 40.24	 49.11	 80.63	 85.96	 44.50	 35.51	 37.23	 34.90	 40.24	 44.63	 78.76	 52.57	 55.50	 40.27	 48.12	 76.93	 83.21		Cryptoblepharus_egeriae 13
														  0.00	 12.79	 93.38	 84.74	 33.47	 37.35	 45.88	 34.51	 11.52	 76.29	 36.91	 32.79	 33.37	 83.91	 38.41	 29.55	 74.43	 68.33	 83.54	 80.48	 53.41	 49.91	 20.84	 23.74	 79.73	 32.80	 36.79	 39.15	 45.25	 89.05	 84.09	 51.41	 27.62	 23.10	 30.59	 42.60	 37.85	 75.29	 49.29	 46.56	 46.47	 39.86	 83.77	 75.60		Ctenosaura_bakeri 14
															  0.00	 83.65	 82.33	 39.19	 36.73	 41.39	 39.07	 14.06	 79.20	 36.30	 32.76	 33.33	 80.41	 36.64	 26.99	 74.25	 70.83	 80.18	 71.49	 52.67	 50.59	 23.09	 25.15	 78.40	 33.90	 35.02	 35.00	 45.22	 82.20	 81.60	 47.84	 28.59	 26.49	 30.61	 40.15	 35.52	 70.89	 54.91	 49.26	 43.39	 36.77	 80.61	 76.36		Cyclura_pinguis 15
																  0.00	 41.05	 86.09	 89.91	 87.46	 84.15	 82.58	 39.02	 82.25	 82.36	 83.47	 41.20	 89.70	 77.37	 56.06	 38.84	 39.34	 34.97	 90.60	 85.57	 88.35	 85.47	 34.62	 80.35	 87.03	 83.83	 98.15	 29.98	 34.23	 91.47	 90.17	 84.92	 74.00	 87.21	 84.74	 34.70	 82.44	 87.40	  1.76	 90.64	 37.33	 36.45		Daboia_siamensis 16
																	  0.00	 81.49	 86.50	 82.22	 94.50	 76.23	 20.18	 86.07	 85.01	 83.85	 32.45	 84.05	 81.34	 44.49	 31.66	 30.86	 30.37	 75.09	 96.23	 81.34	 82.87	 26.58	 81.27	 87.86	 89.10	 90.26	 33.82	 28.39	 86.77	 81.15	 78.29	 84.70	 74.95	 84.61	 20.27	 90.42	 89.18	 13.43	 93.74	 21.43	 26.71		Diadophis_punctatus 17
																		  0.00	 44.82	 54.87	 48.68	 36.73	 76.32	 39.19	 41.69	 41.73	 81.78	 50.58	 44.23	 77.26	 72.59	 81.41	 72.65	 64.65	 55.63	 36.16	 38.59	 75.69	 37.94	 41.61	 41.58	 52.87	 82.28	 75.82	 57.12	 41.59	 37.30	 39.21	 58.53	 39.65	 76.19	 57.43	 57.17	 46.47	 38.55	 73.63	 73.73		Elgaria_multicarinata 18
																			  0.00	 44.84	 44.79	 37.30	 79.55	 45.09	 45.02	 46.48	 80.05	 45.86	 39.79	 73.68	 74.72	 80.62	 70.91	 57.34	 52.07	 36.72	 37.39	 75.02	 39.93	 43.08	 41.25	 45.97	 82.69	 71.31	 54.93	 38.07	 38.14	 44.67	 47.81	 45.33	 77.27	 50.72	 49.96	 46.61	 44.33	 78.81	 73.95		Eublepharis_macularius 19
																				  0.00	 50.08	 44.60	 73.68	 49.42	 46.50	 49.94	 80.08	 34.68	 43.25	 73.93	 76.55	 85.28	 71.17	 49.25	 57.04	 42.04	 50.15	 88.80	 45.91	 42.07	 46.69	 52.62	 78.39	 81.97	 50.54	 49.19	 44.52	 48.46	 40.20	 53.66	 75.41	 65.85	 58.55	 56.60	 47.82	 82.23	 83.62		Gekko_japonicus 20
																					  0.00	 34.48	 85.31	 46.25	 42.42	 43.82	 85.45	 51.40	 45.30	 81.59	 81.96	 87.14	 88.46	 55.98	 49.97	 37.94	 35.74	 91.43	 40.27	 41.98	 46.65	 52.80	 84.04	 85.80	 52.84	 39.66	 36.83	 42.76	 59.26	 45.97	 84.84	 47.32	 50.66	 46.51	 41.29	 91.18	 87.71		Hemicordylus_capensis 21
																						  0.00	 74.28	 34.05	 30.09	 31.71	 79.42	 38.99	 29.52	 73.26	 66.03	 72.34	 66.14	 51.96	 46.55	 19.80	 22.20	 75.62	 33.88	 32.77	 35.03	 42.71	 79.52	 75.62	 44.59	 26.03	 22.10	 31.65	 40.75	 39.68	 69.76	 49.25	 48.56	 43.39	 34.45	 75.45	 70.08		Iguana_delicatissima 22
																							  0.00	 90.58	 87.04	 87.01	 27.60	 79.92	 75.28	 42.70	 28.23	 30.69	 25.84	 73.23	 84.59	 77.20	 82.87	 25.79	 85.46	 87.20	 88.39	 88.99	 30.52	 25.54	 80.44	 86.63	 78.26	 83.58	 81.25	 85.76	 20.66	 89.21	 92.80	 13.44	 93.31	 21.42	 23.33		Imantodes_cenchoa 23
																								  0.00	 11.24	 12.52	 86.46	 47.79	 37.99	 82.57	 75.79	 80.57	 74.69	 58.96	 54.51	 32.22	 31.19	 81.07	 34.16	 20.38	 18.42	 58.48	 81.38	 80.23	 55.68	 38.81	 39.83	 38.50	 47.19	 53.52	 81.41	 55.90	 58.15	 43.36	 19.01	 78.89	 77.86		Lacerta_agilis 24
																									  0.00	  2.16	 83.06	 46.47	 33.89	 81.56	 69.49	 76.42	 71.72	 62.99	 50.15	 31.14	 30.13	 84.26	 35.72	 17.74	 17.30	 53.62	 81.61	 77.01	 47.86	 35.36	 35.13	 40.29	 41.97	 49.30	 75.52	 54.32	 52.04	 43.36	 22.57	 77.81	 78.86		Lacerta_bilineata 25
																										  0.00	 86.36	 48.53	 33.90	 80.50	 70.21	 79.45	 73.58	 63.79	 51.57	 31.15	 30.14	 84.21	 35.16	 18.18	 17.74	 56.67	 82.50	 78.00	 47.86	 35.91	 35.68	 40.30	 42.59	 49.97	 80.37	 53.59	 53.49	 43.36	 23.56	 74.88	 81.94		Lacerta_viridis 26
																											  0.00	 94.61	 79.49	 46.20	 42.53	 26.92	 28.70	 86.66	 89.08	 77.51	 78.01	 31.05	 86.07	 89.92	 89.99	 90.58	 38.74	 29.53	 90.65	 87.89	 89.49	 80.59	 80.00	 82.61	 28.11	 96.41	 95.89	 11.47	 91.97	 30.01	 32.33		Laticauda_colubrina 27
																												  0.00	 37.81	 79.17	 79.64	 94.52	 87.51	 47.85	 48.50	 38.46	 48.10	 94.92	 44.51	 47.14	 50.58	 48.48	 82.20	 90.97	 54.78	 43.90	 43.26	 41.39	 41.51	 51.24	 79.91	 56.32	 58.63	 49.83	 48.47	 80.93	 82.35		Lepidodactylus_listeri 28
																													  0.00	 79.18	 64.94	 77.18	 70.61	 54.13	 45.25	 32.26	 34.49	 74.55	 23.59	 35.56	 37.89	 42.77	 76.22	 74.60	 49.27	 33.31	 31.12	 36.11	 36.08	 38.45	 70.91	 51.53	 49.90	 43.25	 36.75	 68.86	 72.58		Lerista_edwardsae 29
																														  0.00	 45.23	 47.33	 46.00	 80.04	 95.00	 74.22	 79.55	 45.09	 77.23	 83.60	 81.45	 83.32	 47.07	 43.82	 83.31	 73.16	 73.30	 75.25	 76.51	 73.25	 42.81	 77.97	 76.80	 22.78	 83.86	 45.25	 43.96		Morelia_viridis 30
																															  0.00	 36.87	 36.05	 73.86	 80.28	 73.34	 75.39	 31.99	 73.57	 72.24	 75.72	 77.34	 33.50	 33.21	 82.18	 71.92	 70.41	 70.06	 81.94	 74.35	 28.75	 78.65	 89.47	  3.53	 88.02	 26.66	 27.64		Myanophis_thanlyinensis 31
																																  0.00	 20.24	 83.26	 89.13	 79.36	 84.90	 34.98	 80.10	 79.50	 82.61	101.71	 35.26	 31.42	 97.69	 81.12	 77.23	 89.09	 78.70	 84.48	 22.90	 93.34	 92.98	 13.63	 92.08	 25.92	 30.12		Naja_naja 32
																																	  0.00	 77.06	 83.30	 72.67	 77.66	 29.32	 76.43	 69.31	 72.85	 83.49	 36.07	 29.05	 78.46	 78.09	 68.81	 76.39	 73.89	 84.59	 22.44	 84.88	 84.10	  9.34	 85.23	 24.81	 27.19		Ophiophagus_hannah 33
																																		  0.00	 69.42	 57.18	 62.23	 87.07	 52.92	 57.38	 60.63	 57.26	 76.07	 85.41	 63.37	 50.58	 52.69	 61.80	 61.75	 65.08	 78.93	 63.47	 75.99	 56.87	 61.13	 76.12	 81.28		Paroedura_picta 34
																																			  0.00	 49.88	 48.57	 89.22	 45.87	 47.38	 48.15	 42.17	 83.17	 86.89	 61.29	 52.82	 47.27	 48.54	 52.68	 55.74	 84.50	 67.74	 63.41	 50.12	 50.82	 87.03	 85.64		Phrynocephalus_versicolor 35
																																				  0.00	 13.40	 78.75	 35.01	 33.35	 35.01	 45.23	 77.35	 75.91	 45.46	 23.56	 21.20	 27.98	 40.15	 40.89	 71.57	 48.72	 47.86	 40.52	 32.86	 74.83	 76.62		Phrynosoma_blainvillii 36
																																					  0.00	 81.20	 35.17	 33.47	 35.72	 50.08	 80.58	 78.25	 48.93	 30.58	 29.76	 29.06	 47.76	 41.54	 80.34	 52.55	 47.95	 40.52	 34.19	 79.98	 81.10		Phrynosoma_platyrhinos 37
																																						  0.00	 80.38	 83.66	 86.90	 83.79	 36.00	 16.37	 83.34	 85.70	 79.62	 77.20	 93.02	 80.55	 26.51	 79.62	 88.05	 11.28	 89.49	 26.29	 10.32		Pituophis_catenifer 38
																																							  0.00	 33.52	 31.76	 47.51	 78.98	 83.65	 50.55	 30.56	 31.72	 34.39	 44.53	 40.83	 78.20	 50.74	 49.18	 46.47	 35.08	 76.24	 79.27		Plestiodon_gilberti 39
																																								  0.00	  5.17	 48.75	 85.89	 80.09	 48.55	 33.92	 33.38	 42.12	 45.87	 49.98	 80.93	 55.78	 55.72	 43.39	 19.96	 82.66	 79.73		Podarci_raffonei 40
																																									  0.00	 49.41	 87.96	 79.13	 49.91	 35.05	 35.68	 45.32	 45.17	 49.28	 83.02	 55.04	 54.94	 43.39	 22.36	 83.47	 82.76		Podarcis_muralis 41
																																										  0.00	 83.35	 90.89	 53.57	 46.15	 42.17	 49.23	 47.10	 52.87	 83.26	 59.57	 59.45	 43.32	 46.71	 89.23	 84.87		Pogona_vitticeps 42
																																											  0.00	 32.69	 92.64	 83.60	 81.49	 80.65	 77.97	 91.79	 31.90	 82.11	 90.04	  7.32	 88.44	 31.95	 36.12		Protobothrops_mucrosquamatus 43
																																												  0.00	 83.86	 84.78	 85.19	 81.51	 84.74	 77.60	 24.53	 82.95	 88.22	  7.24	 87.26	 26.05	 17.49		Ptyas_mucosa 44
																																													  0.00	 47.82	 49.24	 57.11	 54.82	 66.31	 81.62	 58.31	 63.20	 49.64	 57.17	 88.46	 83.78		Salvator_merianae 45
																																														  0.00	 15.51	 36.09	 49.80	 42.15	 83.15	 53.68	 48.50	 46.67	 38.26	 84.62	 79.26		Sceloporus_occidentalis 46
																																															  0.00	 33.86	 46.43	 42.12	 73.31	 49.28	 43.99	 46.63	 32.90	 78.45	 73.84		Sceloporus_tristichus 47
																																																  0.00	 53.31	 42.07	 82.28	 49.96	 47.89	 40.33	 42.18	 76.45	 81.20		Shinisaurus_crocodilurus 48
																																																	  0.00	 50.12	 72.62	 63.37	 59.65	 43.25	 45.86	 78.43	 89.77		Sphaerodactylus_townsendi 49
																																																		  0.00	 79.11	 64.40	 58.33	 56.81	 52.88	 79.34	 81.53		Sphenodon_punctatus 50
																																																			  0.00	 87.09	 88.04	  7.32	 85.06	 22.24	 20.44		Thermophis_baileyi 51
																																																				  0.00	 28.40	 46.71	 55.87	 84.92	 89.51		Varanus_komodoensis 52
																																																					  0.00	 57.20	 58.87	 96.26	 89.46		Varanus_salvator 53
																																																						  0.00	 49.76	  9.23	 11.28		Vipera_latastei 54
																																																							  0.00	 89.25	 87.12		Zootaca_vivipara 55
																																																								  0.00	 26.38		Thamnophis_elegans 56
																																																									  0.00		Pantherophis_guttatus 57
