Distance Matrix
---------------

Using the Tamura correction method
Using base positions 12 in the codon
Gap weighting is 0.000000

	    1	    2	    3	    4	    5	    6	    7	    8	    9	    10	    11	    12	    13	    14	    15	    16	    17	    18	    19	    20	    21	    22	    23	    24	    25	    26	    27	    28	    29	    30	    31	    32	    33	    34	    35	    36	    37	    38	    39	    40	    41	    42	    43	    44	    45	    46	    47	    48	    49	    50	    51	    52	    53	    54	    55
	  0.00	 24.13	 24.38	  7.97	 26.95	 27.08	 10.49	 11.25	 10.15	 10.16	  6.03	 11.87	 21.84	 18.53	 21.66	 10.68	 23.82	 25.48	 25.55	 22.11	 21.89	  9.76	 23.99	 22.64	 24.02	 12.03	 25.85	 23.19	  4.14	  8.85	 10.71	  9.43	 31.71	 25.04	 22.74	 24.57	  9.79	 19.56	 22.14	 20.83	 28.79	 10.91	  9.24	 26.20	 23.84	 22.93	 22.33	 27.23	 22.08	 11.08	 24.67	 24.77	 11.79	 23.29	  9.98		Python_bivittatus 1
		  0.00	 11.86	 24.60	 23.54	 23.22	 24.94	 28.03	 25.94	 26.20	 26.24	 26.83	 16.51	  9.75	 17.74	 26.60	 18.29	 21.50	 20.03	 21.36	 15.29	 25.24	 21.61	 22.07	 23.18	 27.35	 20.83	 17.06	 23.87	 26.60	 28.81	 26.44	 24.27	 27.13	 11.83	 10.87	 26.17	 17.49	 20.28	 20.10	 29.10	 26.80	 25.05	 20.24	 12.94	 14.92	 15.86	 20.82	 20.80	 28.57	 22.16	 22.34	 25.15	 21.09	 26.23		Anolis_carolinensis 2
			  0.00	 24.53	 23.10	 23.93	 27.30	 26.70	 26.92	 26.88	 27.65	 27.86	 17.30	 12.00	 17.77	 26.80	 19.39	 21.50	 19.99	 21.12	 16.57	 26.36	 19.88	 20.32	 20.50	 27.58	 23.22	 17.12	 25.73	 26.31	 27.57	 27.56	 25.13	 23.74	 13.22	 12.62	 26.11	 16.67	 18.37	 19.02	 27.17	 28.06	 25.22	 22.02	 12.61	 12.82	 17.56	 22.30	 20.16	 27.57	 22.85	 23.72	 27.49	 20.06	 25.91		Anolis_sagrei 3
				  0.00	 24.15	 24.52	  9.07	 10.53	  7.80	  8.00	  9.61	 10.56	 21.37	 20.72	 23.62	  6.54	 25.12	 25.43	 27.56	 21.43	 22.72	  6.37	 24.83	 24.82	 25.77	 10.72	 27.68	 24.73	  9.43	  7.81	  9.83	  8.74	 32.21	 26.38	 23.14	 24.26	  5.37	 21.86	 22.95	 23.65	 30.40	  9.27	  2.96	 24.34	 24.69	 23.80	 23.60	 26.71	 22.96	  6.91	 24.87	 24.02	 10.89	 25.00	  5.03		Arizona_elegans 4
					  0.00	  1.80	 26.88	 29.44	 26.17	 24.86	 27.91	 28.16	 20.42	 17.39	 20.69	 25.37	 21.72	 23.05	 25.00	 20.48	 19.24	 24.85	 20.16	 20.16	 20.82	 27.18	 22.84	 19.45	 25.97	 26.26	 27.20	 25.35	 29.41	 28.87	 21.14	 20.48	 25.72	 17.11	 18.43	 18.84	 31.71	 28.33	 24.40	  6.96	 21.52	 21.52	 20.73	 22.10	 20.64	 26.97	 21.01	 23.00	 26.27	 18.45	 25.76		Aspidocelis_tigris 5
						  0.00	 27.49	 29.32	 27.26	 24.99	 28.29	 28.05	 19.91	 17.81	 20.61	 25.98	 21.41	 23.64	 24.89	 20.84	 19.61	 25.45	 20.98	 21.42	 22.10	 27.80	 24.57	 19.15	 25.63	 26.40	 27.82	 25.96	 28.79	 27.77	 21.50	 19.97	 26.33	 18.08	 19.22	 19.63	 32.62	 28.47	 25.00	  7.14	 21.22	 21.66	 21.08	 22.68	 20.13	 26.38	 21.85	 23.14	 25.93	 18.80	 26.85		Aspidoscelis_marmoratus 6
							  0.00	 14.14	  6.56	  9.79	 11.83	 10.02	 24.00	 21.99	 24.50	 11.27	 24.90	 27.91	 28.46	 24.76	 23.82	 10.53	 24.97	 25.90	 26.37	 13.18	 28.11	 24.28	 12.01	  9.59	 11.29	 10.53	 31.61	 29.16	 24.44	 25.81	 11.11	 23.25	 24.95	 24.49	 31.58	  6.23	 10.38	 28.74	 24.70	 24.93	 25.62	 27.62	 24.50	 11.90	 26.32	 26.59	  7.79	 24.94	 10.20		Azemiops_feae 7
								  0.00	 13.17	 12.42	 12.19	 15.13	 26.51	 23.33	 23.85	 11.06	 28.26	 31.90	 28.26	 25.45	 25.21	  9.03	 27.69	 27.89	 28.38	 11.25	 29.09	 26.56	 12.98	 12.61	 12.23	 12.19	 32.97	 28.72	 25.87	 27.54	 11.66	 26.18	 26.17	 26.89	 31.26	 14.59	 10.91	 28.85	 27.49	 27.27	 27.33	 31.32	 28.76	  9.40	 26.86	 28.27	 13.54	 25.24	 10.35		Boaedon_fuliginosus 8
									  0.00	  7.44	 12.03	  6.94	 23.57	 21.77	 22.71	 10.88	 23.58	 28.18	 28.74	 20.59	 22.07	  9.58	 24.58	 24.81	 25.05	 11.67	 27.44	 24.70	 12.05	  9.23	  9.61	  9.07	 31.37	 30.12	 23.60	 25.20	  9.80	 21.88	 23.21	 22.59	 31.46	  5.18	  9.46	 27.53	 24.52	 23.82	 25.67	 27.17	 24.99	 10.35	 25.17	 25.50	  8.51	 23.22	  9.64		Bothrops_jararaca 9
										  0.00	 10.72	 10.55	 23.76	 22.00	 22.95	  9.63	 24.89	 27.77	 27.31	 22.51	 22.06	  9.44	 25.08	 25.04	 25.99	  8.89	 26.29	 24.74	 10.72	  9.82	  7.47	  6.57	 31.39	 28.48	 23.59	 24.27	  9.08	 22.50	 22.51	 22.55	 30.89	 10.03	  8.20	 26.19	 24.47	 24.26	 25.41	 27.40	 23.40	  7.45	 24.39	 24.92	  9.94	 24.31	  8.71		Bungarus_multicintus 10
											  0.00	 13.95	 23.58	 20.78	 24.11	 11.26	 24.04	 26.18	 26.49	 22.32	 21.86	  9.96	 23.98	 23.48	 24.40	 10.89	 27.06	 22.96	  7.65	  9.23	 10.15	  9.23	 30.96	 26.63	 24.07	 25.23	 11.09	 21.98	 23.23	 23.26	 31.07	 10.51	  9.62	 27.63	 25.24	 24.76	 24.09	 29.17	 22.99	 11.09	 23.50	 24.99	 10.30	 22.82	  9.60		Charina_bottae 11
												  0.00	 24.98	 23.11	 23.16	 13.01	 23.36	 29.22	 29.28	 21.86	 22.96	 11.85	 25.52	 25.99	 26.23	 12.58	 28.18	 24.76	 12.81	 10.15	 12.62	 11.28	 32.11	 28.56	 23.80	 24.03	 12.65	 23.25	 25.97	 25.54	 32.23	  6.77	 12.10	 26.88	 24.52	 24.28	 25.22	 28.35	 24.26	 12.84	 25.15	 25.02	 10.35	 23.68	 11.70		Crotalus_tigris 12
													  0.00	  9.96	 16.24	 24.02	 16.65	 22.70	 17.10	 14.88	 13.68	 23.59	 17.94	 16.29	 17.10	 25.59	 17.87	 11.43	 22.27	 23.78	 24.24	 23.15	 25.99	 24.95	 13.31	 13.70	 24.44	 10.13	 16.25	 18.29	 27.21	 23.78	 23.13	 18.75	 13.50	 14.08	 17.46	 18.25	 19.08	 24.67	 17.03	 19.32	 22.88	 18.72	 23.57		Cryptoblepharus_egeriae 13
														  0.00	  8.09	 22.02	 14.28	 17.62	 14.43	 13.80	  4.74	 21.25	 15.28	 14.08	 15.05	 23.34	 16.57	 11.50	 18.25	 21.23	 24.65	 21.50	 22.06	 19.27	  6.77	  7.63	 23.05	  9.34	 12.88	 12.64	 25.60	 22.54	 21.79	 15.74	  8.88	  8.67	 10.40	 17.75	 14.92	 24.65	 16.06	 17.36	 21.99	 14.78	 22.32		Ctenosaura_bakeri 14
															  0.00	 24.07	 17.68	 20.47	 17.93	 18.76	  7.80	 22.94	 18.89	 18.21	 18.21	 24.06	 18.93	 16.90	 22.76	 24.05	 25.21	 23.17	 25.16	 26.43	 12.23	 11.84	 25.19	 12.76	 16.93	 17.14	 30.12	 24.06	 24.11	 19.23	 14.12	 13.14	 17.37	 20.13	 18.68	 24.08	 17.46	 21.33	 24.48	 19.47	 23.64		Cyclura_pinguis 15
																  0.00	 26.03	 27.79	 27.62	 23.47	 23.40	  6.20	 27.43	 27.38	 28.37	 11.45	 29.17	 26.13	 12.38	  9.78	 10.55	  9.61	 33.75	 29.49	 25.39	 25.63	  8.50	 23.18	 25.68	 25.95	 32.42	 11.31	  6.72	 26.25	 25.83	 25.61	 25.41	 29.31	 25.20	  7.64	 25.56	 25.60	 11.43	 25.67	  8.34		Diadophis_punctatus 16
																	  0.00	 22.95	 19.18	 17.74	 14.08	 25.35	 19.51	 17.17	 17.36	 25.38	 18.49	 16.26	 25.86	 23.12	 25.59	 25.36	 25.69	 26.19	 14.15	 14.35	 26.49	 14.48	 16.56	 17.80	 26.84	 24.25	 25.15	 18.74	 13.94	 14.50	 14.31	 20.31	 17.03	 25.82	 16.27	 17.34	 24.45	 18.23	 24.47		Elgaria_multicarinata 17
																		  0.00	 21.65	 22.98	 18.56	 28.75	 23.35	 21.30	 22.20	 28.48	 20.66	 22.64	 26.85	 27.27	 29.29	 27.14	 24.01	 28.85	 19.15	 18.30	 28.73	 19.82	 18.77	 19.23	 32.61	 28.44	 26.40	 20.44	 20.14	 19.31	 21.76	 20.38	 22.94	 29.55	 24.40	 25.85	 27.92	 21.33	 28.53		Eublepharis_macularius 18
																			  0.00	 21.10	 17.76	 27.59	 21.33	 19.54	 19.50	 28.79	 11.54	 17.35	 25.73	 26.18	 28.84	 27.15	 22.14	 26.97	 16.91	 16.70	 28.99	 16.93	 18.59	 19.02	 25.79	 28.29	 28.07	 22.60	 19.16	 18.32	 18.38	 17.58	 20.32	 28.77	 21.29	 21.32	 27.08	 20.28	 28.05		Gekko_japonicus 19
																				  0.00	 16.89	 23.22	 17.15	 17.18	 17.78	 23.86	 20.64	 15.71	 22.09	 21.01	 24.11	 21.67	 27.68	 25.80	 15.37	 16.61	 23.39	 14.19	 16.70	 16.91	 30.20	 23.43	 22.78	 19.22	 17.57	 17.56	 18.12	 21.64	 18.11	 24.09	 19.76	 19.65	 22.69	 17.54	 23.02		Hemicordylus_capensis 20
																					  0.00	 22.50	 16.64	 15.77	 16.40	 22.73	 17.90	 13.70	 22.52	 22.50	 24.06	 22.73	 23.97	 24.17	  9.41	  9.41	 24.05	 12.00	 14.74	 14.94	 27.91	 22.73	 23.21	 17.00	 12.20	 12.40	 14.34	 19.92	 16.84	 24.07	 16.41	 18.13	 21.61	 16.78	 22.07		Iguana_delicatissima 21
																						  0.00	 25.74	 25.94	 26.90	  9.04	 28.47	 24.04	 10.69	  8.51	  8.33	  8.34	 33.31	 27.10	 24.48	 25.17	  8.15	 22.31	 24.50	 24.76	 30.95	  9.41	  6.20	 26.20	 25.64	 24.50	 25.42	 28.61	 24.10	  6.72	 25.35	 24.92	 10.69	 25.44	  6.72		Imantodes_cenchoa 22
																							  0.00	  5.74	  5.90	 26.28	 22.46	 16.58	 23.27	 23.47	 25.58	 25.34	 24.75	 24.25	 16.39	 17.66	 26.41	 15.43	  9.69	  8.17	 31.40	 25.05	 25.09	 20.00	 18.42	 17.36	 18.31	 21.84	 20.04	 25.75	 21.12	 22.49	 24.55	 11.02	 25.51		Lacerta_agilis 23
																								  0.00	  1.62	 26.48	 18.42	 17.21	 23.06	 22.55	 24.59	 24.40	 24.98	 24.05	 15.17	 16.00	 26.17	 14.00	  8.02	  8.56	 29.29	 25.28	 24.81	 20.22	 17.16	 15.11	 16.42	 19.59	 18.76	 26.19	 20.18	 20.71	 24.75	 10.60	 25.50		Lacerta_bilineata 24
																									  0.00	 27.20	 18.61	 17.81	 24.45	 23.92	 26.01	 24.86	 25.42	 25.19	 15.77	 16.81	 26.64	 14.81	  8.76	  9.31	 30.07	 25.99	 25.75	 20.22	 18.20	 15.50	 17.69	 20.44	 19.62	 27.16	 19.95	 21.38	 25.44	 11.77	 26.94		Lacerta_viridis 25
																										  0.00	 27.03	 25.21	 12.58	 11.66	  7.81	  8.90	 31.68	 27.09	 24.07	 25.46	 12.41	 23.63	 25.33	 25.66	 30.76	 11.86	  9.97	 28.04	 25.45	 25.67	 26.09	 29.14	 25.02	  9.41	 23.72	 26.11	 12.58	 26.96	  9.96		Laticauda_colubrina 26
																											  0.00	 17.32	 26.09	 26.54	 28.05	 26.13	 22.92	 29.44	 16.65	 16.85	 28.11	 17.07	 19.68	 20.34	 26.12	 27.94	 27.46	 20.07	 18.46	 18.25	 18.29	 15.46	 18.34	 29.66	 19.17	 22.54	 26.99	 20.25	 27.42		Lepidodactylus_listeri 27
																												  0.00	 23.22	 23.80	 23.42	 23.00	 23.98	 25.18	 13.37	 13.57	 24.91	 10.34	 16.72	 16.69	 29.02	 24.30	 25.65	 17.99	 14.71	 15.51	 15.08	 20.13	 17.87	 25.90	 16.36	 19.97	 24.67	 16.92	 23.80		Lerista_edwardsae 28
																													  0.00	 10.32	 11.47	  9.60	 33.21	 25.96	 23.60	 24.51	 10.72	 20.63	 21.67	 21.70	 30.48	 11.47	 10.35	 25.24	 24.50	 24.04	 23.85	 27.90	 22.73	 11.83	 24.20	 25.21	 12.17	 22.58	 10.53		Morelia_viridis 29
																														  0.00	  8.69	  9.25	 30.93	 26.78	 22.90	 24.25	  9.82	 21.44	 24.06	 24.55	 29.21	  8.69	  8.01	 26.23	 24.03	 24.50	 23.37	 26.73	 21.88	  9.44	 24.42	 24.05	  9.39	 24.51	  8.37		Myanophis_thanlyinensis 30
																															  0.00	  6.59	 32.18	 26.84	 25.63	 26.82	  9.98	 22.53	 24.81	 24.65	 31.21	  9.61	  9.82	 29.57	 25.62	 25.17	 26.34	 28.41	 23.93	  9.27	 24.66	 26.67	 11.81	 25.98	  7.97		Naja_naja 31
																																  0.00	 30.27	 27.87	 24.06	 24.52	 10.01	 21.25	 23.68	 23.75	 30.50	 10.36	  8.92	 26.93	 24.72	 25.43	 24.75	 27.46	 23.49	  9.07	 23.68	 25.43	 11.25	 23.90	  9.10		Ophiophagus_hannah 32
																																	  0.00	 30.31	 22.68	 21.56	 32.43	 23.74	 25.68	 24.77	 30.18	 32.91	 32.24	 27.45	 23.50	 22.66	 25.41	 21.78	 26.43	 32.71	 28.14	 32.69	 32.13	 26.79	 31.70		Paroedura_picta 33
																																		  0.00	 21.73	 22.17	 27.55	 24.54	 21.76	 22.48	 20.94	 28.97	 26.61	 27.58	 21.74	 22.38	 24.25	 29.31	 26.57	 28.51	 25.27	 26.89	 28.48	 23.55	 26.62		Phrynocephalus_versicolor 34
																																			  0.00	  2.97	 24.47	 13.17	 14.98	 14.76	 26.96	 24.47	 24.05	 19.00	  7.27	  9.09	 12.21	 17.84	 16.84	 26.32	 17.11	 16.93	 23.54	 17.17	 23.81		Phrynosoma_blainvillii 35
																																				  0.00	 25.39	 13.77	 15.60	 15.78	 27.45	 25.38	 24.74	 18.36	  7.82	  9.65	 12.41	 18.26	 16.03	 27.28	 16.01	 16.93	 24.21	 16.75	 24.27		Phrynosoma_platyrhinos 36
																																					  0.00	 24.52	 24.72	 24.98	 31.11	 11.51	  5.35	 26.86	 26.06	 24.68	 26.56	 27.62	 24.74	  9.83	 25.09	 25.83	 12.00	 25.18	  4.14		Pituophis_catenifer 37
																																						  0.00	 14.93	 15.73	 27.36	 22.34	 22.32	 18.59	 13.33	 12.36	 13.32	 17.44	 15.85	 23.20	 15.34	 17.91	 22.73	 16.77	 23.24		Plestiodon_gilberti 38
																																							  0.00	  3.29	 26.80	 24.79	 23.41	 19.32	 15.54	 15.10	 15.81	 19.82	 19.57	 25.23	 18.59	 19.60	 23.61	  9.51	 24.75		Podarci_raffonei 39
																																								  0.00	 26.36	 25.53	 24.60	 20.36	 15.72	 15.31	 16.80	 20.32	 18.54	 26.70	 20.19	 20.70	 24.32	  9.32	 25.49		Podarcis_muralis 40
																																									  0.00	 31.23	 31.15	 30.72	 26.94	 27.45	 29.00	 29.24	 31.46	 30.97	 26.90	 28.20	 29.63	 29.63	 30.91		Pogona_vitticeps 41
																																										  0.00	 10.21	 28.52	 24.06	 24.51	 24.96	 28.33	 25.66	 10.59	 25.86	 26.41	  7.97	 24.31	  9.84		Protobothrops_mucrosquamatus 42
																																											  0.00	 25.28	 23.81	 24.05	 24.51	 27.20	 22.73	  7.63	 25.13	 25.62	 11.47	 24.32	  5.02		Ptyas_mucosa 43
																																												  0.00	 19.16	 18.94	 19.47	 21.67	 18.34	 27.63	 20.60	 22.16	 25.96	 18.05	 26.89		Salvator_merianae 44
																																													  0.00	  3.63	 15.11	 18.66	 17.64	 27.02	 16.47	 17.81	 25.13	 17.74	 24.51		Sceloporus_occidentalis 45
																																														  0.00	 15.30	 18.03	 18.46	 26.56	 17.73	 19.25	 25.58	 18.16	 24.06		Sceloporus_tristichus 46
																																															  0.00	 20.76	 18.88	 25.43	 18.82	 19.38	 23.78	 17.38	 25.19		Shinisaurus_crocodilurus 47
																																																  0.00	 20.34	 29.08	 23.67	 23.80	 28.36	 20.84	 27.42		Sphaerodactylus_townsendi 48
																																																	  0.00	 25.89	 19.18	 20.18	 22.72	 18.32	 23.87		Sphenodon_punctatus 49
																																																		  0.00	 26.55	 26.32	 11.45	 26.13	  7.99		Thermophis_baileyi 50
																																																			  0.00	  6.19	 23.68	 20.16	 22.52		Varanus_komodoensis 51
																																																				  0.00	 24.68	 22.02	 24.29		Varanus_salvator 52
																																																					  0.00	 23.85	 11.65		Vipera_latastei 53
																																																						  0.00	 25.21		Zootaca_vivipara 54
																																																							  0.00		Pantherophis_guttatus 55
