Distance Matrix
---------------

Using the Tamura correction method
Using base positions 12 in the codon
Gap weighting is 0.000000

	    1	    2	    3	    4	    5	    6	    7	    8	    9	    10	    11	    12	    13	    14	    15	    16	    17	    18	    19	    20	    21	    22	    23	    24	    25	    26	    27	    28	    29	    30	    31	    32	    33	    34	    35	    36	    37	    38	    39	    40	    41	    42	    43	    44	    45	    46	    47	    48	    49	    50	    51	    52	    53	    54	    55	    56	    57
	  0.00	 54.17	 57.79	 39.98	 58.14	 57.04	 35.02	 43.75	 39.94	 41.85	 31.53	 42.28	 52.99	 45.19	 42.95	 41.19	 38.66	 53.25	 63.34	 63.85	 57.30	 44.21	 38.72	 54.41	 54.60	 57.07	 44.44	 58.69	 51.58	 21.18	 36.71	 37.76	 36.25	 65.39	 63.83	 49.63	 51.66	 40.39	 57.75	 53.12	 53.14	 60.11	 39.26	 39.68	 58.61	 46.88	 49.58	 56.89	 59.59	 59.25	 38.68	 54.87	 54.41	 40.71	 58.89	 38.39	 35.34		Python_bivittatus 1
		  0.00	 31.17	 61.37	 55.01	 56.30	 54.95	 60.11	 62.64	 58.81	 52.76	 58.18	 50.91	 41.48	 39.01	 58.13	 62.97	 50.58	 54.82	 53.18	 46.05	 43.14	 59.00	 49.29	 49.60	 51.51	 63.25	 54.89	 45.85	 52.91	 59.51	 61.24	 57.48	 59.31	 60.88	 37.80	 37.91	 56.75	 47.27	 49.87	 44.76	 62.90	 54.35	 57.69	 56.84	 48.24	 47.01	 47.96	 58.70	 59.28	 61.67	 50.67	 52.58	 56.21	 47.56	 59.22	 58.00		Anolis_carolinensis 2
			  0.00	 59.67	 54.22	 52.86	 60.55	 62.17	 63.40	 62.17	 52.03	 62.42	 49.66	 40.32	 40.54	 59.15	 62.13	 45.87	 51.49	 54.48	 45.40	 41.01	 60.11	 46.01	 49.83	 49.43	 61.76	 54.34	 44.06	 54.47	 58.80	 63.62	 59.27	 61.16	 59.53	 35.32	 37.76	 56.52	 48.48	 49.11	 43.33	 64.85	 60.91	 58.52	 52.66	 42.47	 39.68	 47.27	 57.86	 63.64	 63.04	 50.35	 50.91	 59.36	 48.14	 60.54	 57.88		Anolis_sagrei 3
				  0.00	 61.19	 61.96	 36.22	 38.27	 38.26	 33.16	 42.19	 37.55	 61.24	 53.94	 54.96	 41.35	 30.85	 59.78	 63.94	 68.68	 59.25	 56.31	 30.73	 59.98	 59.10	 60.97	 36.94	 69.24	 57.22	 37.50	 34.44	 36.98	 33.16	 72.51	 64.69	 54.61	 56.05	 20.90	 57.77	 57.83	 58.79	 67.96	 37.26	 25.66	 60.34	 54.21	 55.46	 62.42	 68.56	 67.02	 30.76	 61.35	 62.95	 38.36	 59.86	 34.03	 18.49		Arizona_elegans 4
					  0.00	 13.87	 63.04	 64.96	 66.47	 64.02	 60.25	 68.03	 59.33	 49.28	 48.95	 63.78	 65.70	 52.88	 56.97	 59.50	 51.72	 49.21	 58.83	 56.07	 57.97	 56.95	 67.95	 58.01	 55.01	 57.41	 60.64	 58.55	 62.99	 64.85	 59.86	 48.27	 50.23	 63.51	 57.02	 52.15	 50.18	 63.63	 65.70	 65.99	 34.28	 53.65	 55.78	 57.14	 62.55	 67.87	 60.38	 57.41	 56.36	 57.86	 57.19	 64.89	 58.63		Aspidocelis_tigris 5
						  0.00	 60.71	 64.57	 61.91	 63.23	 57.77	 64.54	 56.07	 47.24	 46.68	 61.47	 65.77	 53.21	 54.63	 58.74	 52.43	 47.84	 58.54	 54.19	 53.26	 55.25	 66.78	 60.07	 55.71	 57.31	 58.36	 55.49	 60.11	 62.19	 62.30	 48.17	 45.92	 64.50	 54.53	 52.68	 51.88	 60.68	 61.41	 63.37	 32.67	 51.67	 55.12	 57.33	 61.86	 68.12	 58.84	 55.90	 55.45	 54.62	 55.55	 61.05	 59.17		Aspidoscelis_marmoratus 6
							  0.00	 39.98	 28.95	 38.32	 40.34	 28.83	 56.33	 55.27	 52.74	 29.15	 34.00	 58.02	 67.31	 63.25	 58.17	 50.64	 34.03	 58.27	 59.15	 61.12	 41.26	 64.30	 56.17	 37.58	 34.38	 37.88	 36.00	 70.33	 65.15	 55.43	 53.98	 34.80	 56.41	 59.74	 58.88	 61.04	 24.47	 36.02	 58.86	 51.48	 52.04	 58.59	 60.92	 61.16	 33.47	 60.92	 58.52	 27.98	 57.88	 34.43	 32.41		Azemiops_feae 7
								  0.00	 43.83	 42.18	 46.71	 43.46	 59.95	 60.35	 61.91	 41.34	 36.79	 66.65	 66.67	 66.73	 61.98	 58.56	 38.26	 62.09	 64.14	 62.30	 40.04	 68.57	 58.47	 44.05	 41.35	 40.61	 40.13	 75.79	 68.90	 58.99	 59.75	 34.59	 61.87	 63.23	 61.89	 66.00	 45.39	 39.28	 58.33	 58.58	 57.52	 62.52	 67.66	 66.72	 37.12	 62.77	 58.21	 40.99	 62.62	 33.43	 36.26		Boaedon_fuliginosus 8
									  0.00	 44.04	 40.86	 28.19	 59.61	 54.43	 51.67	 34.96	 37.80	 61.70	 65.33	 64.56	 58.86	 52.25	 37.73	 57.53	 56.58	 59.30	 42.80	 66.54	 60.53	 40.06	 36.89	 38.92	 37.23	 72.53	 66.90	 57.19	 59.12	 42.48	 58.27	 59.77	 58.38	 63.72	 24.40	 39.93	 61.63	 53.14	 55.44	 65.25	 59.96	 66.39	 35.25	 60.89	 63.03	 32.53	 58.69	 40.60	 38.79		Bothrops_jararaca 9
										  0.00	 40.74	 42.28	 62.32	 54.28	 56.19	 40.39	 35.68	 63.44	 66.42	 70.36	 59.14	 57.69	 31.75	 56.50	 53.36	 54.42	 31.42	 66.58	 57.10	 43.94	 34.76	 30.12	 29.08	 73.85	 69.31	 57.77	 55.46	 35.01	 60.13	 57.62	 56.94	 64.53	 40.25	 34.22	 62.22	 55.02	 58.32	 61.16	 65.87	 62.90	 36.44	 63.28	 64.62	 41.18	 60.02	 37.78	 36.32		Bungarus_multicintus 10
											  0.00	 42.23	 51.73	 48.17	 48.63	 44.76	 42.15	 52.95	 61.92	 62.84	 56.47	 48.79	 37.36	 55.34	 53.48	 53.70	 45.56	 59.91	 50.00	 30.57	 42.03	 42.35	 40.84	 68.46	 61.63	 52.04	 52.31	 42.10	 58.26	 58.03	 57.72	 58.72	 41.71	 42.28	 58.51	 51.47	 47.43	 57.89	 58.16	 61.91	 40.77	 54.42	 53.95	 40.97	 55.59	 40.48	 39.93		Charina_bottae 11
												  0.00	 57.75	 52.71	 52.80	 36.57	 38.35	 57.81	 66.85	 70.28	 59.55	 49.64	 38.70	 59.53	 60.85	 62.19	 45.20	 65.89	 56.84	 42.13	 39.08	 40.42	 36.92	 74.24	 70.19	 59.50	 58.45	 38.22	 60.31	 61.25	 61.27	 61.95	 27.67	 37.99	 62.01	 53.09	 53.91	 60.84	 61.35	 65.78	 36.76	 62.87	 59.11	 35.23	 64.63	 39.91	 36.45		Crotalus_tigris 12
													  0.00	 42.07	 39.11	 59.35	 59.77	 44.99	 51.26	 48.72	 40.03	 39.64	 57.74	 44.07	 43.12	 45.96	 63.85	 45.88	 36.34	 48.90	 57.28	 62.33	 56.83	 53.80	 64.97	 45.50	 45.07	 60.06	 39.32	 45.38	 46.69	 61.88	 59.51	 61.25	 52.60	 42.22	 43.97	 46.43	 49.10	 60.65	 57.61	 49.68	 48.33	 51.17	 48.04	 58.69	 58.83		Cryptoblepharus_egeriae 13
														  0.00	 22.45	 56.45	 55.80	 39.05	 51.57	 53.36	 42.94	 20.50	 52.62	 42.25	 42.33	 42.98	 61.72	 50.28	 36.53	 47.62	 54.33	 53.74	 50.11	 59.55	 56.07	 35.13	 36.08	 57.07	 46.78	 42.12	 40.82	 55.66	 56.97	 55.28	 50.70	 35.74	 37.33	 45.47	 53.68	 58.60	 51.58	 48.26	 45.93	 46.48	 44.11	 52.01	 54.15		Ctenosaura_bakeri 14
															  0.00	 54.73	 55.13	 38.42	 45.72	 49.49	 41.36	 19.47	 51.55	 42.03	 42.17	 43.18	 61.51	 48.88	 37.05	 44.52	 53.48	 53.11	 50.96	 57.75	 56.35	 34.41	 35.56	 53.61	 41.93	 42.58	 42.18	 56.90	 50.26	 54.17	 48.03	 35.32	 36.12	 43.46	 48.60	 57.26	 52.97	 47.51	 45.91	 49.56	 47.22	 51.82	 52.32		Cyclura_pinguis 15
																  0.00	 38.76	 56.36	 68.09	 66.52	 61.46	 56.22	 37.96	 59.23	 58.27	 58.52	 44.14	 65.74	 58.14	 43.40	 39.49	 41.59	 38.10	 73.37	 71.94	 56.37	 55.28	 39.38	 58.81	 60.51	 58.78	 64.83	 32.15	 39.77	 59.36	 51.44	 51.45	 57.50	 68.14	 63.22	 40.36	 63.09	 62.05	 28.84	 58.54	 38.61	 38.06		Daboia_siamensis 16
																	  0.00	 60.03	 66.03	 68.52	 62.28	 55.23	 26.09	 61.21	 62.85	 62.74	 34.96	 68.27	 54.77	 38.82	 35.29	 33.63	 33.01	 72.97	 66.97	 54.36	 56.73	 31.58	 57.11	 61.77	 61.00	 63.14	 37.43	 32.68	 65.06	 54.30	 51.68	 62.91	 61.73	 66.10	 25.78	 64.78	 61.25	 35.99	 63.31	 31.91	 27.75		Diadophis_punctatus 17
																		  0.00	 49.46	 51.68	 47.81	 40.03	 57.06	 47.30	 45.74	 46.19	 65.28	 53.37	 41.27	 53.76	 56.91	 63.18	 57.79	 62.34	 60.51	 40.44	 41.11	 63.88	 47.99	 47.88	 46.86	 62.40	 57.42	 59.21	 49.47	 45.27	 44.82	 41.28	 52.83	 61.18	 59.61	 46.81	 46.79	 54.60	 48.43	 58.56	 56.83		Elgaria_multicarinata 18
																			  0.00	 54.66	 48.28	 47.49	 67.80	 52.76	 52.90	 52.54	 70.79	 50.36	 44.33	 61.77	 64.58	 67.12	 63.90	 63.25	 57.35	 48.50	 49.80	 60.61	 47.13	 51.48	 48.10	 68.94	 64.19	 62.61	 55.39	 51.79	 50.66	 56.09	 46.75	 56.42	 63.30	 60.91	 60.61	 61.81	 52.22	 60.94	 59.18		Eublepharis_macularius 19
																				  0.00	 49.80	 52.04	 65.44	 53.99	 52.45	 53.63	 76.00	 41.11	 49.97	 59.35	 65.63	 70.11	 68.40	 56.80	 65.74	 49.16	 48.82	 70.65	 48.07	 57.35	 55.02	 68.97	 66.04	 67.09	 57.79	 51.98	 52.48	 56.41	 49.76	 64.37	 67.22	 55.54	 56.21	 58.65	 55.46	 65.74	 63.76		Gekko_japonicus 20
																					  0.00	 42.28	 58.04	 47.57	 46.18	 47.23	 64.07	 46.67	 40.55	 54.79	 58.30	 57.04	 58.85	 56.04	 60.02	 47.72	 44.91	 59.56	 38.90	 45.74	 46.04	 58.09	 57.23	 60.10	 49.66	 47.40	 48.66	 44.61	 51.29	 56.57	 60.33	 48.34	 49.71	 50.45	 46.46	 59.84	 58.71		Hemicordylus_capensis 21
																						  0.00	 51.15	 41.94	 43.74	 44.55	 60.86	 47.76	 38.42	 46.10	 52.15	 54.43	 51.38	 57.38	 55.47	 36.14	 37.80	 56.19	 44.30	 42.82	 42.79	 56.24	 51.99	 55.17	 48.65	 37.15	 38.16	 44.10	 47.28	 57.16	 52.19	 46.54	 46.34	 47.80	 47.10	 50.86	 53.35		Iguana_delicatissima 22
																							  0.00	 59.89	 56.43	 58.34	 36.23	 65.59	 53.22	 36.84	 32.40	 31.22	 30.45	 67.65	 65.02	 50.39	 52.13	 29.45	 56.45	 60.05	 60.89	 60.54	 36.85	 31.29	 56.78	 51.39	 54.86	 62.29	 60.46	 63.98	 25.93	 56.33	 56.60	 36.33	 59.69	 29.20	 28.26		Imantodes_cenchoa 23
																								  0.00	 21.49	 22.85	 57.68	 52.25	 43.14	 52.23	 56.75	 60.06	 57.10	 56.49	 59.85	 46.03	 42.28	 60.18	 44.05	 26.63	 25.93	 60.29	 56.83	 58.63	 51.64	 42.87	 42.28	 44.08	 54.99	 59.91	 60.03	 49.77	 46.78	 50.55	 26.65	 56.40	 56.94		Lacerta_agilis 24
																									  0.00	  7.70	 61.94	 52.11	 42.52	 53.45	 55.33	 60.05	 59.32	 54.15	 61.70	 44.68	 43.03	 60.04	 42.80	 28.71	 25.95	 60.16	 58.50	 58.09	 50.48	 41.69	 42.62	 45.57	 54.17	 60.05	 57.30	 49.20	 47.19	 52.54	 26.49	 56.86	 54.66		Lacerta_bilineata 25
																										  0.00	 63.48	 53.44	 44.05	 57.03	 58.94	 59.48	 59.20	 55.99	 61.76	 45.11	 44.67	 60.94	 43.30	 26.49	 24.90	 61.13	 62.90	 57.28	 51.78	 41.90	 43.53	 46.32	 56.33	 61.83	 57.54	 50.86	 47.68	 55.36	 26.82	 56.48	 56.10		Lacerta_viridis 26
																											  0.00	 75.66	 59.98	 39.53	 38.72	 31.35	 30.62	 73.49	 67.15	 58.59	 57.75	 39.54	 63.73	 62.08	 62.17	 70.02	 44.63	 35.47	 67.10	 60.32	 58.99	 66.27	 68.44	 71.71	 36.78	 65.32	 64.45	 40.05	 63.78	 40.49	 38.40		Laticauda_colubrina 27
																												  0.00	 46.65	 60.95	 65.43	 65.99	 64.04	 51.94	 59.30	 51.79	 50.66	 67.71	 45.49	 54.63	 53.76	 65.81	 63.71	 63.60	 56.74	 49.72	 51.81	 56.02	 47.48	 59.29	 63.33	 55.71	 54.13	 57.56	 55.14	 62.77	 65.35		Lepidodactylus_listeri 28
																													  0.00	 51.85	 55.22	 58.85	 54.10	 56.09	 57.84	 41.37	 42.19	 57.95	 34.90	 44.17	 42.20	 62.82	 55.82	 57.30	 48.28	 42.05	 41.35	 45.31	 49.43	 56.62	 55.20	 47.77	 45.89	 51.46	 45.09	 54.42	 53.48		Lerista_edwardsae 29
																														  0.00	 36.45	 37.40	 36.66	 68.86	 62.05	 48.62	 49.98	 39.03	 54.87	 53.37	 53.03	 61.29	 39.81	 40.45	 58.66	 47.37	 49.30	 56.74	 58.15	 61.38	 39.75	 52.92	 53.36	 39.65	 55.68	 40.29	 34.09		Morelia_viridis 30
																															  0.00	 33.87	 30.70	 70.94	 65.00	 53.71	 53.22	 36.31	 57.92	 57.84	 56.96	 62.46	 36.04	 36.26	 62.54	 53.21	 53.00	 62.37	 61.12	 63.13	 36.87	 56.60	 55.15	 38.29	 60.25	 36.22	 30.98		Myanophis_thanlyinensis 31
																																  0.00	 23.95	 68.22	 65.09	 57.84	 56.15	 37.41	 61.01	 59.42	 58.74	 62.78	 37.87	 34.45	 61.32	 53.46	 54.39	 64.21	 66.26	 66.01	 33.15	 62.72	 59.01	 39.22	 63.71	 33.19	 33.97		Naja_naja 32
																																	  0.00	 72.26	 63.62	 56.22	 53.74	 33.29	 60.69	 56.68	 56.22	 59.85	 36.57	 33.85	 59.32	 52.16	 54.90	 60.75	 61.18	 64.85	 29.74	 58.34	 56.94	 35.93	 62.68	 32.01	 31.21		Ophiophagus_hannah 33
																																		  0.00	 64.03	 60.09	 59.01	 70.38	 59.00	 57.79	 57.36	 67.83	 74.97	 72.05	 61.07	 60.82	 59.43	 60.23	 58.54	 67.75	 70.13	 63.86	 65.63	 64.67	 56.88	 70.57	 71.63		Paroedura_picta 34
																																			  0.00	 54.01	 53.45	 66.41	 62.43	 58.94	 58.13	 53.21	 69.77	 65.98	 57.62	 59.50	 60.12	 67.39	 66.29	 69.01	 67.64	 64.12	 63.96	 63.49	 60.12	 59.68	 65.23		Phrynocephalus_versicolor 35
																																				  0.00	 17.54	 54.19	 44.09	 46.21	 43.57	 59.24	 55.93	 53.10	 50.56	 33.99	 33.87	 44.27	 56.34	 58.58	 57.10	 49.58	 47.10	 51.29	 46.52	 51.01	 51.92		Phrynosoma_blainvillii 36
																																					  0.00	 56.66	 41.09	 43.41	 42.05	 56.54	 52.61	 51.84	 48.89	 33.81	 33.35	 44.37	 53.49	 57.98	 56.82	 47.88	 47.14	 52.12	 43.69	 55.35	 54.68		Phrynosoma_platyrhinos 37
																																						  0.00	 59.08	 59.09	 58.80	 65.32	 39.12	 23.22	 58.38	 54.36	 54.79	 60.70	 67.08	 67.78	 30.12	 64.01	 62.30	 41.52	 59.48	 31.64	 16.52		Pituophis_catenifer 38
																																							  0.00	 45.99	 45.31	 62.85	 55.30	 61.01	 52.34	 44.81	 46.35	 44.99	 48.47	 56.35	 57.97	 51.06	 51.19	 55.75	 49.86	 56.80	 58.46		Plestiodon_gilberti 39
																																								  0.00	 12.94	 59.89	 59.11	 59.12	 52.11	 44.69	 45.05	 48.26	 56.23	 57.97	 59.80	 48.40	 47.20	 52.22	 23.73	 57.10	 56.57		Podarci_raffonei 40
																																									  0.00	 61.41	 57.98	 58.52	 51.78	 44.06	 44.88	 47.72	 57.37	 58.91	 60.76	 50.60	 49.65	 54.51	 24.81	 57.16	 55.60		Podarcis_muralis 41
																																										  0.00	 64.27	 62.26	 65.81	 57.67	 59.60	 63.30	 65.66	 71.16	 64.75	 65.24	 63.32	 60.27	 61.54	 62.44	 64.27		Pogona_vitticeps 42
																																											  0.00	 40.33	 63.20	 54.77	 57.98	 58.91	 61.15	 63.73	 39.21	 64.35	 58.55	 31.04	 59.82	 40.07	 35.90		Protobothrops_mucrosquamatus 43
																																												  0.00	 60.79	 52.64	 52.81	 62.96	 62.59	 69.27	 31.33	 64.77	 62.85	 40.68	 61.37	 34.34	 22.61		Ptyas_mucosa 44
																																													  0.00	 53.69	 53.79	 54.07	 60.44	 66.41	 59.86	 55.71	 55.24	 53.98	 55.79	 60.04	 61.19		Salvator_merianae 45
																																														  0.00	 16.39	 47.03	 52.18	 55.24	 52.80	 50.18	 48.29	 50.29	 44.96	 55.19	 49.88		Sceloporus_occidentalis 46
																																															  0.00	 46.86	 49.44	 59.05	 53.98	 53.50	 47.47	 52.34	 48.13	 54.81	 51.30		Sceloporus_tristichus 47
																																																  0.00	 58.51	 58.57	 62.35	 50.86	 48.02	 57.71	 49.50	 59.45	 60.58		Shinisaurus_crocodilurus 48
																																																	  0.00	 62.26	 63.59	 61.38	 54.98	 54.49	 59.77	 63.86	 60.62		Sphaerodactylus_townsendi 49
																																																		  0.00	 67.55	 62.02	 59.28	 54.99	 61.26	 63.00	 64.30		Sphenodon_punctatus 50
																																																			  0.00	 59.23	 58.28	 37.87	 62.00	 27.28	 28.03		Thermophis_baileyi 51
																																																				  0.00	 26.37	 54.27	 49.66	 59.79	 62.06		Varanus_komodoensis 52
																																																					  0.00	 53.47	 49.50	 56.37	 57.45		Varanus_salvator 53
																																																						  0.00	 54.29	 36.87	 38.48		Vipera_latastei 54
																																																							  0.00	 60.01	 59.76		Zootaca_vivipara 55
																																																								  0.00	 30.70		Thamnophis_elegans 56
																																																									  0.00		Pantherophis_guttatus 57
