Distance Matrix
---------------

Using the Tamura correction method
Using base positions 12 in the codon
Gap weighting is 0.000000

	    1	    2	    3	    4	    5	    6	    7	    8	    9	    10	    11	    12	    13	    14	    15	    16	    17	    18	    19	    20	    21	    22	    23	    24	    25	    26	    27	    28	    29	    30	    31	    32	    33	    34	    35	    36	    37	    38	    39	    40	    41	    42	    43	    44	    45	    46	    47	    48	    49	    50	    51	    52	    53	    54	    55	    56	    57
	  0.00	 23.99	 22.11	 10.59	 23.90	 24.43	  8.37	 12.40	 10.16	 10.81	  6.66	  9.23	 22.34	 19.98	 21.80	 10.15	 11.27	 23.87	 21.56	 23.95	 22.07	 19.98	 11.03	 23.96	 23.92	 23.96	 13.54	 23.47	 23.37	  3.38	 10.59	 11.96	 11.02	 26.12	 27.61	 19.45	 19.96	 10.63	 21.56	 23.36	 23.38	 27.01	  8.81	  9.03	 24.42	 20.77	 21.28	 22.32	 25.05	 25.71	  9.66	 26.26	 21.21	  8.38	 23.70	  9.66	 10.15		Python_bivittatus 1
		  0.00	  6.44	 23.21	 14.69	 13.98	 24.96	 24.80	 24.57	 22.97	 23.98	 24.27	  9.06	 10.40	  9.27	 22.62	 24.04	 16.30	 16.61	 15.54	 10.80	 10.20	 24.30	 14.38	 14.10	 13.40	 25.26	 15.44	  9.51	 24.02	 23.73	 23.50	 20.87	 17.92	 26.20	  8.39	  9.28	 24.56	  7.74	 13.33	 14.07	 25.31	 22.95	 24.60	 13.97	  8.38	 10.40	 12.65	 17.17	 20.04	 24.31	 18.26	 16.83	 18.29	 15.03	 23.99	 24.84		Anolis_carolinensis 2
			  0.00	 21.82	 12.16	 12.62	 25.26	 22.60	 24.11	 21.65	 21.86	 23.25	 10.22	  8.84	 10.41	 21.39	 22.94	 14.88	 15.87	 15.72	  9.88	 10.20	 22.41	 13.89	 12.66	 12.45	 24.46	 15.61	  9.47	 21.60	 20.56	 21.90	 21.65	 17.34	 24.37	  7.73	  8.16	 23.42	  9.28	 11.71	 12.87	 25.44	 20.53	 22.36	 13.06	  7.94	  9.94	 12.66	 16.67	 16.41	 23.72	 18.67	 16.39	 19.06	 13.36	 21.88	 22.87		Anolis_sagrei 3
				  0.00	 21.29	 21.81	  9.03	  9.03	  7.93	  9.47	 11.03	  9.25	 21.07	 18.72	 19.73	  8.14	  7.50	 22.30	 19.99	 22.11	 19.99	 19.23	  7.71	 24.04	 23.45	 22.11	 10.32	 21.37	 20.55	  9.69	  9.91	 10.11	  7.70	 25.35	 25.78	 18.72	 18.72	  3.98	 20.33	 22.07	 21.82	 27.31	  8.15	  3.98	 21.34	 18.98	 20.26	 21.02	 24.00	 25.46	  7.72	 25.42	 20.44	  7.06	 22.41	  6.44	  3.16		Arizona_elegans 4
					  0.00	  1.36	 24.50	 22.06	 23.98	 24.05	 23.64	 22.62	 15.20	 13.04	 13.74	 20.50	 21.53	 14.69	 15.16	 16.13	 13.69	 13.73	 22.61	 15.91	 15.89	 15.66	 23.20	 15.59	 14.69	 24.19	 22.55	 22.85	 22.87	 20.09	 24.17	 12.09	 12.78	 23.14	 12.56	 14.90	 16.08	 25.27	 22.58	 22.33	  4.59	 13.47	 14.41	 13.27	 15.40	 18.27	 22.59	 19.78	 16.79	 17.50	 16.65	 21.07	 21.26		Aspidocelis_tigris 5
						  0.00	 23.93	 23.12	 23.41	 24.31	 23.62	 22.61	 14.94	 13.26	 13.49	 20.49	 21.51	 14.92	 14.67	 15.38	 13.92	 13.01	 22.59	 16.14	 15.87	 15.65	 23.18	 15.58	 14.43	 23.90	 22.01	 23.38	 22.85	 20.33	 24.46	 12.77	 13.48	 22.85	 12.32	 15.13	 15.83	 23.90	 22.30	 22.05	  4.37	 13.46	 13.93	 13.03	 15.63	 18.79	 23.12	 20.56	 16.78	 17.76	 16.13	 21.59	 21.25		Aspidoscelis_marmoratus 6
							  0.00	 11.96	  6.28	  9.30	  8.17	  7.36	 21.89	 20.27	 22.42	  9.30	  9.05	 25.55	 22.12	 22.87	 22.38	 19.77	  9.51	 26.01	 26.26	 24.86	 11.07	 25.09	 24.86	  8.60	 11.09	 11.83	  8.63	 25.71	 29.59	 21.83	 21.29	 10.42	 23.52	 23.96	 23.19	 28.77	  7.15	  8.37	 23.70	 21.07	 21.59	 25.59	 26.41	 27.75	  8.16	 26.28	 20.71	  6.67	 23.25	  9.28	  9.26		Azemiops_feae 7
								  0.00	 10.78	 10.61	 10.79	 11.23	 22.32	 20.48	 21.25	  8.80	  8.41	 24.12	 22.14	 22.35	 20.49	 20.74	  8.20	 24.52	 23.93	 22.59	 10.32	 21.30	 22.81	 11.94	 11.01	  8.99	  8.60	 26.45	 27.49	 19.71	 18.71	  8.82	 21.53	 21.78	 22.84	 28.40	 10.14	  7.30	 23.11	 20.49	 21.02	 21.75	 26.11	 26.02	  7.95	 26.70	 21.20	  7.50	 22.92	  7.52	  7.94		Boaedon_fuliginosus 8
									  0.00	  9.96	  9.54	  5.86	 21.85	 21.27	 22.08	  7.76	  9.26	 24.71	 21.31	 23.66	 21.55	 20.50	  8.60	 25.38	 24.78	 24.53	  8.80	 24.21	 22.84	  9.72	  8.16	  9.49	  7.50	 26.53	 28.93	 22.31	 21.77	  8.38	 23.44	 24.17	 23.66	 27.78	  5.02	  7.50	 23.46	 21.28	 22.33	 22.58	 25.31	 27.71	  8.59	 25.85	 20.45	  5.83	 23.76	  9.05	  7.71		Bothrops_jararaca 9
										  0.00	 11.78	 10.20	 22.45	 20.81	 22.40	 10.20	  9.74	 25.33	 22.49	 23.80	 20.56	 21.61	 10.19	 23.81	 23.49	 22.15	  9.53	 24.59	 23.72	 10.37	 11.50	  6.92	  7.79	 27.92	 28.97	 21.85	 20.54	  9.06	 21.63	 24.26	 24.00	 28.95	  9.28	  8.16	 23.49	 20.82	 22.15	 25.09	 28.01	 26.31	  8.17	 25.41	 22.27	  8.64	 22.73	  9.51	  9.27		Bungarus_multicintus 10
											  0.00	 10.18	 21.32	 18.95	 21.55	  8.40	 11.08	 22.53	 21.82	 23.14	 21.26	 20.23	  9.04	 24.22	 23.91	 23.39	 12.42	 23.14	 24.15	  8.19	  9.02	 10.84	 11.06	 23.93	 28.74	 19.97	 20.74	 10.85	 23.16	 23.38	 22.85	 28.12	  7.73	  9.24	 23.36	 20.52	 21.29	 24.22	 24.50	 27.14	  9.48	 28.48	 19.94	  7.56	 21.08	  9.73	  9.24		Charina_bottae 11
												  0.00	 21.07	 21.00	 21.80	  8.19	  9.72	 23.89	 22.68	 22.86	 21.01	 19.98	 10.37	 24.80	 24.76	 24.52	 11.32	 23.40	 21.81	  9.91	 10.85	  9.50	  9.04	 27.44	 28.29	 21.26	 21.27	  9.94	 21.29	 23.61	 24.76	 27.26	  4.80	 10.13	 21.84	 20.77	 21.28	 22.59	 23.65	 26.04	  8.38	 25.42	 21.22	  6.25	 23.74	  9.29	  9.25		Crotalus_tigris 12
													  0.00	  7.33	  7.52	 21.60	 21.57	 13.13	 15.12	 11.23	  8.15	  7.08	 22.12	 13.19	 13.64	 12.00	 22.71	 12.60	  8.19	 22.09	 20.53	 21.08	 19.27	 17.16	 23.26	  7.57	  8.22	 22.38	  6.06	 11.94	 12.63	 21.85	 21.56	 21.30	 14.95	  6.69	  6.89	 11.74	 15.70	 14.71	 22.38	 17.47	 12.79	 16.77	 13.60	 20.31	 20.54		Cryptoblepharus_egeriae 13
														  0.00	  4.58	 19.25	 18.96	 10.99	 12.78	 12.60	  7.71	  4.16	 19.99	 12.45	 12.66	 10.81	 21.03	 13.96	  8.38	 20.25	 18.98	 21.03	 18.74	 14.46	 21.06	  4.58	  5.62	 20.24	  8.18	 10.59	 10.57	 21.83	 19.71	 18.98	 12.82	  4.78	  5.82	 10.78	 15.18	 14.93	 19.98	 14.51	 10.98	 17.02	 12.64	 18.21	 18.47		Ctenosaura_bakeri 14
															  0.00	 20.53	 20.51	 13.07	 13.46	 14.26	  8.36	  4.79	 21.31	 13.15	 14.33	 12.91	 21.05	 15.13	  9.48	 21.55	 20.78	 21.04	 19.00	 14.78	 21.85	  6.03	  6.68	 21.80	  7.95	 11.25	 11.94	 21.04	 21.55	 21.03	 13.52	  6.88	  7.52	 11.44	 16.40	 14.97	 20.77	 13.79	 12.37	 17.76	 15.55	 19.73	 20.51		Cyclura_pinguis 15
																  0.00	  8.40	 21.24	 19.06	 21.34	 19.74	 19.23	  8.59	 22.90	 23.14	 22.63	 10.37	 20.80	 22.30	  9.26	  8.36	  9.91	  9.46	 25.92	 28.09	 18.96	 19.23	  8.60	 20.80	 21.81	 21.26	 27.86	  6.67	  8.16	 22.63	 19.73	 19.21	 20.74	 21.79	 25.52	  9.04	 28.05	 20.98	  5.01	 22.97	  8.38	  7.72		Daboia_siamensis 16
																	  0.00	 23.58	 20.10	 21.87	 21.27	 18.72	  6.06	 24.00	 23.96	 22.89	  9.69	 21.07	 22.62	 10.37	 10.41	  9.73	  8.41	 24.54	 26.95	 19.98	 19.48	  7.10	 21.06	 24.75	 23.96	 27.06	  7.95	  6.24	 23.41	 19.49	 20.26	 22.57	 25.61	 25.23	  5.23	 25.41	 20.95	  7.95	 22.96	  6.04	  6.02		Diadophis_punctatus 17
																		  0.00	 16.57	 17.13	 11.67	 12.12	 24.43	 16.44	 16.69	 15.20	 24.31	 18.11	 12.59	 23.61	 23.83	 24.46	 23.93	 19.11	 23.16	 12.39	 13.09	 23.90	 12.17	 14.27	 14.71	 23.70	 23.34	 23.63	 16.88	 13.07	 13.06	 11.97	 16.14	 18.27	 25.25	 16.37	 12.79	 20.01	 14.73	 23.62	 22.28		Elgaria_multicarinata 18
																			  0.00	 15.12	 14.40	 13.23	 20.81	 17.56	 19.85	 17.82	 20.62	 15.58	 14.90	 20.78	 21.11	 23.21	 19.78	 18.57	 23.70	 14.87	 14.63	 21.07	 14.42	 16.58	 16.32	 23.35	 22.15	 20.54	 15.87	 14.41	 14.64	 15.36	 16.08	 20.03	 20.33	 19.38	 17.26	 17.32	 17.79	 21.86	 20.54		Eublepharis_macularius 19
																				  0.00	 14.24	 12.59	 23.18	 15.26	 14.74	 13.31	 23.26	  8.84	 13.79	 23.14	 22.33	 22.90	 21.57	 17.19	 22.13	 12.86	 11.96	 22.35	 13.33	 15.92	 13.98	 21.80	 23.14	 20.78	 16.40	 11.22	 11.22	 15.41	 11.96	 17.58	 21.60	 19.43	 15.62	 17.78	 15.92	 22.65	 21.04		Gekko_japonicus 20
																					  0.00	  7.27	 21.82	 11.96	 11.94	 10.12	 21.65	 15.38	  9.44	 20.76	 21.24	 20.26	 19.52	 17.08	 21.05	  7.70	  8.79	 21.30	  8.79	 10.54	 11.21	 20.76	 20.50	 20.77	 13.70	  7.71	  8.36	 10.78	 16.35	 17.01	 21.27	 16.73	 13.71	 15.80	 11.93	 20.25	 20.51		Hemicordylus_capensis 21
																						  0.00	 19.75	 12.71	 12.92	 11.30	 21.06	 13.93	  7.95	 20.51	 19.23	 21.06	 18.50	 14.01	 20.83	  5.39	  6.23	 20.24	  7.96	 11.03	 10.36	 20.33	 19.73	 18.97	 13.51	  5.19	  5.39	 10.98	 15.38	 15.39	 20.00	 13.78	 12.11	 17.50	 13.12	 18.72	 18.47		Iguana_delicatissima 22
																							  0.00	 24.06	 23.46	 22.95	  8.79	 24.01	 22.61	 11.04	  9.27	  9.04	  8.83	 27.11	 25.61	 19.99	 20.76	  6.66	 21.61	 22.62	 21.59	 26.45	  8.16	  6.45	 22.88	 20.02	 20.79	 23.61	 25.27	 26.60	  6.06	 27.12	 21.21	  7.72	 22.51	  3.96	  5.59		Imantodes_cenchoa 23
																								  0.00	  4.20	  3.59	 22.49	 15.15	 12.95	 24.78	 24.22	 22.67	 22.97	 21.24	 22.49	 11.27	 11.73	 24.00	 11.78	  8.67	  7.79	 22.67	 24.54	 22.66	 14.93	 12.43	 13.13	 14.71	 18.90	 19.65	 23.71	 20.63	 17.06	 20.30	  8.45	 22.93	 22.93		Lacerta_agilis 24
																									  0.00	  2.15	 23.00	 14.18	 12.45	 24.19	 23.63	 22.68	 23.21	 21.73	 22.45	 11.02	 11.94	 23.14	 12.46	  8.42	  7.77	 21.30	 23.67	 22.36	 15.88	 11.47	 12.16	 14.45	 17.58	 19.35	 23.41	 20.22	 17.06	 20.27	  7.10	 22.35	 22.63		Lacerta_bilineata 25
																										  0.00	 22.49	 14.42	 11.77	 23.67	 22.84	 21.86	 21.34	 20.16	 20.86	 10.81	 10.80	 22.62	 11.31	  8.22	  7.13	 20.53	 22.88	 21.58	 14.93	  9.89	 11.02	 13.51	 16.61	 18.09	 22.89	 18.63	 16.07	 19.26	  7.78	 21.31	 21.31		Lacerta_viridis 26
																											  0.00	 24.85	 24.02	 12.61	 13.04	  8.62	  7.09	 26.77	 25.05	 20.77	 20.53	  9.88	 21.91	 22.66	 22.45	 27.00	  9.95	  8.55	 23.19	 21.31	 21.56	 22.37	 26.32	 24.95	  8.58	 25.91	 20.99	  7.52	 22.29	  9.69	  8.77		Laticauda_colubrina 27
																												  0.00	 13.49	 22.67	 22.90	 23.97	 23.71	 15.93	 22.67	 12.58	 11.91	 22.41	 14.23	 17.59	 16.60	 22.87	 22.36	 21.33	 16.33	 12.81	 12.80	 16.33	 12.15	 20.85	 21.60	 19.39	 16.54	 18.02	 17.56	 21.87	 21.37		Lepidodactylus_listeri 28
																													  0.00	 23.39	 21.29	 23.94	 22.35	 17.16	 23.00	  7.08	  7.73	 21.82	  6.27	 11.45	 11.46	 21.66	 22.58	 21.28	 14.23	  8.18	  8.61	  9.87	 14.96	 16.44	 23.99	 15.60	 14.16	 20.49	 12.62	 21.84	 20.52		Lerista_edwardsae 29
																														  0.00	 10.84	 11.72	 11.03	 26.43	 27.30	 19.21	 19.71	  9.73	 21.84	 23.35	 23.09	 26.45	  8.60	  8.37	 24.71	 19.74	 19.73	 22.34	 24.22	 24.90	  8.78	 28.00	 21.48	  8.60	 23.69	 10.80	  9.71		Morelia_viridis 30
																															  0.00	 10.11	 10.12	 25.18	 27.71	 19.73	 19.98	  9.26	 21.04	 23.62	 23.12	 25.21	  8.82	  8.80	 23.09	 18.76	 19.26	 21.74	 24.71	 25.49	  9.71	 29.33	 21.97	  9.25	 23.93	  9.50	  7.92		Myanophis_thanlyinensis 31
																																  0.00	  6.92	 26.43	 26.92	 20.77	 19.74	 10.37	 20.78	 22.32	 23.19	 28.33	  8.38	  8.78	 23.12	 19.76	 21.32	 23.36	 26.17	 26.57	  8.38	 25.42	 20.97	  7.31	 22.98	  9.26	  9.23		Naja_naja 32
																																	  0.00	 25.35	 26.37	 19.27	 18.52	  8.82	 20.56	 20.77	 21.31	 27.26	  8.63	  7.49	 22.57	 17.76	 19.79	 21.52	 25.05	 24.38	  7.30	 23.75	 20.19	  7.09	 23.56	  8.58	  7.93		Ophiophagus_hannah 33
																																		  0.00	 26.96	 16.12	 16.42	 27.62	 17.39	 18.64	 17.89	 27.01	 25.42	 25.59	 18.56	 15.89	 17.12	 20.35	 18.32	 22.51	 24.59	 21.84	 19.09	 20.58	 21.21	 26.31	 25.59		Paroedura_picta 34
																																			  0.00	 20.60	 21.39	 26.66	 21.73	 21.62	 21.14	 17.59	 27.21	 26.38	 24.48	 19.82	 21.13	 24.31	 26.80	 23.17	 24.73	 29.84	 23.36	 21.02	 22.21	 25.51	 24.71		Phrynocephalus_versicolor 35
																																				  0.00	  2.75	 20.50	  6.89	  8.78	  9.22	 21.90	 20.75	 19.47	 13.02	  3.97	  4.17	  9.45	 13.99	 14.47	 19.98	 16.34	 12.09	 16.51	 11.47	 18.47	 19.23		Phrynosoma_blainvillii 36
																																					  0.00	 20.49	  7.97	 10.11	 10.11	 22.42	 20.50	 18.46	 13.03	  4.59	  5.21	 10.79	 15.01	 13.55	 20.25	 15.97	 12.32	 16.27	 12.40	 18.46	 19.48		Phrynosoma_platyrhinos 37
																																						  0.00	 21.90	 24.79	 23.41	 26.15	  7.95	  3.56	 22.90	 20.53	 20.52	 20.74	 25.90	 26.59	  6.66	 27.12	 22.24	  8.83	 22.14	  6.24	  1.95		Pituophis_catenifer 38
																																							  0.00	 10.57	 11.94	 20.38	 22.35	 21.09	 11.87	  6.66	  7.96	 11.03	 15.93	 14.72	 22.94	 14.49	 13.71	 18.00	 12.89	 20.03	 20.33		Plestiodon_gilberti 39
																																								  0.00	  2.75	 22.06	 23.38	 23.43	 15.38	  9.87	 10.32	 15.16	 17.60	 16.30	 23.39	 16.73	 14.65	 17.78	  7.55	 22.04	 22.61		Podarci_raffonei 40
																																									  0.00	 22.61	 23.43	 22.63	 16.11	  9.21	  9.21	 15.13	 17.33	 17.53	 23.44	 17.48	 14.86	 18.52	  6.89	 22.08	 21.82		Podarcis_muralis 41
																																										  0.00	 27.53	 26.40	 23.86	 20.31	 20.30	 22.61	 25.31	 24.37	 26.47	 27.56	 23.04	 24.49	 22.90	 25.89	 25.90		Pogona_vitticeps 42
																																											  0.00	  7.93	 22.34	 20.24	 21.27	 23.12	 25.64	 26.88	  7.94	 27.14	 20.70	  4.78	 22.66	  8.59	  7.28		Protobothrops_mucrosquamatus 43
																																												  0.00	 21.29	 19.99	 20.50	 21.00	 25.61	 25.74	  5.81	 25.84	 20.69	  7.29	 22.41	  6.43	  2.75		Ptyas_mucosa 44
																																													  0.00	 12.55	 14.19	 12.82	 16.42	 18.52	 22.62	 18.64	 15.12	 18.24	 16.18	 20.54	 21.02		Salvator_merianae 45
																																														  0.00	  2.16	  9.87	 14.68	 13.50	 20.27	 16.72	 12.79	 16.99	 12.14	 17.99	 18.75		Sceloporus_occidentalis 46
																																															  0.00	 10.10	 14.67	 13.49	 21.04	 17.48	 12.55	 18.22	 12.83	 19.25	 19.25		Sceloporus_tristichus 47
																																																  0.00	 15.92	 17.36	 22.56	 17.08	 13.70	 18.98	 16.18	 21.52	 20.48		Shinisaurus_crocodilurus 48
																																																	  0.00	 20.07	 24.77	 18.74	 17.82	 20.31	 19.63	 25.33	 23.96		Sphaerodactylus_townsendi 49
																																																		  0.00	 26.07	 23.41	 18.55	 21.26	 20.36	 25.48	 25.21		Sphenodon_punctatus 50
																																																			  0.00	 25.42	 20.44	  7.30	 23.27	  5.82	  6.23		Thermophis_baileyi 51
																																																				  0.00	  4.33	 23.36	 19.83	 24.58	 25.85		Varanus_komodoensis 52
																																																					  0.00	 16.03	 15.59	 19.93	 20.44		Varanus_salvator 53
																																																						  0.00	 19.12	  7.29	  7.93		Vipera_latastei 54
																																																							  0.00	 22.48	 21.84		Zootaca_vivipara 55
																																																								  0.00	  5.39		Thamnophis_elegans 56
																																																									  0.00		Pantherophis_guttatus 57
