Distance Matrix
---------------

Using the Tamura correction method
Using base positions 12 in the codon
Gap weighting is 0.000000

	    1	    2	    3	    4	    5	    6	    7	    8	    9	    10	    11	    12	    13	    14	    15	    16	    17	    18	    19	    20	    21	    22	    23	    24	    25	    26	    27	    28	    29	    30	    31	    32	    33	    34	    35	    36	    37	    38	    39	    40	    41	    42	    43	    44	    45	    46	    47	    48	    49	    50	    51	    52	    53	    54	    55	    56	    57
	  0.00	 16.84	 16.71	  4.79	 16.72	 16.59	  4.99	  4.58	  4.37	  4.68	  4.49	  5.42	 16.85	 21.21	 16.33	  5.02	  4.79	 16.83	 18.74	 17.72	 15.59	 16.08	  4.79	 18.85	 17.59	 17.34	  5.20	 16.32	 16.72	  2.31	  5.10	  5.43	  5.86	 17.00	 22.73	 16.71	 16.96	  5.00	 15.80	 16.98	 17.23	 21.71	  4.68	  4.89	 17.09	 16.46	 16.58	 17.46	 15.64	 20.61	  4.26	 17.54	 17.80	  4.06	 17.99	  4.26	  5.53		Python_bivittatus 1
		  0.00	  4.26	 16.22	  8.22	  8.33	 16.45	 16.48	 16.46	 16.99	 16.11	 16.59	  4.48	  7.85	  5.23	 16.49	 15.86	  7.70	  8.03	  9.28	  6.93	  4.26	 16.24	  7.81	  6.19	  6.19	 16.25	  9.73	  4.59	 16.09	 16.71	 16.74	 15.96	 13.53	 20.97	  4.26	  4.69	 15.59	  3.52	  7.07	  7.86	 21.28	 16.71	 16.47	  8.57	  3.95	  4.27	  6.07	  7.93	 13.56	 15.99	  9.02	  9.71	 14.51	  7.97	 16.72	 16.09		Anolis_carolinensis 2
			  0.00	 16.71	  8.56	  8.44	 16.45	 15.72	 16.34	 15.98	 16.99	 16.71	  4.47	  8.40	  4.47	 17.39	 16.22	  7.70	  8.58	  9.35	  6.60	  3.84	 16.09	  7.24	  6.17	  6.39	 15.62	  9.46	  4.69	 15.97	 16.57	 17.00	 15.73	 13.50	 20.55	  4.89	  5.33	 15.58	  4.27	  6.73	  7.28	 20.76	 16.21	 16.96	  8.89	  4.26	  4.37	  6.17	  8.70	 13.39	 15.85	  9.47	 10.41	 14.51	  7.83	 16.47	 15.58		Anolis_sagrei 3
				  0.00	 15.97	 16.34	  3.84	  3.97	  4.47	  4.06	  4.90	  4.89	 15.98	 20.78	 15.71	  4.37	  2.92	 16.09	 17.96	 17.20	 15.59	 15.47	  3.02	 17.06	 16.46	 16.21	  4.27	 16.45	 15.86	  4.16	  3.94	  3.74	  4.37	 17.10	 21.77	 15.84	 16.58	  2.31	 15.68	 15.97	 16.47	 22.12	  4.68	  1.59	 16.59	 15.84	 15.84	 16.83	 15.99	 19.98	  3.02	 16.91	 16.92	  3.02	 16.99	  2.61	  2.51		Arizona_elegans 4
					  0.00	  0.89	 16.33	 16.10	 15.24	 16.71	 16.12	 16.71	  7.35	 10.67	  7.78	 16.63	 16.10	  7.67	  9.33	 11.51	  7.35	  6.79	 15.96	  9.90	  8.67	  8.89	 16.00	 10.11	  7.56	 15.73	 15.98	 16.36	 15.35	 13.34	 21.85	  7.24	  7.23	 15.73	  6.10	  9.01	  9.46	 20.23	 16.22	 16.23	  3.12	  7.35	  7.35	  7.46	  9.01	 13.24	 15.73	  9.20	  9.77	 13.55	  8.55	 16.59	 15.60		Aspidocelis_tigris 5
						  0.00	 16.32	 15.97	 15.36	 16.84	 15.99	 16.58	  7.46	 10.85	  7.89	 17.01	 16.47	  8.45	  9.90	 11.50	  7.24	  7.12	 15.59	  9.78	  8.33	  8.33	 16.37	 10.34	  7.67	 15.85	 16.10	 16.48	 15.47	 13.10	 22.39	  7.79	  7.79	 15.85	  6.21	  8.89	  9.34	 20.62	 16.09	 16.60	  3.64	  7.46	  7.68	  7.79	  8.89	 13.23	 15.60	  9.43	 10.23	 13.91	  8.44	 16.71	 15.72		Aspidoscelis_marmoratus 6
							  0.00	  4.37	  2.92	  4.67	  4.99	  3.12	 16.33	 20.12	 16.32	  4.17	  4.46	 16.58	 17.70	 16.58	 15.57	 15.58	  3.94	 17.79	 17.05	 17.18	  5.09	 16.32	 16.33	  4.36	  4.35	  4.36	  4.25	 16.95	 21.72	 15.71	 16.33	  4.47	 15.91	 16.44	 17.07	 21.18	  2.71	  4.67	 17.20	 15.83	 15.70	 17.06	 15.86	 20.34	  4.04	 17.90	 17.78	  2.71	 18.08	  4.05	  4.68		Azemiops_feae 7
								  0.00	  4.27	  4.27	  4.05	  5.11	 16.11	 20.17	 15.72	  4.80	  3.64	 16.48	 17.71	 17.85	 15.84	 15.11	  3.44	 17.59	 16.59	 16.34	  3.85	 17.09	 15.61	  4.37	  4.36	  3.43	  3.95	 17.48	 20.70	 16.21	 16.98	  3.23	 15.43	 16.73	 16.86	 22.56	  4.27	  3.96	 16.09	 16.10	 15.72	 16.46	 16.25	 19.58	  3.22	 17.54	 17.42	  4.17	 17.88	  3.02	  3.33		Boaedon_fuliginosus 8
									  0.00	  4.78	  4.05	  2.82	 15.84	 19.93	 16.08	  3.86	  4.47	 16.20	 17.33	 16.59	 14.85	 14.98	  4.05	 18.06	 17.19	 17.19	  5.31	 15.83	 15.84	  3.74	  4.36	  4.79	  4.68	 15.84	 21.47	 15.47	 15.84	  4.57	 15.17	 16.45	 17.33	 20.26	  2.31	  5.21	 15.97	 15.34	 15.47	 16.07	 14.53	 20.21	  3.95	 16.91	 16.91	  2.71	 18.75	  4.26	  4.47		Bothrops_jararaca 9
										  0.00	  5.11	  5.52	 15.49	 21.68	 16.34	  5.13	  4.80	 16.22	 18.11	 17.60	 16.45	 15.98	  4.16	 17.71	 17.23	 16.98	  2.81	 16.94	 16.73	  4.05	  4.46	  4.06	  4.47	 18.25	 22.20	 16.09	 16.84	  3.84	 15.81	 16.23	 17.76	 21.98	  4.79	  3.84	 17.09	 15.84	 16.46	 16.34	 16.38	 19.45	  4.37	 17.92	 17.55	  4.38	 18.03	  4.48	  3.84		Bungarus_multicintus 10
											  0.00	  5.11	 16.61	 20.38	 17.11	  4.48	  4.47	 16.11	 17.22	 18.00	 16.11	 16.23	  4.47	 17.72	 17.24	 16.73	  5.42	 17.71	 16.50	  4.38	  4.79	  4.79	  4.89	 15.97	 20.95	 16.36	 16.36	  5.11	 15.32	 15.86	 17.00	 21.59	  4.79	  5.00	 16.74	 16.22	 16.35	 16.47	 15.17	 20.10	  4.26	 16.55	 16.43	  4.27	 17.75	  4.68	  4.57		Charina_bottae 11
												  0.00	 16.70	 19.93	 15.95	  4.49	  5.21	 16.83	 17.46	 16.83	 15.70	 15.71	  4.99	 17.67	 16.81	 16.56	  5.95	 16.69	 16.09	  4.99	  5.20	  4.89	  5.43	 16.71	 22.14	 16.46	 16.85	  5.00	 16.05	 16.82	 17.20	 20.91	  3.13	  5.64	 17.46	 15.84	 15.96	 16.69	 15.50	 20.74	  4.47	 17.78	 17.03	  3.64	 18.75	  4.46	  5.32		Crotalus_tigris 12
													  0.00	  7.33	  3.32	 16.88	 15.74	  5.74	  8.02	  9.60	  5.31	  3.32	 15.86	  6.38	  5.21	  5.43	 15.14	  8.46	  3.34	 15.23	 15.96	 15.52	 15.12	 12.20	 21.49	  3.64	  3.95	 16.22	  2.68	  5.87	  6.42	 21.41	 16.46	 15.98	  7.13	  3.43	  3.53	  5.76	  6.70	 11.96	 15.87	  8.90	  9.02	 14.40	  7.52	 16.47	 16.22		Cryptoblepharus_egeriae 13
														  0.00	  6.48	 20.62	 20.38	  9.61	 12.40	 14.58	 10.15	  4.58	 21.20	  9.25	 10.01	  9.64	 21.54	 12.81	  7.15	 20.16	 21.23	 20.44	 19.96	 16.60	 26.75	  6.97	  7.69	 20.55	  7.46	 10.23	 10.61	 28.71	 20.98	 21.41	 11.98	  6.98	  6.63	  9.28	 10.71	 18.66	 19.75	 12.56	 12.59	 16.88	 12.29	 20.14	 20.55		Ctenosaura_bakeri 14
															  0.00	 17.12	 15.72	  6.50	  7.92	  8.60	  5.62	  2.10	 16.33	  6.27	  4.68	  5.11	 15.50	  8.26	  4.26	 15.71	 16.45	 15.87	 15.35	 12.23	 20.42	  4.16	  4.81	 15.71	  3.73	  5.44	  5.55	 21.29	 16.45	 15.96	  7.89	  3.53	  3.53	  5.43	  6.16	 13.18	 15.36	  8.36	  8.47	 14.87	  6.41	 16.34	 15.71		Cyclura_pinguis 15
																  0.00	  4.69	 16.61	 17.24	 17.86	 16.48	 15.99	  4.48	 17.46	 17.23	 17.24	  5.65	 17.60	 15.63	  5.02	  4.90	  4.91	  5.02	 17.37	 22.06	 16.13	 16.63	  4.48	 16.05	 17.63	 18.02	 22.44	  4.40	  4.37	 17.64	 16.62	 16.49	 16.72	 16.65	 20.39	  5.01	 18.33	 17.83	  1.80	 18.54	  4.90	  5.22		Daboia_siamensis 16
																	  0.00	 16.48	 18.10	 18.11	 15.47	 15.61	  3.02	 16.95	 16.60	 16.10	  4.69	 17.21	 16.25	  4.59	  4.58	  3.85	  4.48	 16.85	 20.70	 15.72	 16.22	  3.96	 15.56	 15.99	 16.24	 21.46	  4.47	  3.33	 16.97	 15.72	 16.10	 17.49	 16.13	 19.32	  2.31	 17.29	 17.18	  3.12	 17.26	  3.12	  3.64		Diadophis_punctatus 17
																		  0.00	  8.35	  9.94	  6.71	  5.95	 16.60	  8.91	  8.14	  8.37	 16.36	  8.90	  6.38	 15.84	 16.08	 16.48	 16.10	 13.51	 21.52	  5.85	  6.39	 16.34	  5.79	  8.72	  7.82	 21.18	 16.83	 16.35	  8.45	  6.49	  6.16	  6.29	  7.26	 13.99	 16.23	  8.78	  8.79	 13.91	  8.39	 16.09	 16.59		Elgaria_multicarinata 18
																			  0.00	 10.41	  8.57	  7.70	 17.84	 10.02	  8.57	  9.14	 17.47	 10.27	  7.57	 18.10	 18.07	 17.20	 17.45	 13.27	 21.48	  8.03	  8.25	 16.94	  7.67	  9.03	  8.81	 21.56	 17.20	 17.83	  9.56	  8.36	  7.91	  8.26	  9.96	 13.75	 17.85	 10.35	 10.24	 15.47	  9.37	 18.22	 17.58		Eublepharis_macularius 19
																				  0.00	  9.57	  8.47	 16.96	 10.94	  9.71	 10.18	 17.60	  4.90	  9.25	 17.22	 17.32	 16.97	 17.33	 11.39	 22.36	  8.92	  9.27	 17.08	  9.06	 10.19	 10.31	 21.72	 17.46	 17.96	 11.76	  8.80	  8.58	  9.38	  9.62	 15.21	 17.35	 11.18	 12.12	 14.03	 11.35	 17.85	 16.95		Gekko_japonicus 20
																					  0.00	  5.73	 15.84	  8.34	  7.14	  7.14	 16.22	  8.33	  5.41	 15.10	 15.83	 15.97	 15.95	 12.55	 22.43	  5.31	  5.63	 15.46	  5.14	  7.92	  8.14	 21.03	 15.94	 15.59	  7.57	  4.99	  4.88	  6.37	  6.81	 13.15	 14.62	  9.10	  9.10	 13.54	  8.60	 15.34	 15.71		Hemicordylus_capensis 21
																						  0.00	 15.35	  6.37	  5.42	  5.75	 15.63	  7.80	  3.84	 15.10	 15.83	 15.26	 14.62	 11.74	 20.68	  3.74	  3.95	 15.47	  3.41	  5.75	  6.08	 20.21	 15.71	 15.96	  7.56	  3.43	  3.12	  4.57	  6.16	 12.81	 14.75	  8.00	  8.12	 13.78	  7.50	 15.72	 15.47		Iguana_delicatissima 22
																							  0.00	 17.32	 16.33	 15.84	  4.47	 17.21	 15.99	  4.48	  4.47	  3.84	  3.84	 17.22	 20.44	 16.09	 16.58	  3.23	 15.05	 15.97	 16.73	 21.58	  3.84	  3.33	 16.96	 15.84	 15.71	 16.58	 15.75	 19.46	  2.82	 17.54	 17.17	  3.22	 17.76	  3.23	  3.54		Imantodes_cenchoa 23
																								  0.00	  3.43	  3.85	 17.86	 10.94	  6.38	 17.32	 17.82	 17.60	 17.71	 12.76	 21.73	  6.48	  7.25	 17.95	  6.44	  4.26	  4.47	 23.00	 18.44	 17.82	  9.90	  6.93	  6.38	  7.46	  9.36	 13.60	 17.08	 10.81	 10.58	 15.46	  5.01	 17.95	 17.44		Lacerta_agilis 24
																									  0.00	  1.19	 16.75	  9.70	  5.43	 16.84	 17.46	 16.74	 16.59	 12.31	 20.97	  5.64	  6.73	 16.83	  5.35	  4.18	  3.96	 21.26	 17.57	 17.09	  9.34	  5.54	  5.00	  5.84	  8.14	 12.67	 15.98	  9.58	 10.16	 14.75	  4.92	 16.70	 17.09		Lacerta_bilineata 25
																										  0.00	 16.24	  9.93	  5.86	 16.84	 17.21	 16.36	 16.84	 12.19	 20.70	  6.52	  6.96	 16.84	  5.58	  3.65	  3.86	 21.67	 17.57	 16.58	  9.57	  5.65	  5.76	  6.39	  7.81	 13.27	 15.48	  9.47	 10.28	 14.99	  5.25	 16.20	 16.84		Lacerta_viridis 26
																											  0.00	 16.83	 16.38	  4.67	  4.88	  4.06	  3.95	 17.87	 21.10	 15.74	 16.37	  3.73	 15.44	 15.88	 17.15	 21.60	  4.78	  4.26	 16.36	 15.62	 16.00	 16.23	 15.76	 19.08	  4.69	 17.30	 17.18	  4.58	 17.54	  4.90	  4.36		Laticauda_colubrina 27
																												  0.00	  8.58	 15.95	 16.44	 16.71	 16.95	 11.07	 22.75	  8.24	  8.36	 16.70	  8.12	 10.41	 10.18	 21.98	 16.82	 16.95	  9.78	  7.90	  7.68	  8.12	  9.02	 15.19	 16.46	 10.25	 10.59	 14.38	 10.64	 16.95	 16.57		Lepidodactylus_listeri 28
																													  0.00	 15.98	 16.08	 15.75	 15.24	 13.03	 21.90	  3.53	  3.74	 15.36	  2.36	  6.53	  6.20	 22.36	 16.84	 16.11	  7.57	  4.06	  3.85	  5.10	  7.03	 12.20	 16.00	  9.02	  8.80	 13.67	  7.29	 15.85	 15.49		Lerista_edwardsae 29
																														  0.00	  4.47	  4.69	  4.89	 16.87	 21.63	 15.59	 16.58	  4.79	 14.93	 16.23	 17.25	 21.45	  4.05	  4.89	 16.21	 15.71	 15.83	 16.71	 15.26	 19.83	  4.48	 17.17	 16.67	  3.64	 18.26	  4.15	  4.68		Morelia_viridis 30
																															  0.00	  4.46	  4.36	 17.22	 22.54	 16.84	 16.83	  4.04	 15.54	 16.46	 16.84	 22.09	  4.89	  4.04	 16.34	 16.08	 16.57	 16.82	 16.25	 19.20	  4.15	 17.54	 16.79	  3.95	 18.12	  4.26	  3.94		Myanophis_thanlyinensis 31
																																  0.00	  3.23	 17.36	 21.76	 16.36	 16.37	  3.42	 15.70	 16.25	 16.63	 22.02	  4.79	  3.53	 16.59	 16.12	 16.50	 16.86	 16.38	 18.81	  3.85	 17.42	 17.05	  4.16	 18.04	  3.95	  3.84		Naja_naja 32
																																	  0.00	 17.59	 21.88	 15.60	 15.48	  3.84	 14.79	 16.23	 16.60	 21.59	  4.90	  4.47	 16.20	 15.72	 15.85	 16.33	 15.62	 19.44	  4.06	 17.29	 17.29	  3.74	 17.36	  4.58	  4.47		Ophiophagus_hannah 33
																																		  0.00	 22.84	 12.45	 12.45	 17.87	 12.56	 11.74	 12.10	 23.27	 17.34	 17.61	 14.44	 12.56	 12.32	 13.17	 12.32	 15.98	 16.49	 12.53	 12.88	 14.15	 13.06	 17.47	 17.22		Paroedura_picta 34
																																			  0.00	 21.35	 21.89	 21.37	 20.93	 20.72	 21.26	 14.93	 20.94	 22.05	 21.98	 21.35	 20.94	 21.36	 21.01	 25.38	 21.66	 21.75	 21.88	 19.15	 22.07	 21.36	 21.09		Phrynocephalus_versicolor 35
																																				  0.00	  1.39	 15.96	  3.31	  6.53	  6.75	 21.28	 15.84	 16.58	  7.23	  2.30	  1.90	  5.32	  6.06	 13.02	 15.98	  8.12	  8.35	 13.91	  7.07	 16.70	 16.46		Phrynosoma_blainvillii 36
																																					  0.00	 16.70	  3.95	  6.52	  6.97	 21.69	 16.47	 17.34	  7.45	  2.72	  2.51	  5.64	  6.50	 13.27	 16.48	  8.11	  8.80	 14.15	  7.06	 16.84	 16.70		Phrynosoma_platyrhinos 37
																																						  0.00	 15.17	 16.59	 17.36	 22.52	  4.58	  2.10	 16.22	 15.46	 15.96	 16.20	 16.36	 19.72	  3.64	 17.54	 17.80	  3.74	 17.62	  3.43	  1.80		Pituophis_catenifer 38
																																							  0.00	  5.25	  5.80	 21.01	 15.80	 15.68	  6.32	  3.41	  3.52	  4.70	  6.00	 12.34	 15.19	  8.00	  8.35	 13.45	  6.24	 15.67	 15.30		Plestiodon_gilberti 39
																																								  0.00	  1.90	 21.56	 17.07	 16.09	  9.00	  6.08	  6.52	  7.06	  8.26	 13.40	 15.37	  9.26	  9.60	 14.88	  4.49	 16.34	 16.09		Podarci_raffonei 40
																																									  0.00	 22.24	 17.71	 16.85	  9.34	  6.30	  6.30	  7.62	  9.17	 12.91	 15.86	  9.60	  9.95	 15.37	  3.96	 16.84	 17.10		Podarcis_muralis 41
																																										  0.00	 20.92	 22.11	 20.63	 21.01	 20.74	 21.69	 20.53	 22.99	 21.19	 21.03	 21.01	 18.71	 22.65	 21.45	 22.52		Pogona_vitticeps 42
																																											  0.00	  5.10	 16.84	 15.46	 15.84	 16.82	 15.63	 19.69	  4.37	 17.90	 17.53	  3.13	 18.75	  4.37	  4.89		Protobothrops_mucrosquamatus 43
																																												  0.00	 16.84	 16.33	 16.83	 16.84	 16.36	 19.59	  3.22	 17.92	 17.67	  3.32	 17.62	  3.64	  2.72		Ptyas_mucosa 44
																																													  0.00	  7.57	  7.68	  8.34	  9.24	 12.78	 16.09	 10.12	  9.89	 14.52	  8.89	 17.08	 15.97		Salvator_merianae 45
																																														  0.00	  0.89	  5.42	  6.17	 13.53	 15.73	  8.56	  8.45	 14.02	  7.07	 16.33	 15.71		Sceloporus_occidentalis 46
																																															  0.00	  4.78	  6.06	 13.53	 15.60	  8.44	  8.34	 13.90	  6.84	 16.08	 15.96		Sceloporus_tristichus 47
																																																  0.00	  7.03	 13.90	 16.35	  7.69	  7.36	 14.26	  8.05	 16.95	 16.45		Shinisaurus_crocodilurus 48
																																																	  0.00	 15.20	 15.26	  8.89	  9.00	 13.94	  9.63	 16.23	 16.36		Sphaerodactylus_townsendi 49
																																																		  0.00	 19.59	 13.48	 13.60	 16.31	 13.05	 19.84	 19.46		Sphenodon_punctatus 50
																																																			  0.00	 16.79	 16.43	  3.64	 17.14	  2.61	  3.54		Thermophis_baileyi 51
																																																				  0.00	  2.82	 15.57	 11.33	 17.53	 17.16		Varanus_komodoensis 52
																																																					  0.00	 15.57	 11.57	 16.91	 17.17		Varanus_salvator 53
																																																						  0.00	 15.74	  3.63	  3.95		Vipera_latastei 54
																																																							  0.00	 17.75	 17.37		Zootaca_vivipara 55
																																																								  0.00	  3.54		Thamnophis_elegans 56
																																																									  0.00		Pantherophis_guttatus 57
