Distance Matrix
---------------

Uncorrected for Multiple Substitutions
Using base positions 12 in the codon
Gap weighting is 0.000000

	    1	    2	    3	    4	    5	    6	    7	    8	    9	    10	    11	    12	    13	    14	    15	    16	    17	    18	    19	    20	    21	    22	    23	    24	    25	    26	    27	    28	    29	    30	    31	    32	    33	    34	    35	    36	    37	    38	    39	    40	    41	    42	    43	    44	    45	    46	    47	    48	    49	    50	    51	    52	    53	    54	    55	    56	    57
	  0.00	 50.98	 51.96	 37.62	 55.10	 55.10	 45.10	 50.98	 42.16	 45.10	 37.25	 44.12	 51.96	 50.00	 50.98	 42.16	 41.18	 52.94	 54.90	 57.84	 45.00	 54.90	 42.16	 57.84	 55.00	 57.00	 44.00	 55.00	 51.96	 19.61	 47.06	 44.12	 42.16	 60.78	 47.06	 50.00	 51.96	 41.41	 51.96	 53.92	 50.98	 58.42	 42.16	 35.35	 51.02	 52.94	 51.96	 54.90	 50.00	 61.39	 48.04	 53.92	 54.90	 63.73	 50.00	 46.08	 37.62		Python_bivittatus 1
		  0.00	 25.49	 50.50	 31.63	 33.67	 52.94	 46.08	 55.88	 48.04	 56.86	 51.96	 36.27	 27.45	 30.39	 52.94	 48.04	 39.22	 39.22	 46.08	 42.00	 30.39	 44.12	 28.43	 33.00	 32.00	 49.00	 50.00	 37.25	 49.02	 48.04	 47.06	 48.04	 44.12	 38.24	 28.43	 26.47	 47.47	 42.16	 33.33	 33.33	 44.55	 51.96	 52.53	 34.69	 32.35	 35.29	 37.25	 46.08	 44.55	 51.96	 37.25	 35.29	 67.65	 36.27	 54.90	 52.48		Anolis_carolinensis 2
			  0.00	 55.45	 35.71	 34.69	 51.96	 50.00	 63.73	 52.94	 58.82	 58.82	 39.22	 30.39	 29.41	 54.90	 55.88	 39.22	 41.18	 46.08	 49.00	 31.37	 50.98	 35.29	 37.00	 38.00	 47.00	 48.00	 35.29	 56.86	 51.96	 49.02	 54.90	 49.02	 42.16	 34.31	 28.43	 58.59	 37.25	 38.24	 37.25	 42.57	 59.80	 48.48	 39.80	 32.35	 33.33	 41.18	 48.04	 44.55	 57.84	 35.29	 38.24	 71.57	 39.22	 51.96	 54.46		Anolis_sagrei 3
				  0.00	 51.55	 51.55	 34.65	 37.62	 33.66	 29.70	 42.57	 28.71	 48.51	 54.46	 52.48	 39.60	 26.73	 56.44	 59.41	 51.49	 54.55	 56.44	 27.72	 56.44	 52.53	 53.54	 36.36	 58.59	 55.45	 38.61	 33.66	 36.63	 28.71	 57.43	 51.49	 52.48	 53.47	 20.20	 55.45	 52.48	 53.47	 52.00	 30.69	 21.43	 51.55	 55.45	 54.46	 54.46	 51.49	 55.00	 30.69	 58.42	 59.41	 56.44	 59.41	 38.61	 19.80		Arizona_elegans 4
					  0.00	  3.06	 48.98	 40.82	 47.96	 51.02	 53.06	 41.84	 36.73	 32.65	 33.67	 52.04	 44.90	 42.86	 39.80	 43.88	 40.62	 36.73	 50.00	 33.67	 36.46	 39.58	 48.96	 46.88	 36.73	 53.06	 45.92	 45.92	 44.90	 38.78	 38.78	 33.67	 32.65	 49.47	 38.78	 34.69	 36.73	 41.24	 44.90	 52.63	 13.54	 30.61	 33.67	 28.57	 38.78	 41.24	 48.98	 43.88	 41.84	 68.37	 36.73	 53.06	 52.58		Aspidocelis_tigris 5
						  0.00	 50.00	 43.88	 48.98	 52.04	 53.06	 43.88	 38.78	 34.69	 34.69	 51.02	 45.92	 43.88	 40.82	 43.88	 42.71	 37.76	 52.04	 33.67	 35.42	 38.54	 47.92	 48.96	 38.78	 54.08	 45.92	 47.96	 45.92	 38.78	 40.82	 35.71	 32.65	 51.58	 40.82	 35.71	 35.71	 43.30	 45.92	 52.63	 15.62	 32.65	 35.71	 30.61	 37.76	 42.27	 51.02	 44.90	 42.86	 69.39	 38.78	 52.04	 53.61		Aspidoscelis_marmoratus 6
							  0.00	 34.31	 32.35	 36.27	 37.25	 25.49	 53.92	 50.00	 46.08	 29.41	 28.43	 49.02	 52.94	 51.96	 53.00	 49.02	 25.49	 58.82	 55.00	 57.00	 38.00	 53.00	 48.04	 36.27	 30.39	 34.31	 31.37	 56.86	 41.18	 46.08	 45.10	 30.30	 50.98	 53.92	 52.94	 48.51	 26.47	 28.28	 53.06	 48.04	 51.96	 52.94	 52.94	 53.47	 29.41	 52.94	 58.82	 52.94	 56.86	 39.22	 28.71		Azemiops_feae 7
								  0.00	 43.14	 29.41	 40.20	 34.31	 52.94	 46.08	 47.06	 39.22	 35.29	 53.92	 53.92	 50.00	 49.00	 48.04	 30.39	 43.14	 49.00	 47.00	 37.00	 55.00	 44.12	 41.18	 27.45	 35.29	 34.31	 53.92	 36.27	 45.10	 43.14	 30.30	 51.96	 43.14	 49.02	 51.49	 41.18	 32.32	 39.80	 44.12	 47.06	 45.10	 50.00	 53.47	 31.37	 48.04	 53.92	 58.82	 49.02	 30.39	 30.69		Boaedon_fuliginosus 8
									  0.00	 41.18	 34.31	 25.49	 51.96	 56.86	 53.92	 33.33	 27.45	 49.02	 50.00	 59.80	 55.00	 55.88	 33.33	 58.82	 60.00	 61.00	 45.00	 49.00	 51.96	 38.24	 36.27	 41.18	 36.27	 53.92	 51.96	 56.86	 55.88	 33.33	 54.90	 56.86	 56.86	 50.50	 14.71	 34.34	 51.02	 54.90	 60.78	 51.96	 52.94	 54.46	 33.33	 56.86	 56.86	 56.86	 58.82	 43.14	 32.67		Bothrops_jararaca 9
										  0.00	 38.24	 37.25	 46.08	 51.96	 53.92	 39.22	 32.35	 50.98	 51.96	 52.94	 48.00	 52.94	 30.39	 52.94	 57.00	 55.00	 26.00	 61.00	 50.98	 39.22	 32.35	 25.49	 19.61	 55.88	 43.14	 50.00	 48.04	 27.27	 52.94	 49.02	 51.96	 44.55	 40.20	 27.27	 45.92	 49.02	 51.96	 50.98	 50.98	 49.50	 32.35	 49.02	 48.04	 55.88	 55.88	 32.35	 27.72		Bungarus_multicintus 10
											  0.00	 36.27	 53.92	 52.94	 55.88	 41.18	 33.33	 46.08	 51.96	 60.78	 50.00	 55.88	 35.29	 57.84	 61.00	 57.00	 41.00	 59.00	 53.92	 33.33	 43.14	 42.16	 36.27	 53.92	 46.08	 55.88	 55.88	 37.37	 55.88	 52.94	 54.90	 56.44	 35.29	 39.39	 50.00	 50.98	 55.88	 57.84	 50.98	 57.43	 39.22	 53.92	 51.96	 58.82	 57.84	 41.18	 35.64		Charina_bottae 11
												  0.00	 50.98	 55.88	 50.00	 37.25	 28.43	 48.04	 51.96	 52.94	 52.00	 50.00	 29.41	 56.86	 55.00	 57.00	 44.00	 52.00	 50.00	 38.24	 32.35	 40.20	 36.27	 54.90	 46.08	 53.92	 52.94	 27.27	 52.94	 53.92	 53.92	 51.49	 20.59	 31.31	 50.00	 55.88	 57.84	 51.96	 54.90	 56.44	 30.39	 56.86	 56.86	 55.88	 60.78	 44.12	 25.74		Crotalus_tigris 12
													  0.00	 40.20	 44.12	 56.86	 50.00	 43.14	 41.18	 45.10	 49.00	 40.20	 50.98	 40.20	 45.00	 46.00	 51.00	 47.00	 40.20	 55.88	 52.94	 48.04	 45.10	 43.14	 50.00	 43.14	 45.10	 46.46	 39.22	 32.35	 35.29	 38.61	 48.04	 50.51	 37.76	 44.12	 44.12	 34.31	 41.18	 45.54	 53.92	 36.27	 44.12	 65.69	 39.22	 57.84	 46.53		Cryptoblepharus_egeriae 13
														  0.00	 19.61	 49.02	 51.96	 38.24	 40.20	 42.16	 45.00	 14.71	 49.02	 29.41	 32.00	 34.00	 49.00	 43.00	 31.37	 52.94	 52.94	 45.10	 47.06	 47.06	 41.18	 27.45	 27.45	 50.51	 41.18	 31.37	 36.27	 45.54	 54.90	 54.55	 34.69	 29.41	 30.39	 39.22	 41.18	 48.51	 53.92	 42.16	 37.25	 69.61	 35.29	 54.90	 51.49		Ctenosaura_bakeri 14
															  0.00	 48.04	 50.98	 34.31	 34.31	 42.16	 43.00	 14.71	 53.92	 32.35	 33.00	 33.00	 46.00	 46.00	 32.35	 50.98	 48.04	 45.10	 48.04	 38.24	 41.18	 29.41	 28.43	 50.51	 35.29	 34.31	 36.27	 42.57	 50.00	 49.49	 36.73	 28.43	 33.33	 40.20	 45.10	 44.55	 50.98	 45.10	 39.22	 67.65	 37.25	 54.90	 47.52		Cyclura_pinguis 15
																  0.00	 35.29	 53.92	 51.96	 54.90	 51.00	 52.94	 34.31	 54.90	 52.00	 54.00	 44.00	 54.00	 46.08	 37.25	 38.24	 40.20	 38.24	 58.82	 41.18	 50.98	 48.04	 37.37	 54.90	 54.90	 55.88	 49.50	 34.31	 40.40	 52.04	 51.96	 54.90	 52.94	 46.08	 54.46	 38.24	 54.90	 51.96	 56.86	 57.84	 47.06	 37.62		Daboia_siamensis 16
																	  0.00	 51.96	 56.86	 50.98	 52.00	 52.94	 22.55	 53.92	 57.00	 57.00	 40.00	 56.00	 52.94	 33.33	 28.43	 35.29	 27.45	 49.02	 48.04	 48.04	 47.06	 25.25	 51.96	 50.00	 50.98	 48.51	 27.45	 26.26	 48.98	 51.96	 54.90	 48.04	 53.92	 52.48	 20.59	 52.94	 52.94	 54.90	 58.82	 37.25	 26.73		Diadophis_punctatus 17
																		  0.00	 42.16	 49.02	 45.00	 34.31	 50.00	 43.14	 43.00	 42.00	 45.00	 46.00	 37.25	 49.02	 50.98	 43.14	 48.04	 48.04	 45.10	 39.22	 36.27	 48.48	 41.18	 38.24	 40.20	 44.55	 50.00	 51.52	 41.84	 32.35	 38.24	 41.18	 51.96	 51.49	 58.82	 41.18	 35.29	 67.65	 42.16	 58.82	 50.50		Elgaria_multicarinata 18
																			  0.00	 45.10	 47.00	 39.22	 60.78	 38.24	 37.00	 36.00	 57.00	 46.00	 35.29	 57.84	 54.90	 53.92	 50.00	 37.25	 43.14	 43.14	 43.14	 56.57	 41.18	 40.20	 39.22	 44.55	 51.96	 56.57	 40.82	 42.16	 45.10	 43.14	 45.10	 47.52	 60.78	 36.27	 38.24	 66.67	 37.25	 60.78	 55.45		Eublepharis_macularius 19
																				  0.00	 49.00	 45.10	 52.94	 45.10	 41.00	 43.00	 53.00	 43.00	 42.16	 50.98	 54.90	 53.92	 47.06	 50.98	 50.00	 44.12	 39.22	 48.48	 49.02	 43.14	 50.00	 43.56	 55.88	 50.51	 44.90	 44.12	 44.12	 40.20	 41.18	 42.57	 50.98	 47.06	 46.08	 72.55	 47.06	 51.96	 48.51		Gekko_japonicus 20
																					  0.00	 50.00	 48.00	 44.00	 48.98	 46.94	 44.90	 45.00	 45.00	 43.00	 52.00	 44.00	 44.00	 48.00	 43.00	 47.00	 44.00	 52.58	 43.00	 43.00	 44.00	 46.46	 50.00	 52.58	 35.42	 43.00	 51.00	 39.00	 39.00	 53.54	 55.00	 38.00	 38.00	 64.00	 45.00	 52.00	 55.56		Hemicordylus_capensis 21
																						  0.00	 53.92	 34.31	 34.00	 35.00	 49.00	 50.00	 31.37	 54.90	 50.00	 46.08	 49.02	 46.08	 43.14	 26.47	 26.47	 49.49	 38.24	 32.35	 35.29	 42.57	 52.94	 51.52	 39.80	 24.51	 29.41	 42.16	 45.10	 45.54	 52.94	 41.18	 37.25	 67.65	 37.25	 53.92	 50.50		Iguana_delicatissima 22
																							  0.00	 54.90	 56.00	 54.00	 36.00	 53.00	 48.04	 37.25	 29.41	 30.39	 31.37	 50.00	 41.18	 50.98	 47.06	 21.21	 51.96	 50.98	 50.98	 48.51	 33.33	 31.31	 51.02	 53.92	 55.88	 48.04	 54.90	 56.44	 24.51	 50.00	 49.02	 56.86	 55.88	 37.25	 27.72		Imantodes_cenchoa 23
																								  0.00	 17.00	 14.00	 53.00	 47.00	 39.22	 54.90	 50.98	 52.94	 51.96	 45.10	 41.18	 34.31	 34.31	 52.53	 44.12	 18.63	 22.55	 45.54	 57.84	 56.57	 33.67	 37.25	 39.22	 37.25	 43.14	 47.52	 55.88	 33.33	 37.25	 67.65	 23.53	 56.86	 56.44		Lacerta_agilis 24
																									  0.00	  5.00	 59.18	 40.82	 36.00	 49.00	 56.00	 54.00	 51.00	 47.00	 40.00	 37.00	 35.00	 54.64	 41.00	 22.00	 25.00	 46.46	 59.00	 55.67	 39.58	 39.00	 40.00	 37.00	 43.00	 49.49	 61.00	 41.00	 42.00	 70.00	 26.00	 63.00	 54.55		Lacerta_bilineata 25
																										  0.00	 57.14	 42.86	 37.00	 50.00	 55.00	 54.00	 51.00	 43.00	 40.00	 38.00	 36.00	 53.61	 42.00	 22.00	 26.00	 47.47	 61.00	 54.64	 39.58	 39.00	 41.00	 40.00	 42.00	 47.47	 61.00	 38.00	 39.00	 70.00	 25.00	 61.00	 55.56		Lacerta_viridis 26
																											  0.00	 60.20	 50.00	 41.00	 38.00	 25.00	 24.00	 48.00	 44.00	 47.00	 41.00	 30.93	 42.00	 55.00	 55.00	 46.46	 41.00	 35.05	 44.79	 42.00	 48.00	 49.00	 52.00	 57.58	 37.00	 47.00	 48.00	 62.00	 57.00	 38.00	 30.30		Laticauda_colubrina 27
																												  0.00	 39.00	 53.00	 59.00	 53.00	 52.00	 49.00	 51.00	 47.00	 44.00	 58.76	 43.00	 45.00	 46.00	 46.46	 51.00	 57.73	 47.92	 48.00	 49.00	 40.00	 41.00	 48.48	 58.00	 45.00	 44.00	 67.00	 47.00	 62.00	 59.60		Lepidodactylus_listeri 28
																													  0.00	 50.00	 50.98	 46.08	 44.12	 43.14	 42.16	 34.31	 29.41	 47.47	 23.53	 35.29	 38.24	 35.64	 50.00	 52.53	 40.82	 29.41	 32.35	 34.31	 45.10	 43.56	 54.90	 37.25	 36.27	 69.61	 37.25	 59.80	 48.51		Lerista_edwardsae 29
																														  0.00	 38.24	 38.24	 38.24	 59.80	 45.10	 49.02	 46.08	 35.35	 51.96	 50.98	 50.00	 53.47	 35.29	 34.34	 48.98	 48.04	 50.98	 52.94	 52.94	 54.46	 39.22	 60.78	 54.90	 60.78	 55.88	 44.12	 34.65		Morelia_viridis 30
																															  0.00	 40.20	 36.27	 50.98	 43.14	 49.02	 48.04	 30.30	 54.90	 50.98	 50.98	 47.52	 35.29	 27.27	 46.94	 50.98	 53.92	 47.06	 54.90	 51.49	 28.43	 50.98	 50.00	 55.88	 52.94	 36.27	 30.69		Myanophis_thanlyinensis 31
																																  0.00	 16.67	 51.96	 46.08	 44.12	 41.18	 31.31	 44.12	 49.02	 50.98	 47.52	 40.20	 38.38	 41.84	 41.18	 48.04	 43.14	 52.94	 47.52	 35.29	 50.00	 47.06	 63.73	 56.86	 44.12	 33.66		Naja_naja 32
																																	  0.00	 52.94	 42.16	 46.08	 43.14	 28.28	 42.16	 48.04	 50.98	 46.53	 33.33	 32.32	 43.88	 43.14	 51.96	 47.06	 50.98	 48.51	 30.39	 50.00	 49.02	 60.78	 53.92	 39.22	 26.73		Ophiophagus_hannah 33
																																		  0.00	 47.06	 45.10	 46.08	 51.52	 41.18	 45.10	 46.08	 43.56	 50.98	 55.56	 42.86	 51.96	 50.00	 40.20	 42.16	 48.51	 55.88	 43.14	 37.25	 69.61	 46.08	 59.80	 55.45		Paroedura_picta 34
																																			  0.00	 45.10	 40.20	 41.41	 46.08	 44.12	 45.10	 44.55	 47.06	 44.44	 39.80	 47.06	 45.10	 43.14	 44.12	 53.47	 45.10	 48.04	 50.00	 63.73	 44.12	 50.00	 45.54		Phrynocephalus_versicolor 35
																																				  0.00	 10.78	 49.49	 36.27	 38.24	 38.24	 37.62	 54.90	 50.51	 34.69	 21.57	 19.61	 36.27	 38.24	 47.52	 55.88	 43.14	 41.18	 68.63	 36.27	 54.90	 49.50		Phrynosoma_blainvillii 36
																																					  0.00	 44.44	 32.35	 40.20	 38.24	 37.62	 53.92	 46.46	 35.71	 18.63	 19.61	 37.25	 41.18	 49.50	 51.96	 40.20	 38.24	 69.61	 36.27	 51.96	 48.51		Phrynosoma_platyrhinos 37
																																						  0.00	 55.56	 51.52	 52.53	 52.04	 28.28	 22.45	 50.53	 50.51	 52.53	 47.47	 53.54	 55.10	 21.21	 53.54	 53.54	 56.57	 55.56	 37.37	 11.11		Pituophis_catenifer 38
																																							  0.00	 41.18	 40.20	 40.59	 53.92	 53.54	 44.90	 34.31	 39.22	 39.22	 50.00	 48.51	 54.90	 38.24	 42.16	 71.57	 40.20	 61.76	 49.50		Plestiodon_gilberti 39
																																								  0.00	 10.78	 39.60	 53.92	 55.56	 33.67	 35.29	 39.22	 33.33	 43.14	 43.56	 56.86	 32.35	 37.25	 66.67	 23.53	 59.80	 53.47		Podarci_raffonei 40
																																									  0.00	 43.56	 54.90	 54.55	 36.73	 37.25	 42.16	 37.25	 45.10	 46.53	 57.84	 36.27	 40.20	 65.69	 24.51	 60.78	 53.47		Podarcis_muralis 41
																																										  0.00	 50.50	 44.90	 40.21	 37.62	 40.59	 42.57	 36.63	 50.50	 55.45	 39.60	 38.61	 67.33	 39.60	 52.48	 51.00		Pogona_vitticeps 42
																																											  0.00	 34.34	 46.94	 54.90	 61.76	 49.02	 50.00	 53.47	 31.37	 54.90	 57.84	 55.88	 60.78	 43.14	 27.72		Protobothrops_mucrosquamatus 43
																																												  0.00	 52.63	 49.49	 52.53	 56.57	 52.53	 57.14	 32.32	 54.55	 54.55	 53.54	 52.53	 29.29	 17.35		Ptyas_mucosa 44
																																													  0.00	 28.57	 33.67	 31.63	 34.69	 45.36	 52.04	 40.82	 40.82	 68.37	 37.76	 47.96	 51.55		Salvator_merianae 45
																																														  0.00	 13.73	 40.20	 43.14	 42.57	 55.88	 41.18	 35.29	 70.59	 37.25	 51.96	 52.48		Sceloporus_occidentalis 46
																																															  0.00	 38.24	 43.14	 40.59	 59.80	 44.12	 39.22	 71.57	 39.22	 56.86	 54.46		Sceloporus_tristichus 47
																																																  0.00	 39.22	 42.57	 49.02	 35.29	 37.25	 66.67	 41.18	 59.80	 51.49		Shinisaurus_crocodilurus 48
																																																	  0.00	 48.51	 55.88	 45.10	 42.16	 63.73	 42.16	 53.92	 53.47		Sphaerodactylus_townsendi 49
																																																		  0.00	 52.48	 49.50	 43.56	 68.32	 53.47	 59.41	 55.00		Sphenodon_punctatus 50
																																																			  0.00	 54.90	 59.80	 59.80	 61.76	 35.29	 25.74		Thermophis_baileyi 51
																																																				  0.00	 25.49	 67.65	 37.25	 53.92	 55.45		Varanus_komodoensis 52
																																																					  0.00	 67.65	 41.18	 57.84	 54.46		Varanus_salvator 53
																																																						  0.00	 65.69	 57.84	 56.44		Vipera_latastei 54
																																																							  0.00	 58.82	 54.46		Zootaca_vivipara 55
																																																								  0.00	 35.64		Thamnophis_elegans 56
																																																									  0.00		Pantherophis_guttatus 57
