Distance Matrix
---------------

Using the Tamura correction method
Using base positions 12 in the codon
Gap weighting is 0.000000

	    1	    2	    3	    4	    5	    6	    7	    8	    9	    10	    11	    12	    13	    14	    15	    16	    17	    18	    19	    20	    21	    22	    23	    24	    25	    26	    27	    28	    29	    30	    31	    32	    33	    34	    35	    36	    37	    38	    39	    40	    41	    42	    43	    44	    45	    46	    47	    48	    49	    50	    51	    52	    53	    54
	  0.00	  6.84	 25.38	 24.15	  8.98	  9.57	 23.78	  8.65	 24.26	 24.75	  6.31	 26.75	 21.43	 23.11	 24.32	  7.74	 24.00	 21.19	  2.93	 24.67	 27.92	  7.72	 24.91	 24.05	  9.51	  6.48	  4.98	 24.68	 25.44	 10.43	 23.99	  9.73	 23.52	 25.45	  9.36	 30.49	 27.71	 26.86	  7.92	 32.52	 10.45	 24.01	 24.94	 23.10	  5.32	 11.04	 24.34	 25.58	 21.61	 21.84	 10.80	 24.86	 23.97	 23.35		Arizona_elegans 1
		  0.00	 26.44	 26.97	 12.15	 11.04	 26.12	  9.33	 27.86	 27.18	  7.39	 29.47	 24.65	 25.29	 29.06	 10.04	 25.09	 25.81	  7.65	 26.23	 30.34	 10.43	 26.72	 27.90	 12.25	  7.78	  8.54	 26.88	 27.89	  9.39	 28.03	  9.63	 26.60	 27.22	 11.04	 31.87	 29.72	 30.50	  7.66	 33.38	 13.06	 27.56	 27.14	 27.32	  10.00	 11.48	 27.63	 30.46	 24.16	 24.24	 10.24	 28.01	 26.76	 26.68		Thermophis_baileyi 2
			  0.00	 21.73	 25.29	 24.05	 15.28	 25.74	 19.99	 17.93	 25.97	 26.55	 17.67	 14.32	 18.50	 23.52	 18.10	 14.79	 25.77	 16.68	 18.29	 23.97	 16.73	 18.75	 27.02	 26.64	 25.08	 21.61	 18.12	 28.86	 14.90	 26.41	 14.67	 19.83	 24.64	 27.32	 19.38	 20.51	 25.50	 25.71	 23.75	 17.58	 18.77	 14.90	 26.87	 24.90	 18.74	 23.13	 17.84	 14.66	 26.00	 14.51	 17.55	 16.71		Elgaria_multicarinata 3
				  0.00	 26.88	 27.93	 20.52	 25.35	 23.10	 19.94	 24.85	 28.87	 20.42	 19.24	 23.54	 26.26	 20.69	 17.39	 24.40	 19.45	 22.84	 26.17	 20.80	 18.84	 25.73	 25.37	 25.76	  1.80	 20.38	 29.44	 20.48	 27.20	 21.30	 20.38	 28.33	 31.69	 24.80	 22.10	 24.86	 29.39	 28.16	 21.07	 18.25	 21.14	 25.72	 26.28	  6.96	 23.05	 20.48	 17.12	 27.18	 21.52	 22.80	 18.44		Aspidocelis_tigris 4
					  0.00	 11.79	 26.76	 10.62	 28.07	 27.36	 10.79	 30.12	 24.21	 25.50	 25.96	 10.05	 25.96	 23.72	 10.72	 24.86	 29.30	  6.90	 26.46	 26.16	 12.42	 11.70	 10.35	 27.99	 27.83	 14.63	 26.59	 11.24	 25.22	 25.97	  6.58	 32.74	 29.66	 28.82	 10.15	 32.06	 10.48	 26.18	 26.40	 25.46	 11.07	 12.74	 28.74	 29.34	 24.82	 24.27	 13.77	 25.72	 27.23	 26.39		Azemiops_feae 5
						  0.00	 24.46	  9.38	 27.32	 23.62	 10.11	 26.76	 23.79	 22.21	 26.36	  9.38	 24.47	 21.18	  9.77	 22.67	 26.85	 11.99	 23.97	 23.63	  7.79	 11.40	  9.75	 27.94	 24.54	 12.34	 25.14	 10.30	 24.68	 24.35	 10.48	 30.71	 26.63	 28.81	 10.87	 30.81	 13.91	 23.14	 22.73	 24.22	 11.24	 10.85	 27.65	 26.32	 21.81	 22.12	 11.03	 25.39	 25.33	 23.82		Charina_bottae 6
							  0.00	 25.91	 18.93	 17.12	 26.56	 25.37	 18.50	 15.52	 17.04	 24.73	 18.32	 12.05	 25.30	 15.91	 19.73	 26.61	 19.26	 18.09	 25.33	 26.32	 26.44	 21.40	 18.37	 28.31	 13.74	 27.80	 16.02	 19.62	 26.36	 29.97	 19.74	 22.13	 25.97	 25.80	 26.17	 20.38	 18.27	 13.36	 27.83	 23.99	 19.26	 23.10	 18.55	 14.48	 27.69	 16.42	 20.55	 17.31		Shinisaurus_crocodilurus 7
								  0.00	 27.85	 25.87	  8.98	 28.83	 22.94	 23.96	 26.97	  9.32	 24.19	 22.71	  8.92	 23.16	 26.85	  9.00	 23.63	 24.75	  9.87	  9.71	  9.46	 26.46	 26.10	 12.32	 25.09	  6.81	 25.48	 26.34	 10.63	 31.66	 27.88	 28.64	  6.97	 30.95	 11.34	 24.94	 24.93	 24.87	  10.00	  9.68	 26.93	 28.08	 21.77	 22.10	  9.57	 25.51	 25.42	 24.69		Ophiophagus_hannah 8
									  0.00	 21.56	 27.13	 24.93	 17.99	 17.25	 12.10	 26.86	 18.24	 13.13	 25.09	 18.01	 23.78	 27.24	 23.49	 20.51	 26.02	 27.10	 26.67	 24.21	 21.53	 26.53	 13.02	 28.07	 12.82	 21.35	 28.84	 28.37	 20.85	 23.34	 27.17	 25.64	 27.92	 21.23	 21.33	 13.79	 26.42	 25.84	 22.02	 22.11	 21.44	 17.58	 28.33	 13.57	 24.18	 19.44		Anolis_sagrei 9
										  0.00	 26.72	 25.20	 17.34	 16.24	 23.54	 23.81	 19.01	 14.91	 25.15	 18.33	 19.47	 26.50	 20.53	  9.34	 24.23	 27.91	 26.50	 21.91	  1.57	 28.63	 17.55	 25.60	 15.63	  6.25	 27.44	 30.73	 20.14	 20.39	 25.59	 25.62	 27.45	 20.32	 11.00	 16.94	 27.42	 25.61	 20.00	 21.86	 17.92	 15.28	 27.96	 19.13	 22.09	  8.81		Lacerta_bilineata 10
											  0.00	 28.32	 23.82	 23.75	 25.81	  8.96	 24.19	 22.74	  6.60	 24.85	 29.43	 10.04	 25.52	 25.77	 11.13	  6.90	  7.11	 25.96	 27.43	  9.39	 25.74	  8.51	 24.57	 27.47	  9.88	 32.35	 28.57	 29.32	  9.43	 33.97	 12.08	 26.22	 26.24	 25.29	  8.17	 10.74	 26.20	 29.69	 23.30	 23.36	  9.53	 26.87	 25.59	 25.97		Imantodes_cenchoa 11
												  0.00	 26.37	 25.28	 28.31	 27.98	 27.32	 21.13	 27.47	 26.18	 30.15	 31.07	 26.37	 23.67	 26.67	 30.67	 27.25	 28.25	 26.33	 29.80	 23.72	 27.70	 22.67	 24.93	 30.18	 21.81	 28.06	 30.63	 29.57	 30.92	 29.77	 27.93	 24.91	 23.50	 28.40	 28.20	 27.58	 30.42	 26.52	 25.51	 28.30	 23.50	 28.76	 22.69		Phrynocephalus_versicolor 12
													  0.00	 14.59	 17.00	 23.78	 16.93	 10.82	 23.14	 11.24	 18.63	 23.34	 17.53	 19.12	 22.84	 24.01	 24.02	 20.74	 18.14	 26.93	 14.55	 24.45	 14.84	 19.19	 23.98	 28.18	 18.40	 18.72	 24.21	 25.77	 24.94	 19.89	 19.75	 14.16	 24.43	 23.78	 18.76	 23.14	 14.97	 11.21	 26.00	 14.35	 19.99	 17.69		Cryptoblepharus_egeriae 13
														  0.00	 16.01	 23.53	  8.27	  5.38	 23.75	 15.01	 18.12	 23.52	 16.66	 16.00	 23.10	 24.20	 23.50	 20.13	 16.64	 25.73	 10.54	 25.25	 12.59	 17.29	 24.62	 28.74	 18.01	 20.51	 23.05	 24.81	 24.40	 18.49	 17.64	 10.72	 25.03	 23.12	 17.00	 18.96	 17.85	 13.14	 24.20	 13.48	 19.00	 15.23		Iguana_delicatissima 14
															  0.00	 26.93	 18.43	 11.14	 25.15	 17.95	 21.64	 26.26	 22.36	 21.13	 24.44	 27.36	 26.98	 23.52	 24.41	 27.83	 10.94	 29.29	 14.89	 22.86	 27.57	 30.46	 20.68	 21.45	 26.50	 25.21	 27.37	 22.50	 21.92	 12.05	 26.47	 25.82	 20.24	 22.12	 21.68	 17.97	 27.87	 14.08	 22.39	 21.12		Anolis_carolinensis 15
																  0.00	 25.08	 22.47	  8.19	 24.38	 27.29	  9.51	 24.36	 25.32	 10.58	 10.23	  8.91	 26.91	 24.94	 12.73	 24.62	  9.05	 24.57	 24.49	  9.34	 30.85	 26.72	 27.72	 10.17	 31.61	 10.41	 23.57	 25.31	 23.52	  9.98	 10.33	 26.23	 28.02	 21.12	 22.29	 12.28	 25.06	 24.29	 24.87		Myanophis_thanlyinensis 16
																	  0.00	  8.63	 24.65	 18.18	 19.14	 23.95	 17.70	 18.16	 23.35	 25.08	 25.06	 21.14	 18.80	 24.38	 13.12	 26.40	 13.52	 20.32	 25.74	 31.37	 18.37	 21.12	 23.93	 25.55	 24.39	 20.31	 20.48	 13.69	 26.17	 25.13	 19.23	 21.04	 19.30	 14.28	 25.53	 15.77	 22.15	 17.77		Cyclura_pinguis 17
																		  0.00	 22.45	 12.86	 16.86	 23.23	 16.08	 13.94	 19.76	 22.73	 24.00	 18.70	 15.85	 23.98	  9.41	 26.06	  9.37	 16.31	 24.52	 27.49	 15.25	 18.49	 23.17	 22.56	 24.55	 15.73	 16.06	  8.78	 24.22	 23.25	 15.74	 18.11	 14.46	 10.94	 25.60	 10.88	 18.87	 13.95		Ctenosaura_bakeri 18
																			  0.00	 25.51	 27.83	  9.44	 25.17	 25.38	 10.49	  6.59	  5.60	 25.51	 25.84	 11.05	 25.05	 10.16	 24.12	 25.88	 10.55	 31.84	 28.56	 27.93	  8.57	 32.54	 12.23	 23.95	 24.90	 24.60	  5.59	 11.29	 25.28	 26.68	 22.95	 22.91	 10.31	 24.58	 25.59	 24.20		Ptyas_mucosa 19
																				  0.00	 18.33	 24.61	 16.18	 17.39	 23.56	 26.21	 24.14	 19.89	 18.72	 26.63	 14.50	 23.55	 15.68	 17.49	 24.67	 30.45	 18.65	 20.57	 25.08	 24.03	 25.12	 19.16	 18.04	 14.50	 24.80	 24.49	 17.99	 23.22	 16.07	 10.80	 25.99	 15.83	 19.87	 17.62		Lerista_edwardsae 20
																					  0.00	 28.38	 19.04	 21.15	 26.60	 29.64	 28.73	 24.96	 19.44	 29.45	 17.88	 29.11	 18.25	 22.80	 29.11	 27.30	 12.04	 16.51	 27.13	 23.16	 29.12	 19.14	 21.09	 17.88	 28.95	 26.52	 20.07	 21.07	 20.92	 17.49	 28.23	 19.07	 22.54	 19.65		Lepidodactylus_listeri 21
																						  0.00	 25.31	 24.24	 12.26	 11.13	  9.99	 27.75	 26.73	 13.28	 25.54	  9.77	 24.12	 25.81	  5.39	 32.85	 29.91	 28.14	  7.83	 32.06	  7.11	 26.21	 24.90	 24.19	  9.79	 12.94	 27.53	 29.35	 20.70	 22.71	 12.29	 25.53	 25.47	 24.64		Bothrops_jararaca 22
																							  0.00	 20.53	 25.42	 25.49	 22.58	 21.69	 20.30	 27.12	 16.60	 25.17	 17.96	 21.45	 26.00	 27.69	 21.28	 23.61	 24.43	 28.27	 25.30	 19.54	 20.50	 17.91	 24.89	 25.92	 20.39	 24.11	 19.32	 15.73	 24.60	 17.50	  6.66	 18.95		Varanus_komodoensis 23
																								  0.00	 23.08	 26.96	 26.50	 20.58	 10.07	 27.42	 17.52	 25.47	 16.21	  9.14	 27.64	 27.61	 19.65	 21.48	 23.34	 24.95	 26.94	 20.32	 10.27	 16.71	 25.75	 24.51	 20.36	 19.83	 17.45	 17.38	 27.57	 17.89	 22.07	  4.01		Podarcis_muralis 24
																									  0.00	 12.96	 11.04	 25.90	 25.83	 13.27	 24.54	 11.78	 24.46	 24.43	 12.25	 31.23	 27.18	 28.63	 11.23	 33.63	 13.39	 24.55	 23.95	 23.88	 10.86	 13.09	 25.01	 27.59	 22.19	 22.02	 12.98	 25.40	 26.19	 23.47		Morelia_viridis 25
																										  0.00	  8.88	 26.48	 28.63	 11.20	 26.61	 10.88	 25.66	 28.44	 11.91	 33.35	 28.37	 30.48	  9.98	 34.39	 13.39	 26.43	 26.71	 26.62	  8.69	 12.79	 26.25	 28.28	 23.76	 24.23	 12.43	 26.83	 25.82	 26.69		Diadophis_punctatus 26
																											  0.00	 27.34	 27.69	 11.05	 24.61	  7.99	 24.13	 26.98	 10.18	 31.60	 29.03	 28.16	  9.26	 32.01	 12.21	 25.98	 26.22	 24.38	  4.39	 10.72	 26.89	 29.72	 23.18	 24.04	 10.31	 25.28	 24.73	 26.00		Pantherophis_guttatus 27
																												  0.00	 22.36	 29.57	 20.29	 28.31	 21.75	 21.92	 28.95	 32.80	 25.40	 23.41	 25.50	 29.36	 28.54	 21.09	 19.33	 22.03	 26.83	 26.78	  7.14	 24.36	 21.02	 18.43	 28.29	 21.96	 23.33	 19.76		Aspidoscelis_marmoratus 28
																													  0.00	 28.87	 18.34	 27.25	 16.01	  6.40	 28.15	 31.50	 20.11	 21.22	 26.29	 25.81	 27.68	 21.17	 12.14	 17.52	 27.65	 26.30	 19.78	 22.51	 18.32	 16.08	 28.69	 20.15	 22.75	  9.54		Lacerta_viridis 29
																														  0.00	 27.60	 12.73	 27.08	 28.68	 15.07	 32.20	 28.74	 31.79	 12.54	 33.27	 15.21	 29.76	 25.78	 26.19	 11.98	 14.48	 28.85	 32.09	 25.60	 26.06	 11.76	 28.01	 28.42	 26.70		Boaedon_fuliginosus 30
																															  0.00	 26.89	  9.84	 19.19	 26.18	 28.82	 17.35	 19.07	 24.83	 22.41	 24.62	 18.40	 18.09	  3.04	 25.70	 23.76	 18.36	 19.30	 16.97	 14.84	 26.03	  8.77	 17.75	 16.96		Phrynosoma_platyrhinos 31
																																  0.00	 25.69	 26.58	  9.78	 31.69	 29.80	 28.89	  7.85	 32.49	 12.93	 25.14	 27.00	 25.96	  9.95	 10.96	 29.57	 30.23	 24.27	 23.12	  8.00	 26.16	 27.30	 25.83		Naja_naja 32
																																	  0.00	 17.65	 25.03	 27.58	 18.05	 18.38	 24.33	 22.61	 24.57	 19.35	 18.43	  9.47	 24.75	 24.86	 18.73	 19.44	 17.57	 12.15	 26.19	  4.07	 19.57	 15.23		Sceloporus_tristichus 33
																																		  0.00	 26.73	 32.29	 21.68	 22.61	 26.57	 25.62	 26.97	 21.80	 11.78	 18.14	 27.18	 25.87	 20.23	 23.86	 17.90	 16.49	 28.25	 20.16	 23.85	  9.88		Lacerta_agilis 34
																																			  0.00	 32.88	 29.95	 29.29	 10.39	 33.58	  7.30	 26.87	 26.45	 25.50	 11.47	 12.20	 28.52	 30.09	 23.51	 23.16	 12.09	 25.52	 26.60	 26.67		Protobothrops_mucrosquamatus 35
																																				  0.00	 26.67	 31.21	 31.81	 31.67	 33.88	 33.41	 30.56	 28.58	 32.04	 30.44	 30.70	 34.83	 31.16	 28.67	 32.15	 27.90	 29.95	 28.00		Pogona_vitticeps 36
																																					  0.00	 18.81	 28.28	 22.26	 30.44	 21.96	 20.66	 17.75	 29.71	 26.75	 22.40	 21.81	 21.21	 18.03	 30.71	 19.96	 22.16	 18.41		Gekko_japonicus 37
																																						  0.00	 27.90	 21.57	 29.55	 21.74	 22.04	 18.86	 27.89	 27.83	 21.67	 20.74	 22.15	 17.73	 30.07	 20.29	 24.37	 20.59		Sphaerodactylus_townsendi 38
																																							  0.00	 31.71	 10.71	 25.06	 24.88	 24.38	  9.26	  9.46	 26.19	 28.50	 22.68	 22.65	  9.26	 25.47	 25.14	 23.74		Bungarus_multicintus 39
																																								  0.00	 32.55	 27.50	 27.19	 23.76	 32.74	 30.72	 27.67	 24.24	 28.38	 23.37	 32.62	 24.58	 32.98	 25.87		Paroedura_picta 40
																																									  0.00	 25.27	 25.13	 24.62	 12.77	 12.54	 26.88	 30.38	 21.96	 24.29	 13.36	 25.53	 25.24	 27.38		Crotalus_tigris 41
																																										  0.00	 20.30	 19.41	 26.17	 23.16	 18.75	 24.09	 18.85	 17.51	 26.90	 20.00	 21.80	 21.12		Sphenodon_punctatus 42
																																											  0.00	 18.71	 25.97	 23.83	 17.85	 22.12	 17.88	 18.23	 28.67	 19.29	 23.39	 10.64		Zootoca_vivipara 43
																																												  0.00	 25.02	 22.90	 19.00	 20.34	 15.94	 14.45	 24.88	  8.06	 17.96	 16.55		Phrynosoma_blainvillii 44
																																													  0.00	 12.60	 26.86	 29.45	 23.56	 24.42	 12.35	 26.81	 25.58	 25.49		Pituophis_catenifer 45
																																														  0.00	 26.43	 26.76	 22.52	 23.85	 11.85	 24.65	 24.75	 24.69		Tropidonophis_doriae 46
																																															  0.00	 20.44	 19.22	 18.60	 28.04	 19.16	 21.96	 19.34		Salvator_merianae 47
																																																  0.00	 23.49	 20.26	 29.92	 21.55	 26.41	 18.98		Eublepharis_macularius 48
																																																	  0.00	 14.37	 24.16	 18.34	 20.00	 17.25		Hemicordylus_capensis 49
																																																		  0.00	 25.31	 14.81	 18.80	 15.80		Plestiodon_gilberti 50
																																																			  0.00	 26.91	 26.98	 27.72		Laticauda_colubrina 51
																																																				  0.00	 19.23	 17.11		Sceloporus_occidentalis 52
																																																					  0.00	 20.78		Varanus_salvator 53
																																																						  0.00		Podarci_raffonei 54
