Distance Matrix
---------------

Using the Tamura correction method
Using base positions 12 in the codon
Gap weighting is 0.000000

	    1	    2	    3	    4	    5	    6	    7	    8	    9	    10	    11	    12	    13	    14	    15	    16	    17	    18	    19	    20	    21	    22	    23	    24	    25	    26	    27	    28	    29	    30	    31	    32	    33	    34	    35	    36	    37	    38	    39	    40	    41	    42	    43	    44	    45	    46	    47	    48	    49	    50	    51	    52	    53	    54	    55	    56
	  0.00	 14.32	 66.40	 18.32	 74.69	 27.25	 29.05	 33.31	 74.07	 19.83	 72.67	 67.24	 21.23	 73.98	 77.83	 66.19	 69.23	 23.84	 71.54	 70.95	  9.63	 73.03	 85.60	 30.03	 78.75	 67.24	 40.23	 20.50	  9.28	 72.94	 67.92	 25.56	 68.86	 21.65	 74.22	 63.38	 28.22	 81.50	 72.99	 77.70	 20.82	 77.58	 30.59	 82.90	 72.19	 72.54	 12.23	 19.04	 73.93	 66.76	 77.25	 71.54	 27.87	 75.55	 82.17	 67.34		Arizona_elegans 1
		  0.00	 70.95	 15.13	 84.06	 30.12	 30.58	 34.44	 80.09	 17.05	 72.58	 70.15	 14.45	 77.29	 75.44	 69.40	 76.48	 23.29	 73.54	 73.36	 15.68	 71.62	 79.99	 29.03	 76.78	 72.38	 35.31	 14.82	 14.97	 79.24	 70.73	 22.81	 77.08	 14.28	 75.35	 69.15	 25.67	 86.60	 79.09	 70.99	 19.23	 81.80	 28.12	 75.84	 73.52	 77.88	 18.55	 17.04	 75.11	 70.19	 78.55	 72.80	 21.09	 77.48	 80.19	 73.26		Thermophis_baileyi 2
			  0.00	 75.88	 56.79	 78.40	 78.38	 79.39	 36.36	 75.88	 41.06	 33.44	 72.64	 49.31	 44.31	 34.09	 42.78	 69.79	 33.19	 31.85	 74.25	 39.52	 43.74	 75.85	 56.70	 35.82	 79.27	 73.44	 69.43	 54.89	 34.38	 75.86	 33.86	 80.03	 38.62	 34.36	 73.52	 46.94	 45.01	 44.26	 80.03	 63.26	 79.37	 41.20	 34.34	 32.45	 74.14	 75.82	 54.80	 40.19	 45.99	 33.11	 82.20	 39.13	 49.81	 35.38		Elgaria_multicarinata 3
				  0.00	 80.24	 26.17	 30.99	 33.27	 81.70	 20.27	 73.52	 74.47	 17.33	 77.68	 73.86	 70.30	 77.43	 22.99	 77.57	 76.76	 19.64	 74.85	 80.10	 27.89	 80.31	 73.57	 39.31	 15.42	 18.38	 80.05	 74.41	 18.08	 74.44	 19.94	 77.60	 70.36	 27.32	 90.17	 76.55	 75.83	 19.79	 82.80	 27.11	 82.01	 75.42	 75.95	 17.86	 17.93	 77.61	 71.50	 79.62	 75.76	 25.51	 77.34	 81.01	 73.64		Thamnophis_elegans 4
					  0.00	 89.44	 87.91	 75.70	 47.26	 78.99	 47.21	 43.61	 81.13	 52.06	 43.72	 43.25	 49.02	 76.73	 43.78	 42.71	 83.74	 47.54	 46.65	 91.01	 64.83	 45.78	 80.82	 79.36	 74.89	  2.18	 45.83	 88.30	 45.55	 84.74	 47.20	 43.54	 85.44	 54.53	 38.98	 46.61	 79.59	 56.43	 86.79	 59.02	 47.60	 46.64	 80.04	 78.97	 17.03	 46.00	 52.10	 48.31	 80.33	 47.15	 56.67	 44.10		Aspidocelis_tigris 5
						  0.00	 20.92	 38.74	 80.79	 28.51	 77.69	 78.72	 27.80	 79.21	 79.74	 78.41	 75.11	 30.71	 83.50	 82.77	 24.18	 74.08	 86.43	 16.36	 81.28	 78.04	 37.35	 31.96	 26.79	 90.07	 77.83	 36.40	 80.46	 28.28	 81.27	 77.88	 14.59	 92.63	 81.05	 81.07	 28.71	 82.72	 15.67	 85.38	 86.24	 82.99	 26.20	 25.58	 80.35	 81.36	 76.16	 75.03	 33.58	 78.64	 79.42	 78.95		Azemiops_feae 6
							  0.00	 39.89	 77.63	 30.74	 81.85	 76.92	 31.85	 82.10	 81.46	 82.08	 85.39	 32.56	 81.31	 82.52	 26.81	 78.16	 84.91	 23.41	 85.56	 73.58	 46.15	 34.47	 27.54	 87.62	 75.24	 41.58	 80.08	 31.28	 84.47	 79.19	 21.43	 90.02	 82.94	 85.36	 33.46	 91.85	 21.47	 92.30	 91.18	 82.64	 30.33	 29.90	 84.13	 82.41	 78.67	 77.61	 33.96	 83.01	 79.69	 76.65		Daboia_siamensis 7
								  0.00	 75.81	 36.07	 78.51	 77.90	 39.43	 82.50	 80.57	 73.40	 81.82	 36.15	 74.22	 76.81	 35.93	 76.53	 81.68	 37.18	 82.91	 77.76	 21.59	 35.05	 34.02	 73.97	 79.58	 37.98	 75.32	 35.77	 69.75	 79.53	 36.71	 92.32	 77.69	 76.70	 36.70	 82.10	 40.92	 81.86	 81.79	 78.49	 39.87	 32.71	 73.54	 79.29	 80.69	 74.96	 35.60	 75.71	 78.06	 77.83		Charina_bottae 8
									  0.00	 82.68	 30.24	 30.20	 81.01	 42.10	 27.46	 24.64	 32.25	 73.92	 24.62	 22.26	 81.93	 29.36	 33.61	 78.21	 49.44	 32.46	 75.72	 81.67	 75.88	 47.85	 31.10	 90.18	 23.99	 89.33	 28.07	 30.66	 78.45	 42.33	 38.12	 39.58	 78.09	 58.14	 77.51	 41.06	 34.38	 24.78	 79.99	 83.60	 47.72	 39.07	 42.72	 27.07	 85.73	 28.92	 41.20	 31.57		Shinisaurus_crocodilurus 9
										  0.00	 73.24	 69.74	 19.25	 76.40	 76.13	 70.10	 75.70	 27.92	 73.97	 73.31	 19.75	 73.88	 90.17	 29.38	 79.19	 67.94	 37.07	 22.48	 18.60	 78.75	 71.11	 23.35	 76.88	 13.23	 73.33	 70.92	 30.15	 92.07	 79.02	 78.22	 18.43	 78.46	 30.92	 78.22	 77.07	 78.44	 21.09	 19.11	 75.29	 69.57	 74.48	 72.35	 18.69	 75.64	 76.92	 67.36		Ophiophagus_hannah 10
											  0.00	 29.42	 81.92	 43.87	 30.71	 23.64	 18.71	 73.13	 22.42	 20.88	 79.40	 31.78	 34.33	 80.96	 46.07	 30.29	 77.50	 75.23	 76.76	 47.20	 29.40	 80.19	 22.89	 79.94	 21.38	 27.23	 82.14	 47.87	 38.93	 36.98	 73.84	 50.57	 81.87	 42.95	 34.36	 21.65	 80.20	 76.74	 47.18	 34.32	 39.00	 29.41	 82.71	 22.07	 42.45	 29.84		Anolis_sagrei 11
												  0.00	 76.38	 46.42	 29.81	 21.15	 29.90	 67.35	 22.72	 21.95	 74.56	 27.40	 38.91	 83.76	 45.88	 11.19	 77.72	 73.78	 69.04	 43.04	  2.09	 73.92	 23.53	 73.35	 24.73	  6.16	 80.39	 42.59	 37.06	 31.97	 72.30	 50.75	 81.51	 39.56	 18.36	 20.77	 71.20	 77.71	 43.45	 37.80	 35.37	 24.80	 76.30	 24.80	 43.17	 10.48		Lacerta_bilineata 12
													  0.00	 71.66	 73.99	 68.99	 82.63	 22.95	 78.41	 74.36	 17.20	 75.82	 77.11	 27.33	 83.73	 75.32	 36.61	 15.92	 18.00	 78.08	 78.68	 24.41	 76.98	 21.01	 75.25	 76.94	 26.30	 84.65	 71.89	 76.68	 20.65	 76.67	 27.32	 76.83	 77.35	 77.00	 21.22	 18.06	 77.39	 69.06	 73.99	 75.98	 24.28	 78.43	 81.89	 75.42		Imantodes_cenchoa 13
														  0.00	 38.88	 37.85	 46.07	 73.00	 42.11	 42.12	 77.50	 38.66	 43.93	 75.43	 55.39	 45.78	 88.03	 82.05	 75.64	 52.66	 47.62	 87.23	 40.54	 84.05	 39.42	 44.58	 78.98	 36.73	 45.11	 46.60	 78.10	 59.50	 76.51	 49.71	 45.20	 44.41	 77.43	 71.36	 55.18	 42.22	 48.50	 38.98	 73.77	 43.75	 51.05	 46.37		Phrynocephalus_versicolor 14
															  0.00	 26.30	 34.06	 73.02	 26.30	 25.52	 84.98	 19.05	 32.22	 78.14	 48.45	 29.43	 78.82	 75.44	 72.94	 43.20	 31.15	 78.76	 26.87	 78.75	 28.94	 30.26	 76.93	 46.64	 34.28	 33.52	 74.53	 52.88	 78.11	 39.15	 37.76	 24.38	 78.85	 75.52	 45.38	 35.50	 39.69	 18.64	 75.57	 26.42	 46.16	 28.10		Cryptoblepharus_egeriae 15
																  0.00	 24.69	 63.83	  8.24	  7.95	 71.76	 21.24	 31.78	 75.10	 44.18	 24.77	 70.94	 70.19	 65.00	 43.25	 22.34	 75.85	 15.09	 72.42	 16.85	 23.96	 74.69	 36.76	 33.36	 32.16	 68.96	 44.88	 73.62	 33.96	 26.00	 13.64	 67.90	 69.54	 42.70	 30.30	 30.44	 20.38	 75.10	 17.24	 41.10	 24.77		Iguana_delicatissima 16
																	  0.00	 76.33	 25.86	 25.88	 80.10	 35.00	 40.95	 83.42	 46.79	 33.07	 81.70	 79.08	 75.79	 50.20	 31.32	 79.98	 24.91	 80.83	 24.05	 28.52	 83.43	 48.40	 44.89	 45.13	 72.19	 55.90	 88.12	 44.12	 36.28	 24.44	 77.45	 74.27	 46.58	 41.60	 39.79	 31.44	 90.43	 25.69	 43.13	 31.66		Anolis_carolinensis 17
																		  0.00	 70.07	 68.78	 22.70	 68.95	 76.27	 27.51	 75.22	 70.24	 35.92	 24.16	 22.90	 74.56	 68.59	 29.16	 73.71	 27.55	 76.68	 72.23	 26.63	 77.47	 73.73	 76.06	 24.43	 81.70	 27.16	 72.93	 75.71	 72.54	 24.72	 21.97	 70.01	 69.11	 73.80	 72.30	 35.54	 74.90	 78.92	 69.02		Myanophis_thanlyinensis 18
																			  0.00	  7.30	 78.30	 21.63	 30.86	 83.44	 44.76	 25.14	 76.53	 76.56	 71.70	 44.33	 24.32	 83.60	 15.77	 78.09	 16.83	 24.33	 78.93	 39.25	 32.45	 32.61	 76.23	 48.88	 75.11	 35.32	 28.53	 14.34	 75.69	 76.63	 46.00	 32.57	 34.46	 21.98	 78.43	 16.85	 42.67	 25.17		Cyclura_pinguis 19
																				  0.00	 75.10	 21.63	 29.11	 79.24	 45.92	 24.79	 74.19	 74.21	 68.01	 43.26	 23.55	 78.46	 15.77	 75.71	 16.50	 24.39	 78.60	 39.26	 33.84	 33.07	 73.05	 45.96	 76.00	 34.87	 30.01	 13.63	 71.81	 74.30	 46.66	 31.20	 31.31	 20.39	 78.51	 16.14	 41.68	 23.99		Ctenosaura_bakeri 20
																					  0.00	 78.15	 89.78	 27.66	 80.32	 72.88	 35.58	 20.60	 12.09	 83.58	 75.29	 27.12	 78.82	 21.76	 79.39	 75.17	 27.80	 87.11	 75.53	 80.65	 20.76	 81.17	 26.79	 75.77	 79.96	 78.55	 13.56	 18.57	 77.13	 68.32	 76.36	 77.45	 23.89	 79.93	 83.66	 72.99		Ptyas_mucosa 21
																						  0.00	 33.88	 72.48	 52.67	 26.56	 77.30	 78.23	 69.21	 47.59	 26.56	 79.96	 22.96	 73.85	 24.14	 28.27	 71.84	 41.67	 36.98	 30.29	 69.75	 54.32	 72.54	 36.06	 34.10	 22.17	 73.99	 78.16	 45.26	 35.31	 37.06	 13.67	 74.13	 22.95	 46.08	 26.13		Lerista_edwardsae 22
																							  0.00	 84.76	 50.84	 42.48	 77.23	 80.08	 82.77	 46.64	 41.45	 90.54	 34.87	 91.83	 35.29	 40.41	 83.48	 45.67	 23.79	 30.88	 87.55	 45.40	 81.40	 43.56	 43.03	 31.10	 87.41	 84.19	 47.43	 39.05	 41.49	 34.10	 88.92	 34.33	 48.54	 40.37		Lepidodactylus_listeri 23
																								  0.00	 79.97	 80.54	 39.23	 30.55	 28.58	 88.96	 82.82	 36.72	 81.15	 29.18	 80.37	 82.86	 12.09	 84.51	 80.09	 76.95	 27.85	 79.95	 14.28	 83.59	 93.66	 82.90	 32.29	 26.39	 83.90	 78.50	 76.91	 74.98	 33.98	 77.84	 77.04	 81.48		Bothrops_jararaca 24
																									  0.00	 46.39	 76.76	 81.01	 88.60	 64.18	 45.91	 82.87	 48.37	 80.86	 45.55	 44.76	 79.41	 60.85	 57.81	 49.45	 79.16	 66.20	 80.98	 55.33	 49.71	 46.14	 83.81	 86.64	 57.23	 48.59	 52.40	 48.14	 91.63	 47.32	 17.25	 48.71		Varanus_komodoensis 25
																										  0.00	 79.26	 75.41	 69.06	 45.19	 11.88	 76.16	 26.10	 71.64	 24.36	 11.86	 78.24	 43.12	 35.57	 35.63	 69.72	 52.66	 80.11	 42.13	 19.03	 25.19	 68.95	 78.51	 44.55	 36.83	 37.47	 24.02	 77.54	 26.05	 43.15	  2.38		Podarcis_muralis 26
																											  0.00	 35.43	 37.67	 79.81	 79.36	 42.64	 75.93	 39.70	 69.52	 79.34	 38.12	 88.61	 77.37	 80.53	 40.68	 82.01	 42.93	 74.89	 79.70	 75.91	 39.63	 35.85	 74.90	 77.67	 78.61	 72.47	 42.50	 70.97	 77.92	 78.44		Morelia_viridis 27
																												  0.00	 18.95	 78.35	 73.68	 24.89	 77.67	 22.63	 76.70	 73.49	 29.49	 84.81	 75.84	 72.36	 22.41	 80.06	 30.23	 79.31	 77.51	 77.53	 20.92	 19.57	 75.92	 72.45	 78.71	 74.21	 28.33	 78.16	 80.11	 75.53		Diadophis_punctatus 28
																													  0.00	 73.94	 71.22	 24.08	 72.07	 19.54	 72.68	 68.77	 26.85	 82.33	 74.72	 81.77	 20.39	 78.48	 30.11	 80.01	 74.72	 71.92	  7.36	 18.08	 73.07	 69.43	 73.78	 68.65	 26.87	 72.43	 87.33	 69.18		Pantherophis_guttatus 29
																														  0.00	 45.24	 85.40	 46.12	 81.90	 47.20	 43.56	 83.53	 53.26	 38.98	 46.00	 77.71	 57.72	 87.36	 57.73	 46.44	 46.10	 79.03	 76.00	 15.85	 45.98	 50.28	 47.71	 79.21	 47.16	 55.49	 44.07		Aspidoscelis_marmoratus 30
																															  0.00	 76.17	 24.76	 74.08	 26.81	  7.13	 81.11	 44.29	 39.56	 33.32	 74.84	 51.92	 80.57	 41.13	 19.53	 22.33	 72.72	 79.41	 45.13	 38.33	 36.39	 25.20	 76.16	 26.05	 45.35	 11.17		Lacerta_viridis 31
																																  0.00	 78.63	 25.39	 86.61	 75.27	 34.04	 97.28	 82.75	 76.28	 25.20	 87.45	 38.52	 80.89	 83.54	 77.76	 25.36	 22.28	 86.18	 76.40	 75.95	 78.27	 31.88	 88.18	 90.79	 75.48		Boaedon_fuliginosus 32
																																	  0.00	 81.95	 15.88	 24.75	 77.98	 40.32	 36.48	 32.85	 74.87	 52.56	 79.45	 37.48	 29.03	  6.38	 74.41	 82.18	 50.12	 28.61	 33.89	 23.36	 83.09	 17.64	 41.44	 25.24		Phrynosoma_platyrhinos 33
																																		  0.00	 78.29	 75.65	 26.16	 95.36	 81.63	 71.77	 18.12	 83.65	 30.89	 82.64	 81.22	 81.00	 22.88	 16.38	 78.30	 77.84	 74.39	 73.11	 22.51	 78.08	 86.75	 71.74		Naja_naja 34
																																			  0.00	 24.74	 78.07	 40.79	 34.55	 37.47	 74.75	 48.60	 81.91	 38.43	 26.41	 14.69	 77.59	 82.86	 47.15	 33.17	 36.15	 23.25	 80.36	  9.31	 39.94	 23.95		Sceloporus_tristichus 35
																																				  0.00	 77.99	 43.68	 36.07	 33.78	 72.23	 48.42	 79.86	 41.11	 16.08	 22.32	 71.83	 77.62	 43.99	 37.33	 35.36	 25.22	 76.88	 24.84	 44.77	 11.14		Lacerta_agilis 36
																																					  0.00	 89.31	 77.97	 77.24	 27.20	 81.72	 11.11	 84.68	 89.90	 80.51	 29.98	 25.29	 84.01	 86.52	 76.51	 76.74	 33.88	 77.13	 79.80	 79.17		Protobothrops_mucrosquamatus 37
																																						  0.00	 43.00	 41.85	 87.98	 56.31	 87.47	 50.70	 44.22	 40.80	 85.39	 87.67	 50.49	 45.75	 48.46	 40.27	 86.76	 41.84	 55.83	 44.78		Pogona_vitticeps 38
																																							  0.00	 32.44	 75.41	 40.39	 77.59	 41.15	 40.07	 34.08	 77.30	 74.11	 43.56	 36.29	 39.14	 31.56	 73.60	 35.51	 50.45	 33.67		Gekko_japonicus 39
																																								  0.00	 71.33	 51.01	 77.55	 44.09	 39.99	 29.76	 81.76	 78.06	 44.87	 38.23	 41.05	 29.13	 72.34	 36.54	 49.05	 35.64		Sphaerodactylus_townsendi 40
																																									  0.00	 78.09	 31.44	 78.14	 75.85	 77.31	 19.94	 16.89	 74.75	 70.21	 75.04	 69.74	 26.98	 77.07	 75.85	 69.79		Bungarus_multicintus 41
																																										  0.00	 83.50	 55.67	 53.07	 51.40	 88.95	 77.47	 55.09	 53.65	 49.80	 51.75	 84.52	 48.63	 68.78	 51.46		Paroedura_picta 42
																																											  0.00	 87.69	 90.31	 81.96	 30.98	 28.18	 83.16	 78.65	 77.94	 79.16	 30.60	 80.88	 78.87	 82.65		Crotalus_tigris 43
																																												  0.00	 44.16	 37.47	 83.61	 71.15	 55.80	 40.61	 40.66	 34.89	 75.87	 38.42	 51.26	 41.13		Sphenodon_punctatus 44
																																													  0.00	 26.80	 73.81	 82.33	 46.93	 39.29	 37.33	 27.69	 78.63	 31.77	 45.31	 19.45		Zootoca_vivipara 45
																																														  0.00	 75.87	 80.33	 48.32	 28.96	 32.47	 21.29	 80.46	 15.74	 41.41	 23.53		Phrynosoma_blainvillii 46
																																															  0.00	 20.46	 77.27	 70.23	 75.37	 74.08	 28.09	 78.21	 85.07	 69.05		Pituophis_catenifer 47
																																																  0.00	 75.70	 72.14	 71.33	 74.93	 23.47	 81.71	 90.73	 80.28		Tropidonophis_doriae 48
																																																	  0.00	 50.05	 48.42	 43.75	 85.89	 46.55	 57.27	 45.12		Salvator_merianae 49
																																																		  0.00	 41.26	 32.60	 75.20	 31.19	 44.79	 37.30		Eublepharis_macularius 50
																																																			  0.00	 33.61	 68.97	 35.18	 49.68	 35.53		Hemicordylus_capensis 51
																																																				  0.00	 73.00	 20.51	 44.17	 24.02		Plestiodon_gilberti 52
																																																					  0.00	 82.78	 86.42	 78.49		Laticauda_colubrina 53
																																																						  0.00	 41.40	 24.82		Sceloporus_occidentalis 54
																																																							  0.00	 43.73		Varanus_salvator 55
																																																								  0.00		Podarci_raffonei 56
