Distance Matrix
---------------

Using the Tamura correction method
Using base positions 12 in the codon
Gap weighting is 0.000000

	    1	    2	    3	    4	    5	    6	    7	    8	    9	    10	    11	    12	    13	    14	    15	    16	    17	    18	    19	    20	    21	    22	    23	    24	    25	    26	    27	    28	    29	    30	    31	    32	    33	    34	    35	    36	    37	    38	    39	    40	    41	    42	    43	    44	    45	    46	    47	    48
	  0.00	 56.57	 73.08	 18.99	 22.18	 56.58	 11.24	 56.66	 59.36	 10.77	 81.02	 63.23	 52.36	 51.37	 13.82	 52.29	 57.69	 13.92	 58.18	 55.53	 16.37	 62.54	 60.24	 10.74	 71.86	 62.08	 51.26	 11.29	 45.06	 60.37	 17.69	 63.58	 55.87	 62.77	 74.33	 15.07	 59.50	 60.48	 59.53	  8.89	 62.94	 59.17	 56.39	 60.66	 18.53	 46.89	 52.13	 56.39		Thermophis_baileyi 1
		  0.00	 28.96	 52.70	 56.72	 17.16	 55.29	 33.30	 38.78	 58.28	 47.15	 28.29	 22.48	 26.32	 62.42	 23.23	 30.60	 58.32	 25.68	 33.61	 51.36	 33.99	 37.29	 57.26	 32.03	 40.24	 19.24	 57.53	 22.47	 37.81	 53.53	 47.78	 41.08	 36.07	 55.51	 48.11	 40.10	 33.68	 19.20	 56.00	 34.90	 36.24	 26.02	 23.21	 57.85	 19.78	 32.37	 35.51		Elgaria_multicarinata 2
			  0.00	 69.94	 80.33	 34.74	 69.52	 43.06	 39.59	 71.20	 47.52	 43.17	 37.45	 35.05	 73.84	 43.56	 49.81	 66.42	 39.39	 46.88	 65.69	 41.08	 42.62	 70.10	  8.80	 41.15	 36.33	 79.61	 42.94	 42.41	 65.24	 43.47	 53.15	 47.35	 64.03	 63.08	 42.30	 37.67	 37.10	 68.54	 16.63	 34.94	 34.47	 38.74	 74.90	 40.23	 38.14	 41.61		Aspidocelis_tigris 3
				  0.00	 15.92	 55.56	 17.78	 50.29	 57.80	 20.52	 89.15	 56.14	 47.17	 53.81	 21.41	 48.27	 48.75	 17.78	 53.96	 53.16	  7.18	 57.91	 56.16	 18.43	 65.54	 60.43	 45.66	 19.12	 43.15	 60.16	 12.12	 69.06	 53.32	 48.67	 73.89	 10.20	 59.41	 60.99	 51.75	 18.44	 62.54	 58.92	 55.35	 51.96	 21.88	 40.37	 45.89	 54.97		Azemiops_feae 4
					  0.00	 63.11	 20.01	 49.09	 58.89	 23.89	 74.01	 56.51	 53.83	 56.79	 24.89	 53.90	 59.51	 23.08	 58.41	 59.75	 15.86	 60.95	 65.92	 23.08	 72.63	 58.89	 49.14	 21.50	 48.77	 60.56	 18.83	 86.62	 61.05	 57.13	 79.15	 16.55	 60.17	 61.52	 57.09	 23.91	 76.17	 66.17	 58.77	 56.40	 26.26	 45.54	 51.25	 58.36		Daboia_siamensis 5
						  0.00	 51.50	 33.91	 33.66	 54.44	 45.99	 26.14	 21.08	 23.26	 65.17	 25.50	 26.22	 53.74	 22.62	 37.09	 56.72	 35.21	 32.19	 55.56	 34.67	 35.80	 18.52	 54.86	 19.14	 33.62	 59.10	 42.58	 36.83	 41.15	 57.77	 50.70	 38.35	 33.67	 20.55	 55.61	 32.60	 34.03	 30.54	 21.90	 57.93	 17.18	 34.21	 30.57		Shinisaurus_crocodilurus 6
							  0.00	 58.76	 60.18	 13.82	 84.32	 54.94	 51.43	 50.14	 17.80	 48.65	 55.11	 12.60	 53.15	 57.25	 15.77	 60.74	 57.57	 13.87	 66.74	 61.50	 46.52	  7.73	 49.11	 61.70	 15.14	 69.22	 59.75	 59.61	 79.43	 13.75	 63.33	 63.64	 56.61	 11.30	 62.23	 57.80	 58.87	 53.99	 13.26	 47.96	 51.54	 53.92		Ophiophagus_hannah 7
								  0.00	 37.11	 57.20	 59.11	 36.74	 23.19	 21.24	 56.60	 27.75	 27.28	 51.60	 34.03	 39.24	 49.02	 34.55	 43.53	 47.54	 41.92	 38.53	 20.55	 61.15	 29.37	 38.83	 51.12	 58.68	 48.98	 37.21	 58.82	 48.08	 44.82	 43.49	 22.76	 49.89	 39.98	 33.07	 32.53	 32.49	 59.62	 28.41	 33.06	 40.62		Anolis_sagrei 8
									  0.00	 53.35	 54.36	 31.12	 27.53	 33.82	 58.98	 31.46	 35.30	 63.01	 30.90	 46.05	 56.82	 39.39	 16.21	 57.84	 40.17	  3.75	 33.03	 51.90	 28.38	  5.93	 54.10	 44.48	 52.11	 43.14	 58.36	 52.14	 46.89	 16.31	 31.32	 61.96	 38.51	 34.93	 36.08	 35.02	 58.03	 26.83	 38.14	 12.29		Lacerta_bilineata 9
										  0.00	 89.75	 54.94	 47.58	 47.78	 17.93	 45.65	 58.56	 13.36	 49.68	 51.12	 17.85	 53.05	 58.86	 12.76	 60.81	 55.80	 50.48	 11.92	 47.56	 55.55	 20.68	 66.99	 58.97	 57.43	 71.91	 16.52	 58.30	 56.86	 55.25	 12.77	 56.44	 58.25	 50.20	 52.48	 19.24	 48.30	 48.97	 52.75		Imantodes_cenchoa 10
											  0.00	 56.42	 57.86	 59.17	102.41	 61.64	 68.39	 92.75	 55.48	 50.16	 82.05	 55.04	 46.10	 89.51	 49.28	 56.50	 55.45	 89.80	 48.22	 51.77	 81.14	 39.88	 46.70	 57.29	 63.17	 78.71	 65.99	 52.43	 61.41	 92.49	 54.15	 55.39	 51.05	 53.84	 89.33	 49.69	 60.35	 45.05		Phrynocephalus_versicolor 11
												  0.00	 25.54	 30.90	 65.49	 27.82	 36.91	 56.78	 15.98	 33.77	 55.14	 38.73	 33.50	 60.65	 39.11	 33.29	 24.74	 55.92	 30.09	 32.73	 53.63	 57.05	 39.47	 38.77	 55.67	 51.67	 44.20	 36.80	 25.56	 59.26	 44.77	 31.98	 32.05	 17.31	 61.75	 27.03	 43.60	 31.78		Cryptoblepharus_egeriae 12
													  0.00	 21.16	 56.87	 10.53	  8.66	 51.88	 27.09	 33.84	 45.18	 33.69	 36.75	 49.71	 36.44	 29.45	 17.13	 49.65	 20.46	 29.03	 48.30	 46.63	 35.36	 36.06	 55.03	 44.28	 31.51	 32.29	 16.52	 50.92	 33.12	 33.04	 26.71	 21.34	 50.67	 19.10	 30.57	 32.35		Iguana_delicatissima 13
														  0.00	 53.78	 24.24	 30.88	 50.66	 26.38	 39.86	 51.08	 38.72	 43.14	 50.94	 34.76	 36.93	 19.39	 56.94	 25.49	 36.34	 48.49	 49.50	 43.05	 42.79	 55.66	 47.78	 41.86	 39.68	 20.04	 52.23	 37.25	 32.43	 29.02	 27.97	 54.65	 26.40	 35.28	 39.20		Anolis_carolinensis 14
															  0.00	 57.45	 56.37	 15.84	 62.95	 57.31	 20.77	 65.33	 70.58	 15.79	 69.12	 61.77	 54.29	 17.04	 53.58	 65.90	 22.19	 72.84	 61.89	 61.91	 77.02	 17.92	 70.30	 66.78	 58.71	 13.15	 66.66	 65.36	 58.47	 66.04	 23.61	 48.67	 58.34	 61.24		Myanophis_thanlyinensis 15
																  0.00	 13.07	 51.55	 26.24	 30.59	 48.57	 33.76	 36.92	 51.31	 42.36	 35.34	 19.29	 49.97	 25.63	 32.22	 51.97	 46.85	 40.51	 42.55	 54.18	 48.86	 39.25	 33.96	 18.06	 52.60	 37.50	 35.77	 34.85	 24.23	 55.45	 21.42	 35.57	 31.62		Cyclura_pinguis 16
																	  0.00	 55.76	 33.49	 38.84	 49.04	 41.15	 43.73	 52.48	 51.23	 40.58	 27.31	 54.11	 26.26	 39.05	 55.53	 61.28	 39.93	 44.30	 68.97	 51.03	 43.70	 40.57	 24.29	 56.22	 43.75	 39.21	 35.16	 29.02	 57.69	 26.21	 34.52	 39.39		Ctenosaura_bakeri 17
																		  0.00	 53.55	 55.13	 17.86	 59.84	 62.51	 10.28	 63.78	 65.89	 49.31	 14.43	 51.89	 65.53	 17.09	 75.85	 61.19	 56.18	 77.26	 14.49	 62.55	 63.74	 51.97	  9.65	 59.24	 56.16	 54.64	 55.81	 17.82	 47.20	 52.98	 59.86		Ptyas_mucosa 18
																			  0.00	 34.50	 56.29	 33.73	 35.26	 54.57	 35.14	 36.67	 26.39	 52.96	 27.17	 29.99	 56.03	 52.71	 34.45	 33.59	 52.04	 49.20	 44.88	 36.33	 24.92	 58.45	 43.35	 35.92	 32.25	 14.04	 60.90	 27.17	 36.41	 33.47		Lerista_edwardsae 19
																				  0.00	 56.62	 33.61	 45.87	 57.02	 46.71	 51.05	 36.55	 57.49	 38.41	 43.98	 55.19	 53.97	 23.30	 32.39	 40.22	 51.93	 51.96	 44.93	 30.64	 55.72	 42.86	 42.00	 34.62	 30.60	 69.29	 36.37	 37.84	 42.96		Lepidodactylus_listeri 20
																					  0.00	 56.13	 57.69	 17.10	 63.05	 59.43	 46.66	 17.19	 45.92	 59.15	  6.66	 67.46	 60.41	 51.91	 72.06	  5.48	 53.35	 60.04	 51.57	 17.11	 62.40	 54.17	 54.36	 53.47	 18.45	 43.04	 47.69	 54.01		Bothrops_jararaca 21
																						  0.00	 38.22	 61.42	 38.13	 42.97	 36.39	 64.97	 39.36	 39.25	 59.72	 63.50	 39.41	 34.38	 49.03	 55.11	 47.18	 34.07	 34.88	 61.46	 35.61	 35.69	 38.63	 34.47	 69.37	 36.55	 14.92	 35.52		Varanus_komodoensis 22
																							  0.00	 60.97	 44.21	 19.98	 35.81	 58.07	 34.89	 14.26	 56.20	 50.89	 47.66	 45.78	 56.53	 54.18	 48.37	 20.43	 37.52	 62.38	 36.88	 41.26	 37.94	 37.53	 54.63	 31.80	 38.14	  3.71		Podarcis_muralis 23
																								  0.00	 62.66	 60.45	 48.38	 15.15	 47.42	 61.53	 19.16	 67.83	 57.86	 59.42	 80.28	 15.11	 62.92	 59.92	 51.71	  4.37	 57.12	 60.81	 54.87	 57.47	 18.47	 47.05	 51.98	 57.18		Pantherophis_guttatus 24
																									  0.00	 40.73	 37.14	 70.97	 41.82	 42.99	 62.62	 43.43	 52.17	 48.27	 67.52	 57.75	 42.17	 44.22	 36.04	 67.40	 18.04	 34.85	 33.58	 36.72	 66.85	 41.08	 37.16	 41.17		Aspidoscelis_marmoratus 25
																										  0.00	 34.32	 54.25	 31.19	  8.98	 55.29	 49.35	 55.25	 46.78	 65.16	 54.52	 45.41	 20.12	 34.24	 64.80	 41.01	 36.30	 38.32	 38.30	 59.31	 29.53	 40.56	 15.72		Lacerta_viridis 26
																											  0.00	 52.85	 18.02	 35.52	 52.33	 49.21	 38.67	 35.51	 55.28	 44.67	 41.26	 35.46	 10.54	 47.24	 34.37	 30.98	 29.96	 23.48	 46.21	 12.92	 33.87	 34.93		Phrynosoma_platyrhinos 27
																												  0.00	 49.21	 55.66	 16.44	 69.19	 65.04	 60.72	 84.22	 14.43	 62.58	 59.04	 56.91	 15.15	 72.70	 62.35	 57.32	 53.46	 12.09	 46.68	 56.32	 54.30		Naja_naja 28
																													  0.00	 29.10	 46.83	 50.30	 37.03	 32.85	 49.41	 42.95	 36.95	 33.00	 18.65	 50.96	 38.72	 30.66	 29.04	 27.17	 50.68	  4.75	 38.31	 32.31		Sceloporus_tristichus 29
																														  0.00	 56.32	 45.45	 49.82	 40.29	 55.50	 54.30	 46.70	 16.23	 32.90	 62.98	 40.28	 37.53	 37.76	 32.32	 58.17	 29.90	 38.03	 12.97		Lacerta_agilis 30
																															  0.00	 71.82	 64.23	 56.57	 74.96	  7.82	 55.57	 58.48	 50.06	 19.16	 63.47	 56.41	 49.54	 51.96	 20.54	 44.96	 48.63	 55.01		Protobothrops_mucrosquamatus 31
																																  0.00	 67.06	 65.21	 67.32	 64.83	 64.03	 47.40	 47.88	 66.41	 44.57	 56.39	 48.41	 53.15	 71.00	 47.19	 53.41	 47.60		Pogona_vitticeps 32
																																	  0.00	 36.06	 42.05	 56.80	 52.40	 52.82	 42.51	 57.85	 53.12	 41.64	 43.04	 35.30	 66.55	 40.37	 45.16	 47.66		Gekko_japonicus 33
																																		  0.00	 41.31	 49.78	 56.71	 44.87	 36.31	 56.79	 54.04	 33.26	 36.11	 32.84	 58.00	 32.84	 36.99	 43.86		Sphaerodactylus_townsendi 34
																																			  0.00	 72.32	 63.33	 58.92	 58.38	 76.64	 62.91	 51.33	 57.76	 51.05	 84.72	 54.48	 54.05	 52.87		Paroedura_picta 35
																																				  0.00	 54.84	 55.21	 44.81	 15.12	 59.93	 52.00	 48.74	 50.02	 17.11	 41.16	 46.77	 53.02		Crotalus_tigris 36
																																					  0.00	 48.78	 38.46	 63.01	 40.46	 45.29	 44.68	 39.71	 67.15	 37.62	 41.73	 44.05		Sphenodon_punctatus 37
																																						  0.00	 34.64	 61.33	 39.22	 35.48	 37.81	 32.91	 63.30	 30.63	 35.45	 20.44		Zootoca_vivipara 38
																																							  0.00	 54.36	 34.24	 34.58	 26.03	 23.55	 53.43	 15.47	 34.80	 37.52		Phrynosoma_blainvillii 39
																																								  0.00	 59.88	 62.30	 57.51	 58.87	 18.48	 50.49	 53.20	 58.47		Pituophis_catenifer 40
																																									  0.00	 36.21	 39.56	 38.89	 65.29	 35.90	 35.72	 34.17		Salvator_merianae 41
																																										  0.00	 37.94	 39.89	 64.24	 29.16	 37.42	 38.38		Eublepharis_macularius 42
																																											  0.00	 30.51	 61.13	 29.83	 36.07	 36.18		Hemicordylus_capensis 43
																																												  0.00	 59.95	 26.38	 36.25	 36.61		Plestiodon_gilberti 44
																																													  0.00	 49.11	 56.28	 48.79		Laticauda_colubrina 45
																																														  0.00	 35.58	 29.31		Sceloporus_occidentalis 46
																																															  0.00	 34.60		Varanus_salvator 47
																																																  0.00		Podarci_raffonei 48
