Distance Matrix
---------------

Using the Tamura correction method
Using base positions 12 in the codon
Gap weighting is 0.000000

	    1	    2	    3	    4	    5	    6	    7	    8	    9	    10	    11	    12	    13	    14	    15	    16	    17	    18	    19	    20	    21	    22	    23	    24	    25	    26	    27	    28	    29	    30	    31	    32	    33	    34	    35	    36	    37	    38	    39	    40	    41	    42	    43	    44	    45	    46	    47	    48	    49	    50	    51	    52	    53	    54	    55	    56
	  0.00	 10.88	 31.54	 14.85	 37.79	 13.12	 16.53	 16.26	 33.83	 12.45	 32.47	 33.85	 12.82	 38.49	 34.01	 31.12	 37.38	 14.17	 31.47	 27.71	  8.45	 32.31	 36.61	 14.06	 36.29	 35.23	 16.30	 11.54	  5.55	 38.77	 35.33	 16.68	 33.14	 13.66	 31.54	 38.11	 13.65	 40.29	 37.08	 39.31	 15.62	 40.03	103.29	 38.36	 38.71	 32.82	  6.66	 12.94	 37.32	 40.76	 31.25	104.80	 17.76	 30.68	 35.25	 34.50		Arizona_elegans 1
		  0.00	 32.76	 13.15	 38.30	 15.20	 17.18	 17.43	 32.89	 11.61	 34.30	 36.21	 10.25	 38.31	 33.04	 31.39	 37.66	 13.32	 30.33	 28.61	 12.06	 32.80	 36.06	 14.31	 36.87	 37.49	 17.49	  8.70	  9.94	 38.47	 36.20	 15.33	 33.52	 12.67	 33.43	 38.01	 12.68	 43.79	 37.95	 40.25	 16.09	 40.67	 89.51	 39.85	 41.45	 33.39	 11.93	 12.30	 36.73	 40.58	 34.01	104.78	 17.47	 32.00	 35.15	 35.96		Thermophis_baileyi 2
			  0.00	 33.97	 30.79	 32.31	 34.51	 32.57	 22.57	 32.94	 25.81	 30.24	 35.51	 34.00	 25.32	 23.82	 27.40	 36.08	 26.27	 22.21	 33.69	 24.81	 32.08	 33.46	 27.60	 30.37	 32.39	 35.16	 32.60	 32.18	 30.75	 36.97	 25.92	 33.82	 25.70	 29.71	 31.15	 35.04	 32.93	 33.02	 33.77	 34.25	100.21	 34.81	 29.68	 24.77	 32.42	 33.09	 31.95	 32.62	 29.82	103.75	 33.96	 25.86	 25.73	 29.49		Elgaria_multicarinata 3
				  0.00	 39.50	 16.34	 18.05	 19.37	 30.62	 14.27	 35.89	 36.73	 13.01	 37.23	 31.43	 32.10	 36.44	 16.14	 32.47	 28.98	 15.75	 32.39	 34.41	 17.21	 34.52	 36.34	 18.30	 13.04	 14.44	 40.11	 36.72	 14.52	 32.77	 15.68	 32.54	 38.07	 16.81	 41.63	 36.10	 37.89	 18.12	 38.47	109.10	 39.02	 38.05	 32.10	 14.69	 15.09	 38.38	 38.66	 33.53	119.82	 19.72	 32.40	 36.13	 35.91		Thamnophis_elegans 4
					  0.00	 37.22	 38.85	 37.59	 32.23	 38.36	 33.37	 32.85	 40.32	 37.15	 30.50	 32.32	 34.09	 37.26	 32.75	 30.52	 38.91	 30.29	 34.73	 38.91	 33.38	 33.81	 36.30	 39.79	 37.50	  3.42	 33.72	 39.65	 34.31	 39.13	 34.52	 35.69	 38.36	 39.16	 33.43	 36.79	 39.74	 36.61	104.12	 36.79	 32.31	 32.45	 37.50	 37.27	 14.23	 35.65	 28.95	119.70	 39.36	 33.59	 34.11	 32.72		Aspidocelis_tigris 5
						  0.00	 13.13	 16.45	 34.10	 14.99	 34.69	 35.79	 16.52	 39.65	 33.63	 31.36	 37.52	 17.23	 33.62	 27.31	 15.35	 32.72	 34.20	  9.94	 35.68	 35.97	 16.28	 15.13	 14.34	 37.81	 36.35	 19.47	 33.29	 16.64	 33.21	 38.90	  8.14	 41.53	 34.38	 37.52	 16.59	 36.91	117.18	 38.52	 39.58	 33.35	 14.76	 15.41	 37.81	 38.76	 31.69	119.05	 17.33	 32.70	 36.20	 35.05		Azemiops_feae 6
							  0.00	 18.66	 33.55	 17.41	 36.21	 38.69	 18.34	 39.58	 33.37	 33.86	 37.26	 17.06	 35.32	 30.14	 16.85	 34.63	 36.84	 12.98	 38.48	 37.66	 20.08	 17.21	 16.40	 39.46	 38.68	 19.10	 36.45	 18.97	 36.08	 41.82	 13.42	 41.87	 36.15	 38.92	 19.02	 40.90	110.33	 36.46	 41.32	 34.99	 15.80	 17.85	 39.08	 39.74	 34.13	115.55	 21.09	 35.35	 38.60	 36.45		Daboia_siamensis 7
								  0.00	 33.42	 17.27	 32.09	 32.92	 17.75	 36.31	 30.12	 29.52	 32.32	 19.66	 31.27	 26.97	 18.19	 29.90	 33.09	 17.25	 34.70	 34.33	 12.28	 18.36	 17.29	 38.19	 33.27	 19.87	 31.57	 19.35	 30.23	 35.98	 14.98	 37.49	 34.82	 35.16	 17.55	 38.25	 94.31	 36.30	 36.54	 31.99	 17.31	 18.38	 35.12	 36.85	 31.13	120.65	 19.25	 29.87	 35.30	 32.64		Charina_bottae 8
									  0.00	 32.85	 28.39	 28.74	 35.73	 35.14	 27.80	 25.78	 27.53	 34.42	 27.02	 23.21	 34.91	 24.97	 27.69	 35.89	 28.84	 29.13	 33.11	 34.69	 32.69	 32.58	 28.42	 34.60	 25.94	 33.44	 24.88	 29.18	 34.81	 38.51	 30.91	 32.49	 34.31	 36.18	 96.99	 35.28	 30.40	 26.22	 32.09	 32.67	 32.92	 30.78	 29.95	116.80	 36.18	 24.43	 27.15	 27.59		Shinisaurus_crocodilurus 9
										  0.00	 32.56	 35.81	 13.25	 37.86	 33.47	 31.74	 35.22	 14.55	 29.99	 27.87	 14.54	 32.42	 37.03	 15.50	 35.49	 35.87	 16.15	 11.10	 12.72	 39.74	 35.81	 17.58	 31.99	  8.77	 33.39	 39.47	 13.59	 41.72	 38.04	 40.23	  9.60	 38.37	 95.82	 39.50	 40.09	 32.62	 13.67	  9.52	 38.16	 40.19	 31.82	118.11	 10.99	 31.78	 35.71	 35.33		Ophiophagus_hannah 10
											  0.00	 29.26	 35.09	 34.15	 24.81	 20.98	 16.43	 34.54	 21.70	 18.23	 35.34	 24.21	 30.59	 35.57	 30.21	 28.77	 32.47	 35.20	 33.77	 33.36	 29.24	 35.48	 19.51	 34.62	 20.11	 31.13	 34.26	 34.74	 30.68	 30.99	 33.25	 31.03	104.20	 33.42	 29.60	 18.35	 34.33	 33.88	 33.30	 31.53	 25.58	119.89	 34.01	 20.57	 29.81	 28.75		Anolis_sagrei 11
												  0.00	 36.23	 35.15	 27.38	 26.77	 29.63	 37.60	 29.08	 25.61	 36.80	 26.51	 32.33	 36.54	 33.62	 14.02	 34.46	 36.37	 35.88	 32.83	  3.48	 38.35	 28.03	 39.23	 28.76	 13.35	 35.19	 39.31	 31.37	 33.99	 37.08	 37.15	 80.23	 38.07	 15.17	 28.98	 34.91	 34.80	 33.63	 33.20	 27.51	 94.17	 39.38	 27.86	 33.04	 13.07		Lacerta_bilineata 12
													  0.00	 38.66	 33.05	 33.12	 38.38	 15.03	 33.31	 29.86	 13.85	 33.21	 35.13	 15.48	 35.56	 38.09	 18.86	  9.74	 11.57	 40.75	 36.41	 16.31	 34.04	 14.07	 33.95	 38.62	 15.21	 41.05	 39.11	 39.86	 16.55	 40.63	 92.43	 38.85	 41.28	 34.67	 13.07	 14.40	 37.89	 41.55	 32.79	107.53	 17.90	 33.43	 35.97	 37.48		Imantodes_cenchoa 13
														  0.00	 34.79	 32.11	 34.41	 37.93	 33.47	 32.14	 39.71	 31.94	 34.95	 37.58	 36.37	 36.65	 37.14	 36.94	 39.33	 36.97	 34.77	 41.56	 34.13	 39.40	 34.72	 36.24	 37.50	 32.76	 37.37	 38.48	 38.49	 38.21	 79.65	 38.52	 36.87	 33.01	 38.73	 35.77	 37.27	 37.40	 34.07	114.01	 40.99	 33.27	 35.20	 36.20		Phrynocephalus_versicolor 14
															  0.00	 22.63	 25.64	 34.50	 23.75	 21.54	 35.61	 18.44	 28.60	 34.18	 30.89	 26.95	 31.40	 34.67	 32.88	 31.19	 27.38	 36.15	 24.34	 34.22	 22.73	 28.64	 33.55	 36.90	 29.22	 33.40	 33.82	 34.27	101.89	 33.26	 28.53	 23.84	 33.04	 32.16	 31.70	 32.32	 25.66	113.18	 37.34	 22.14	 32.00	 25.37		Cryptoblepharus_egeriae 15
																  0.00	 22.72	 33.89	  9.57	  6.46	 33.76	 23.44	 28.77	 31.86	 28.56	 27.95	 29.71	 31.84	 32.01	 31.78	 26.75	 34.09	 15.27	 31.83	 14.52	 27.09	 29.63	 34.49	 30.48	 28.10	 32.92	 30.07	 90.29	 32.92	 29.27	 15.15	 31.43	 31.81	 28.84	 29.17	 26.80	 96.12	 33.79	 14.54	 27.57	 25.81		Iguana_delicatissima 16
																	  0.00	 38.75	 22.70	 20.23	 37.18	 24.72	 31.44	 37.44	 30.11	 28.30	 32.47	 38.20	 36.66	 34.08	 29.63	 38.36	 19.64	 36.93	 21.23	 31.52	 36.56	 36.55	 32.77	 33.46	 37.35	 35.24	109.85	 35.23	 30.37	 19.76	 36.08	 35.72	 32.99	 33.33	 30.42	111.47	 36.94	 20.95	 30.85	 27.98		Anolis_carolinensis 17
																		  0.00	 34.63	 31.38	 15.12	 34.09	 36.08	 16.31	 37.27	 38.81	 18.94	 13.66	 12.50	 38.23	 38.39	 16.40	 35.70	 15.92	 35.61	 39.63	 15.35	 41.52	 35.60	 38.29	 15.83	 38.63	 92.18	 39.62	 40.84	 36.38	 13.59	 14.72	 37.29	 41.80	 32.41	117.66	 18.54	 34.51	 39.06	 37.24		Myanophis_thanlyinensis 18
																			  0.00	  8.03	 34.12	 23.84	 28.66	 32.87	 30.72	 30.22	 30.55	 32.40	 31.45	 32.74	 28.21	 34.86	 18.45	 32.04	 17.55	 29.89	 30.95	 36.65	 32.06	 30.86	 34.03	 34.32	 83.29	 34.60	 32.02	 18.21	 31.39	 31.06	 29.86	 31.53	 28.71	104.05	 32.93	 17.71	 28.34	 29.01		Cyclura_pinguis 19
																				  0.00	 31.07	 20.00	 26.18	 28.89	 28.63	 27.54	 26.61	 29.33	 28.50	 30.51	 24.71	 32.13	 14.14	 28.37	 13.96	 26.41	 27.32	 31.14	 29.47	 27.17	 29.15	 29.30	 94.77	 29.93	 28.85	 13.25	 28.29	 28.09	 28.28	 26.97	 23.54	110.97	 30.39	 12.81	 26.56	 25.40		Ctenosaura_bakeri 20
																					  0.00	 32.08	 36.65	 16.13	 38.16	 37.31	 17.33	 12.75	  7.92	 39.29	 36.79	 17.82	 34.99	 16.46	 33.60	 39.42	 15.32	 42.06	 37.36	 39.44	 17.10	 40.36	 99.55	 37.78	 40.03	 35.86	 10.38	 15.04	 38.56	 40.12	 33.90	109.88	 20.19	 34.03	 36.80	 35.39		Ptyas_mucosa 21
																						  0.00	 27.86	 33.99	 30.44	 24.81	 29.39	 31.65	 31.39	 31.16	 27.00	 34.50	 24.17	 33.87	 21.91	 28.88	 31.66	 36.43	 29.33	 31.42	 32.94	 33.71	 84.03	 31.05	 28.87	 22.45	 32.07	 30.44	 30.74	 33.67	 24.88	114.06	 34.52	 21.79	 29.55	 23.11		Lerista_edwardsae 22
																							  0.00	 34.96	 35.13	 30.77	 33.81	 37.02	 35.13	 35.84	 31.22	 37.50	 31.87	 37.16	 29.12	 32.20	 33.30	 35.16	 18.56	 28.19	 34.84	 30.28	 92.92	 38.97	 31.69	 30.10	 36.42	 34.20	 32.56	 28.36	 28.89	144.84	 38.68	 29.11	 35.24	 30.75		Lepidodactylus_listeri 23
																								  0.00	 36.60	 37.69	 17.27	 14.11	 14.30	 39.69	 36.72	 18.53	 35.25	 16.60	 34.01	 38.08	  7.12	 39.57	 35.73	 39.65	 17.99	 38.51	100.56	 39.18	 41.14	 35.48	 15.14	 16.73	 37.16	 39.72	 33.01	100.24	 19.50	 34.21	 37.35	 36.71		Bothrops_jararaca 24
																									  0.00	 34.90	 34.74	 36.08	 37.63	 34.26	 34.53	 37.05	 31.23	 37.95	 28.35	 35.33	 36.22	 39.62	 34.52	 35.13	 35.69	 38.83	 82.37	 36.27	 34.95	 31.36	 37.66	 34.96	 33.55	 35.81	 33.19	106.43	 35.83	 28.51	 11.97	 33.99		Varanus_komodoensis 25
																										  0.00	 34.07	 37.27	 35.37	 33.43	 13.47	 37.80	 27.89	 39.10	 27.14	 15.94	 36.25	 37.62	 30.91	 35.55	 37.83	 39.82	 83.17	 38.84	 15.47	 27.47	 35.70	 34.88	 32.88	 33.81	 29.95	116.66	 40.93	 27.24	 35.01	  4.75		Podarcis_muralis 26
																											  0.00	 16.63	 16.05	 36.51	 34.83	 18.94	 28.82	 16.45	 28.42	 37.65	 15.87	 39.83	 35.12	 36.48	 17.95	 35.76	100.32	 39.20	 37.68	 29.43	 16.04	 16.84	 33.95	 37.06	 30.47	109.80	 18.25	 28.60	 34.26	 33.51		Morelia_viridis 27
																												  0.00	 11.59	 39.77	 37.35	 16.11	 34.03	 12.48	 33.46	 41.05	 13.40	 40.76	 36.51	 37.83	 16.86	 39.36	100.80	 40.36	 39.34	 33.90	 13.11	 12.89	 37.17	 43.41	 31.29	112.60	 18.11	 32.40	 37.54	 36.84		Diadophis_punctatus 28
																													  0.00	 38.67	 36.26	 16.27	 32.91	 13.95	 32.26	 39.47	 13.49	 41.45	 37.95	 40.02	 16.42	 39.58	104.47	 35.75	 39.91	 32.96	  4.79	 13.40	 37.15	 41.01	 30.50	112.51	 17.31	 31.20	 36.47	 35.02		Pantherophis_guttatus 29
																														  0.00	 33.71	 40.46	 34.10	 40.12	 35.07	 35.30	 38.73	 39.14	 33.80	 37.34	 41.20	 36.43	103.75	 37.54	 32.83	 32.25	 39.28	 38.44	 14.25	 35.08	 28.45	119.64	 40.15	 33.94	 33.55	 32.53		Aspidoscelis_marmoratus 30
																															  0.00	 39.15	 28.18	 38.82	 28.57	 12.38	 35.75	 39.90	 31.70	 33.81	 36.88	 37.70	 83.90	 38.03	 15.59	 28.61	 35.47	 34.60	 34.01	 32.48	 27.84	 99.89	 39.77	 28.17	 33.55	 13.34		Lacerta_viridis 31
																																  0.00	 35.51	 16.82	 33.43	 39.43	 18.25	 41.21	 39.56	 39.69	 19.02	 42.76	 96.31	 40.74	 40.81	 35.32	 15.26	 16.72	 39.21	 40.24	 36.22	112.79	 21.93	 33.45	 37.54	 37.20		Boaedon_fuliginosus 32
																																	  0.00	 32.76	 12.85	 27.87	 32.90	 38.72	 31.07	 30.91	 32.76	 32.00	112.36	 33.10	 29.09	  6.44	 33.30	 31.46	 32.01	 29.99	 26.08	114.08	 35.32	 13.29	 29.86	 27.40		Phrynosoma_platyrhinos 33
																																		  0.00	 34.11	 39.54	 16.05	 42.88	 38.01	 38.60	 10.64	 36.52	102.95	 42.22	 41.33	 33.17	 14.38	 11.50	 37.45	 40.02	 32.74	112.17	 11.75	 32.30	 37.01	 37.90		Naja_naja 34
																																			  0.00	 28.41	 32.28	 38.65	 31.02	 32.09	 33.51	 31.07	115.02	 33.24	 29.20	 11.79	 32.23	 32.90	 33.02	 30.87	 29.54	124.72	 36.88	  4.08	 29.95	 25.86		Sceloporus_tristichus 35
																																				  0.00	 37.44	 39.77	 31.48	 34.18	 37.66	 37.92	 79.08	 37.23	 17.04	 29.12	 38.21	 36.47	 34.33	 35.98	 31.21	102.43	 40.18	 29.49	 35.51	 14.80		Lacerta_agilis 36
																																					  0.00	 38.92	 34.03	 36.96	 15.29	 36.63	 92.69	 36.87	 40.36	 32.98	 14.75	 15.02	 37.18	 38.35	 31.68	100.29	 18.24	 32.66	 36.39	 35.33		Protobothrops_mucrosquamatus 37
																																						  0.00	 39.19	 37.69	 42.47	 41.79	 84.63	 42.32	 39.35	 38.32	 40.82	 42.52	 38.06	 36.75	 36.12	138.22	 43.15	 40.21	 37.45	 37.40		Pogona_vitticeps 38
																																							  0.00	 26.83	 36.56	 28.85	 94.12	 38.07	 33.59	 31.04	 37.75	 36.33	 34.14	 31.07	 30.71	119.70	 40.16	 30.62	 35.98	 30.37		Gekko_japonicus 39
																																								  0.00	 39.55	 32.42	 92.02	 39.99	 35.18	 31.82	 38.81	 38.02	 37.38	 32.41	 28.81	124.36	 41.34	 30.65	 34.34	 33.19		Sphaerodactylus_townsendi 40
																																									  0.00	 38.93	 96.78	 38.83	 39.75	 32.97	 17.55	 13.03	 40.00	 39.53	 34.72	114.97	 13.33	 33.18	 36.38	 36.43		Bungarus_multicintus 41
																																										  0.00	136.11	 43.01	 40.21	 32.51	 38.90	 38.16	 37.15	 34.42	 31.36	122.12	 37.65	 30.38	 40.55	 38.13		Paroedura_picta 42
																																											  0.00	 96.83	100.46	117.95	114.32	 98.74	120.40	102.67	110.08	 50.02	 89.93	111.51	 95.29	 77.68		Crotalus_tigris 43
																																												  0.00	 38.27	 33.59	 36.47	 38.18	 37.66	 36.38	 34.50	111.71	 40.51	 32.26	 36.77	 36.93		Sphenodon_punctatus 44
																																													  0.00	 28.38	 39.82	 37.27	 34.66	 34.33	 30.14	117.00	 44.42	 29.10	 34.91	 14.47		Zootoca_vivipara 45
																																														  0.00	 33.72	 31.69	 30.78	 31.03	 26.58	116.82	 35.38	 11.48	 30.08	 26.98		Phrynosoma_blainvillii 46
																																															  0.00	 12.69	 37.12	 39.57	 31.74	134.85	 18.80	 31.54	 36.70	 33.83		Pituophis_catenifer 47
																																																  0.00	 35.54	 38.88	 32.34	120.63	 13.28	 31.12	 35.06	 34.32		Tropidonophis_doriae 48
																																																	  0.00	 34.08	 31.58	123.79	 39.61	 32.41	 32.66	 32.32		Salvator_merianae 49
																																																		  0.00	 35.55	126.01	 40.27	 31.03	 34.45	 32.18		Eublepharis_macularius 50
																																																			  0.00	139.43	 34.11	 28.34	 31.94	 29.06		Hemicordylus_capensis 51
																																																				  0.00	115.20	118.98	128.18	113.95		Plestiodon_gilberti 52
																																																					  0.00	 35.37	 37.15	 39.73		Laticauda_colubrina 53
																																																						  0.00	 29.26	 25.97		Sceloporus_occidentalis 54
																																																							  0.00	 33.02		Varanus_salvator 55
																																																								  0.00		Podarci_raffonei 56
