Distance Matrix
---------------

Using the Tamura correction method
Using base positions 12 in the codon
Gap weighting is 0.000000

	    1	    2	    3	    4	    5	    6	    7	    8	    9	    10	    11	    12	    13	    14	    15	    16	    17	    18	    19	    20	    21	    22	    23	    24	    25	    26	    27	    28	    29	    30	    31	    32	    33	    34	    35	    36	    37	    38	    39	    40	    41	    42	    43	    44	    45	    46	    47	    48	    49	    50	    51	    52	    53	    54	    55	    56
	  0.00	  7.69	 22.20	  6.41	 21.19	  9.00	  8.11	 10.99	 20.93	  7.67	 21.72	 23.45	  7.68	 25.66	 20.97	 19.14	 23.10	  9.87	 19.65	 18.64	  3.96	 20.46	 21.52	  7.90	 25.42	 21.72	  9.65	  7.47	  3.14	 21.71	 22.02	  8.99	 18.64	 10.07	 20.17	 23.93	  8.12	 27.18	 22.01	 23.89	  9.43	 25.23	  9.21	 25.61	 22.31	 18.64	  3.96	  8.32	 21.25	 19.91	 19.90	 20.24	 10.28	 18.90	 20.35	 21.97		Arizona_elegans 1
		  0.00	 25.13	  5.80	 22.49	  8.13	  9.01	  9.44	 22.46	  7.27	 23.61	 23.41	  6.03	 24.62	 22.27	 19.91	 24.20	  9.67	 20.67	 19.89	  5.79	 23.88	 21.75	  8.55	 25.42	 23.33	  8.75	  5.21	  6.20	 23.01	 22.79	  7.92	 20.16	  8.35	 20.95	 23.61	  7.91	 26.35	 21.50	 24.65	  8.14	 24.47	  8.34	 26.21	 23.16	 19.89	  6.64	  6.19	 22.52	 20.24	 21.17	 22.84	  8.54	 20.18	 20.35	 23.28		Thermophis_baileyi 2
			  0.00	 23.51	 14.62	 25.43	 21.15	 22.43	 11.92	 23.82	 14.82	 16.69	 24.32	 23.06	 13.07	 12.07	 16.23	 23.73	 13.01	 10.94	 23.52	 12.53	 18.27	 24.59	 16.37	 14.65	 23.50	 23.47	 22.18	 14.85	 15.13	 24.01	 13.04	 24.35	 13.00	 16.37	 23.23	 23.59	 17.05	 16.07	 25.21	 19.02	 23.79	 18.43	 14.66	 12.34	 23.79	 21.94	 16.81	 16.50	 11.62	 12.12	 24.19	 13.01	 12.74	 14.21		Elgaria_multicarinata 3
				  0.00	 20.98	  9.24	  8.34	  9.69	 21.43	  8.55	 21.78	 22.35	  3.95	 25.39	 20.22	 18.64	 23.88	  9.46	 19.64	 18.13	  6.41	 21.74	 22.02	  9.01	 24.58	 21.98	 10.76	  6.01	  5.37	 21.49	 21.21	  7.49	 18.38	  9.22	 19.16	 22.82	  8.55	 25.77	 22.55	 25.21	  9.47	 26.19	  9.25	 25.63	 22.38	 18.39	  6.21	  7.71	 20.45	 21.76	 20.16	 19.94	  9.65	 17.91	 19.85	 21.94		Thamnophis_elegans 4
					  0.00	 24.39	 20.41	 23.53	 13.22	 22.76	 12.11	 15.89	 22.51	 24.06	 15.13	 13.67	 14.62	 22.45	 13.68	 12.98	 22.23	 14.62	 15.76	 23.87	 19.78	 16.02	 24.08	 21.43	 21.17	  1.36	 15.60	 21.96	 12.73	 22.75	 14.35	 15.84	 22.48	 25.16	 16.06	 15.33	 23.94	 20.00	 22.52	 18.43	 16.58	 12.04	 23.04	 22.78	  4.57	 15.10	 13.64	 12.51	 23.09	 13.41	 16.72	 14.83		Aspidocelis_tigris 5
						  0.00	  9.26	  8.14	 25.47	  8.59	 25.14	 26.26	  9.47	 29.45	 21.79	 19.69	 24.85	 11.05	 22.32	 20.18	  8.34	 24.75	 25.24	  6.26	 26.28	 23.08	  8.56	  9.01	  9.22	 23.82	 24.75	 11.91	 21.19	 11.78	 21.49	 25.89	  7.12	 28.63	 22.77	 26.29	  9.26	 25.59	  7.33	 27.89	 23.15	 21.73	 10.37	  8.77	 23.59	 22.02	 22.28	 23.41	 11.02	 20.98	 20.62	 23.85		Azemiops_feae 6
							  0.00	  8.37	 20.65	  9.42	 21.29	 23.14	  8.56	 27.96	 21.51	 19.15	 22.52	  8.32	 20.44	 19.17	  8.13	 22.20	 20.96	  7.73	 28.05	 21.17	  9.22	  8.36	  7.69	 20.40	 22.52	  8.77	 19.14	  9.87	 19.13	 22.79	  6.65	 27.73	 21.24	 21.69	 10.16	 25.80	  8.16	 25.67	 22.86	 18.88	  8.56	  8.32	 22.53	 18.98	 19.65	 20.70	 10.33	 19.65	 20.89	 21.71		Daboia_siamensis 7
								  0.00	 24.11	 11.01	 21.77	 23.91	  9.01	 28.60	 21.22	 20.14	 23.87	  8.99	 21.45	 18.87	  9.20	 24.05	 23.29	  9.50	 28.48	 22.75	  8.16	 11.04	  9.20	 23.52	 23.28	 10.74	 20.65	 10.79	 21.20	 24.11	  7.70	 27.99	 23.04	 24.39	 11.74	 23.82	 10.14	 27.28	 20.99	 19.88	 10.81	  8.97	 23.26	 21.72	 21.17	 23.06	 12.37	 20.43	 19.86	 23.27		Charina_bottae 8
									  0.00	 21.43	 12.60	 14.45	 23.50	 24.20	 11.69	 10.93	 12.60	 21.64	 11.39	 10.73	 20.91	  9.83	 16.49	 22.47	 17.08	 15.06	 22.24	 22.46	 20.39	 12.98	 13.45	 21.65	 10.74	 23.26	 10.06	 14.65	 23.02	 22.50	 15.35	 15.85	 24.97	 20.26	 22.49	 17.52	 16.11	  9.42	 20.65	 20.44	 12.77	 15.30	 10.74	 10.99	 22.27	  9.83	 13.65	 15.10		Shinisaurus_crocodilurus 9
										  0.00	 21.55	 23.21	  8.79	 26.25	 19.18	 18.42	 20.78	 10.08	 18.92	 18.66	  7.46	 22.25	 23.86	  7.47	 23.75	 21.22	 10.99	  8.38	  7.89	 22.75	 21.24	  8.56	 18.44	  6.90	 19.70	 22.86	  8.59	 27.13	 21.47	 24.93	  7.76	 25.23	  9.01	 24.53	 23.45	 19.19	  8.78	  7.71	 22.46	 19.69	 19.43	 20.47	  7.06	 17.68	 20.10	 20.68		Ophiophagus_hannah 10
											  0.00	 12.66	 22.31	 24.25	 10.18	 10.15	  6.41	 20.47	 10.37	  8.80	 22.26	  9.43	 15.78	 24.00	 18.67	 12.81	 21.50	 22.83	 22.77	 12.57	 12.39	 22.50	  8.13	 21.80	  9.90	 13.83	 20.44	 25.33	 15.65	 16.60	 21.55	 17.27	 23.14	 16.58	 13.31	  7.70	 23.31	 21.57	 13.00	 15.81	  9.84	  9.24	 24.35	  7.91	 16.32	 11.66		Anolis_sagrei 11
												  0.00	 23.46	 22.45	 13.64	 12.92	 14.10	 23.63	 14.33	 12.66	 22.36	 12.45	 14.18	 24.78	 20.22	  7.77	 24.19	 23.96	 22.63	 15.87	  2.15	 23.93	 11.94	 22.68	 12.16	  4.20	 23.67	 21.30	 14.74	 17.58	 23.49	 21.73	 24.76	 19.35	  7.10	 11.02	 23.14	 24.26	 15.88	 19.85	 11.94	 12.46	 23.00	 11.47	 17.06	  8.42		Lacerta_bilineata 12
													  0.00	 25.49	 22.02	 19.66	 24.19	  9.23	 21.21	 19.90	  6.42	 22.50	 24.16	  8.56	 27.12	 21.50	 11.00	  6.03	  5.57	 22.49	 22.84	  8.17	 20.67	  9.01	 20.70	 23.95	  8.12	 26.33	 23.07	 25.16	 10.14	 26.99	 10.32	 26.74	 22.41	 19.90	  6.63	  8.99	 22.78	 20.72	 21.72	 21.51	  8.75	 19.93	 21.11	 22.52		Imantodes_cenchoa 13
														  0.00	 23.16	 20.74	 26.08	 27.58	 21.75	 20.97	 26.25	 22.89	 22.82	 28.79	 29.84	 21.04	 27.17	 26.82	 24.60	 24.35	 20.77	 27.36	 21.29	 26.80	 21.04	 22.39	 27.09	 17.51	 22.03	 26.67	 28.84	 26.84	 28.15	 23.32	 22.11	 20.51	 26.54	 26.79	 24.36	 23.59	 20.96	 21.63	 24.93	 19.73	 23.26	 21.52		Phrynocephalus_versicolor 14
															  0.00	  7.05	  9.02	 20.43	  7.49	  7.30	 21.21	  8.16	 12.77	 21.75	 17.47	 12.57	 21.99	 21.47	 20.45	 14.87	 11.95	 22.22	  8.19	 20.99	  6.87	 13.14	 21.46	 21.76	 11.18	 15.63	 22.35	 17.08	 20.97	 14.87	 13.54	  7.54	 22.28	 20.76	 14.89	 15.05	  8.12	  6.03	 22.61	  6.66	 12.74	 11.89		Cryptoblepharus_egeriae 15
																  0.00	 10.15	 19.15	  4.77	  4.15	 18.89	  7.92	 14.10	 20.41	 13.78	 10.31	 20.42	 18.64	 18.39	 12.96	 11.25	 20.64	  6.21	 20.96	  5.37	 12.66	 19.64	 20.24	 12.53	 15.31	 21.51	 13.95	 19.89	 15.56	 13.06	  5.37	 20.15	 17.91	 13.45	 13.17	  7.24	  7.93	 20.97	  5.17	 12.06	 10.99		Iguana_delicatissima 16
																	  0.00	 23.63	  9.24	 10.36	 24.49	  9.47	 15.60	 24.46	 18.26	 14.01	 23.91	 23.93	 24.73	 13.92	 13.35	 24.68	  9.24	 23.39	 10.36	 14.32	 22.84	 25.19	 15.47	 17.10	 22.87	 17.84	 24.16	 20.20	 14.97	  8.36	 24.45	 23.12	 13.91	 16.54	 10.76	  7.71	 25.14	  8.35	 16.76	 13.27		Anolis_carolinensis 17
																		  0.00	 20.69	 18.90	  8.76	 21.20	 23.05	  8.12	 29.33	 23.01	 10.79	 10.37	  7.89	 21.91	 22.74	 10.97	 19.89	 10.07	 19.17	 24.10	  8.78	 25.09	 22.23	 24.60	 11.45	 25.06	 10.80	 25.64	 23.82	 19.64	  9.22	  9.21	 22.98	 21.01	 21.14	 20.95	 12.98	 18.67	 21.88	 23.51		Myanophis_thanlyinensis 18
																			  0.00	  4.56	 20.94	  9.44	 15.30	 21.98	 13.79	 11.89	 21.45	 20.42	 20.42	 13.43	 12.85	 21.16	  6.65	 20.95	  7.49	 13.09	 21.45	 20.95	 14.20	 16.33	 22.30	 14.71	 21.70	 15.14	 15.48	  6.01	 21.70	 19.42	 13.46	 13.40	  8.33	  7.92	 20.95	  6.85	 12.32	 11.21		Cyclura_pinguis 19
																				  0.00	 18.89	  8.34	 14.13	 21.17	 14.51	 10.52	 20.16	 18.88	 18.39	 13.21	 10.77	 20.39	  5.60	 20.94	  5.80	 12.39	 19.63	 21.73	 12.55	 15.11	 20.72	 14.40	 20.90	 15.10	 12.59	  4.56	 20.15	 17.66	 12.77	 12.73	  7.68	  8.15	 20.94	  4.76	 10.94	 10.55		Ctenosaura_bakeri 20
																					  0.00	 21.19	 21.49	  7.47	 25.84	 22.52	  8.34	  6.21	  2.74	 21.95	 21.48	  7.27	 18.38	  8.75	 20.41	 22.56	  7.90	 26.27	 20.69	 25.50	  8.12	 25.47	 10.09	 25.89	 22.31	 19.38	  3.55	  7.03	 21.19	 20.45	 20.68	 21.00	  8.52	 19.90	 20.60	 23.32		Ptyas_mucosa 21
																						  0.00	 13.66	 22.74	 15.60	 11.42	 23.29	 22.52	 20.43	 14.37	 11.72	 22.71	  7.69	 23.83	  8.58	 12.90	 22.47	 21.56	 13.73	 14.90	 23.61	 17.08	 21.71	 16.61	 12.57	  7.05	 21.72	 20.70	 14.17	 14.83	  9.40	  6.25	 23.91	  8.15	 14.10	 11.41		Lerista_edwardsae 22
																							  0.00	 24.36	 19.39	 16.76	 22.82	 21.22	 21.52	 15.75	 14.59	 21.46	 12.09	 24.12	 12.97	 15.31	 22.51	 23.02	  9.01	 12.32	 24.74	 16.10	 23.55	 20.76	 17.72	 12.76	 22.56	 23.02	 16.49	 15.75	 15.54	 14.40	 25.00	 12.98	 16.71	 17.75		Lepidodactylus_listeri 23
																								  0.00	 25.85	 23.56	  9.68	  9.22	  7.68	 23.30	 24.42	 10.74	 21.67	  9.45	 22.23	 25.27	  5.00	 27.65	 23.55	 25.19	  9.91	 26.40	  5.84	 27.85	 23.65	 22.21	  8.35	  8.77	 23.35	 21.21	 21.45	 23.33	  8.77	 21.18	 20.36	 24.06		Bothrops_jararaca 24
																									  0.00	 17.48	 28.00	 25.41	 25.85	 20.56	 18.63	 26.70	 15.97	 25.42	 17.48	 20.63	 27.14	 27.56	 19.43	 18.74	 25.41	 21.84	 25.42	 23.41	 19.83	 16.34	 27.12	 27.13	 18.64	 19.38	 16.73	 14.49	 25.91	 16.72	  4.33	 16.73		Varanus_komodoensis 25
																										  0.00	 22.99	 23.85	 21.72	 15.76	  7.10	 22.73	 10.06	 23.08	  9.17	  7.76	 23.32	 22.51	 13.93	 17.26	 23.89	 17.81	 24.65	 17.70	  6.86	  9.18	 23.31	 22.74	 16.04	 16.25	 11.16	 11.89	 22.35	  9.18	 14.80	  2.74		Podarcis_muralis 26
																											  0.00	 10.32	  9.67	 23.79	 23.56	 11.89	 19.62	 11.67	 19.64	 24.67	  8.56	 26.33	 23.04	 24.11	 10.33	 26.31	  9.87	 25.05	 23.58	 19.12	  9.69	  8.11	 24.60	 20.69	 20.67	 21.74	 12.56	 19.65	 21.38	 23.25		Morelia_viridis 27
																												  0.00	  5.99	 21.42	 22.79	  8.38	 19.39	  9.69	 20.17	 23.89	  7.91	 26.94	 21.77	 25.50	  9.70	 24.43	  9.68	 25.38	 22.85	 19.89	  7.07	  8.12	 23.30	 20.01	 21.18	 20.96	  9.65	 19.41	 20.85	 24.63		Diadophis_punctatus 28
																													  0.00	 21.16	 21.22	  7.91	 19.39	  9.19	 19.16	 22.83	  7.25	 25.78	 20.95	 23.86	  9.23	 25.47	  9.21	 25.36	 21.74	 19.15	  1.95	  7.24	 20.93	 20.45	 20.42	 20.24	  8.73	 18.67	 20.35	 22.51		Pantherophis_guttatus 29
																														  0.00	 15.58	 23.02	 13.42	 23.27	 13.87	 16.07	 22.20	 23.79	 15.31	 15.56	 24.20	 20.24	 22.50	 18.95	 16.06	 12.72	 22.75	 22.76	  4.36	 14.60	 13.86	 12.27	 23.07	 13.41	 16.71	 15.07		Aspidoscelis_marmoratus 30
																															  0.00	 22.49	 10.76	 21.76	 10.98	  3.57	 22.77	 20.44	 13.26	 16.54	 22.05	 20.07	 24.40	 18.25	  7.75	 10.77	 22.52	 23.08	 14.86	 17.74	 10.08	 11.26	 22.38	  9.85	 16.00	  8.19		Lacerta_viridis 31
																																  0.00	 18.62	  8.96	 20.93	 24.41	 10.10	 28.26	 22.25	 25.98	 10.56	 26.33	 11.19	 26.17	 22.82	 19.62	  8.78	  8.54	 23.00	 22.04	 20.40	 21.44	 10.28	 20.40	 21.11	 21.68		Boaedon_fuliginosus 32
																																	  0.00	 19.66	  5.19	 11.68	 20.41	 22.32	 11.91	 14.94	 20.45	 16.34	 21.18	 13.72	 12.35	  2.74	 20.40	 18.91	 12.98	 14.57	  8.75	  7.94	 20.44	  4.57	 12.27	 10.07		Phrynosoma_platyrhinos 33
																																		  0.00	 21.23	 22.57	  8.34	 28.20	 22.80	 26.05	  6.90	 26.31	  9.46	 26.72	 22.87	 20.68	 10.33	  8.14	 23.02	 23.10	 20.17	 20.69	  8.58	 19.67	 20.88	 22.22		Naja_naja 34
																																			  0.00	 13.08	 21.18	 20.21	 11.17	 14.61	 22.05	 17.05	 21.19	 13.66	 12.78	  4.15	 20.43	 19.69	 14.13	 14.58	  8.32	  7.93	 21.47	  2.15	 12.50	 10.27		Sceloporus_tristichus 35
																																				  0.00	 24.42	 22.57	 15.19	 18.82	 23.70	 21.14	 24.68	 19.80	  8.41	 11.23	 23.89	 25.03	 14.86	 17.49	 11.91	 11.73	 22.38	 12.38	 16.99	  8.64		Lacerta_agilis 36
																																					  0.00	 27.40	 23.04	 25.52	  9.24	 25.30	  4.78	 27.03	 22.56	 20.65	  7.91	  7.89	 22.24	 22.05	 20.41	 22.25	  9.90	 20.15	 20.61	 23.27		Protobothrops_mucrosquamatus 37
																																						  0.00	 21.70	 25.19	 28.81	 26.89	 27.13	 24.52	 22.80	 21.80	 26.03	 27.15	 23.75	 23.25	 20.67	 20.29	 26.87	 20.22	 22.94	 21.96		Pogona_vitticeps 38
																																							  0.00	 11.91	 23.69	 17.12	 22.75	 17.74	 15.85	 12.81	 22.25	 22.77	 16.33	 15.05	 14.18	 13.27	 23.16	 11.18	 15.55	 15.85		Gekko_japonicus 39
																																								  0.00	 27.88	 18.24	 23.55	 20.23	 19.55	 13.93	 25.78	 24.11	 16.35	 16.01	 16.28	 15.87	 26.20	 14.62	 17.75	 17.52		Sphaerodactylus_townsendi 40
																																									  0.00	 27.79	 10.16	 26.45	 22.62	 21.75	  9.03	  8.17	 23.38	 22.39	 20.47	 21.53	  9.49	 20.73	 22.17	 24.15		Bungarus_multicintus 41
																																										  0.00	 27.31	 22.66	 21.12	 16.05	 27.49	 23.89	 18.48	 18.49	 17.01	 17.32	 26.64	 15.82	 19.01	 18.56		Paroedura_picta 42
																																											  0.00	 26.19	 23.64	 21.16	  9.90	 10.12	 21.75	 22.57	 20.91	 21.20	 11.27	 20.67	 21.13	 23.50		Crotalus_tigris 43
																																												  0.00	 20.51	 14.64	 26.74	 26.49	 18.68	 20.19	 17.17	 14.89	 25.10	 13.67	 18.71	 16.47		Sphenodon_punctatus 44
																																													  0.00	 11.43	 22.04	 22.05	 16.11	 17.71	 11.88	 12.84	 22.19	 12.09	 15.53	  7.52		Zootoca_vivipara 45
																																														  0.00	 20.41	 18.65	 12.97	 14.80	  7.67	  6.86	 20.68	  3.95	 12.04	  8.75		Phrynosoma_blainvillii 46
																																															  0.00	  7.47	 22.80	 20.97	 21.20	 21.80	  9.84	 20.44	 22.14	 24.67		Pituophis_catenifer 47
																																																  0.00	 23.28	 19.68	 18.68	 21.01	  9.43	 18.68	 19.60	 22.76		Tropidonophis_doriae 48
																																																	  0.00	 15.80	 13.65	 11.82	 23.09	 12.50	 15.05	 15.32		Salvator_merianae 49
																																																		  0.00	 14.33	 14.36	 20.53	 14.35	 17.19	 16.51		Eublepharis_macularius 50
																																																			  0.00	  8.75	 21.55	  7.68	 13.65	 10.49		Hemicordylus_capensis 51
																																																				  0.00	 21.82	  6.64	 13.65	 10.52		Plestiodon_gilberti 52
																																																					  0.00	 21.22	 20.89	 22.56		Laticauda_colubrina 53
																																																						  0.00	 12.73	  9.83		Sceloporus_occidentalis 54
																																																							  0.00	 14.58		Varanus_salvator 55
																																																								  0.00		Podarci_raffonei 56
