Distance Matrix
---------------

Using the Tamura correction method
Using base positions 12 in the codon
Gap weighting is 0.000000

	    1	    2	    3	    4	    5	    6	    7	    8	    9	    10	    11	    12	    13	    14	    15	    16	    17	    18	    19	    20	    21	    22	    23	    24	    25	    26	    27	    28	    29	    30	    31	    32	    33	    34	    35	    36	    37	    38	    39	    40	    41	    42	    43	    44	    45	    46	    47	    48	    49	    50	    51	    52	    53	    54	    55	    56
	  0.00	 16.65	 42.68	 19.07	 44.94	 20.33	 24.14	 22.03	 45.50	 19.21	 41.22	 45.81	 15.28	 51.36	 42.60	 40.03	 41.34	 19.59	 39.01	 39.23	 10.47	 42.31	 49.78	 21.62	 43.04	 43.67	 20.96	 15.47	  9.01	 45.12	 45.31	 20.59	 40.31	 18.58	 40.61	 46.91	 21.13	 50.45	 47.37	 49.21	 16.87	 55.96	 21.25	 48.65	 46.41	 39.30	  9.68	 19.23	 44.10	 45.75	 42.74	 44.01	 20.41	 39.29	 43.92	 43.79		Arizona_elegans 1
		  0.00	 39.72	 13.66	 42.07	 20.15	 23.02	 21.25	 43.86	 15.83	 40.72	 43.02	 11.74	 51.33	 42.20	 36.37	 39.95	 19.16	 37.55	 34.63	 17.98	 39.89	 45.62	 18.63	 40.73	 43.46	 20.62	 12.20	 16.22	 42.43	 43.19	 19.11	 39.53	 15.65	 39.30	 44.00	 21.06	 50.32	 47.97	 46.02	 18.17	 54.68	 19.04	 50.43	 44.34	 39.42	 16.05	 17.92	 41.66	 44.98	 44.78	 43.26	 20.27	 38.74	 43.40	 42.64		Thermophis_baileyi 2
			  0.00	 42.74	 34.93	 41.09	 41.48	 35.26	 23.45	 41.71	 28.88	 29.69	 40.25	 46.22	 30.35	 26.45	 29.94	 41.61	 26.56	 26.34	 43.18	 26.75	 36.09	 42.87	 28.42	 30.16	 35.49	 41.36	 41.50	 34.68	 30.07	 42.71	 25.83	 40.98	 28.69	 30.84	 41.60	 46.85	 36.72	 38.64	 42.79	 41.88	 41.30	 42.10	 31.16	 27.73	 41.35	 41.76	 34.92	 36.79	 31.48	 29.61	 45.27	 29.07	 29.89	 30.55		Elgaria_multicarinata 3
				  0.00	 43.17	 21.36	 23.38	 24.88	 43.38	 18.38	 39.07	 42.72	 14.91	 50.44	 41.61	 36.94	 39.58	 20.28	 37.74	 36.45	 18.88	 40.95	 45.18	 22.27	 42.94	 43.13	 22.39	 16.39	 17.50	 43.77	 42.09	 17.96	 39.23	 18.58	 38.01	 45.53	 21.86	 51.56	 46.12	 47.31	 20.88	 58.36	 21.69	 48.35	 44.83	 36.27	 17.32	 20.12	 45.69	 43.36	 44.09	 40.96	 22.18	 38.43	 44.33	 43.57		Thamnophis_elegans 4
					  0.00	 45.80	 46.27	 41.93	 38.36	 44.02	 35.43	 37.26	 41.90	 47.81	 37.46	 31.74	 35.87	 42.58	 32.16	 33.72	 45.76	 35.21	 39.84	 43.43	 38.30	 36.32	 42.27	 47.60	 45.59	  3.55	 37.25	 45.20	 31.86	 41.67	 32.91	 38.72	 45.09	 52.23	 42.24	 41.71	 44.80	 45.27	 44.45	 49.06	 40.80	 32.88	 44.93	 44.16	 16.80	 36.89	 35.85	 34.95	 46.05	 34.65	 38.65	 36.41		Aspidocelis_tigris 5
						  0.00	 13.99	 22.56	 41.32	 20.09	 43.57	 44.98	 19.57	 52.25	 41.88	 39.56	 40.10	 19.58	 38.78	 38.97	 22.22	 41.94	 47.33	 13.90	 42.95	 46.85	 20.64	 18.81	 19.80	 45.11	 44.97	 22.95	 39.02	 20.42	 40.82	 46.26	 11.14	 50.16	 46.86	 48.91	 20.62	 54.95	 12.81	 48.92	 46.82	 40.91	 19.85	 21.31	 47.24	 45.50	 45.34	 43.43	 25.70	 39.20	 45.52	 46.31		Azemiops_feae 6
							  0.00	 24.39	 41.08	 22.12	 40.59	 44.63	 21.89	 53.40	 42.24	 41.03	 39.97	 23.35	 39.34	 40.26	 23.96	 42.31	 46.96	 17.74	 43.70	 46.88	 23.09	 21.33	 22.30	 44.96	 44.62	 23.19	 38.64	 23.41	 41.20	 45.78	 16.79	 49.71	 47.82	 48.54	 22.24	 52.84	 18.59	 47.64	 46.62	 40.02	 22.31	 24.75	 48.56	 46.92	 43.94	 42.76	 27.07	 39.27	 45.43	 45.83		Daboia_siamensis 7
								  0.00	 38.01	 22.67	 35.94	 39.21	 20.90	 46.69	 37.14	 34.02	 35.20	 23.12	 35.14	 34.39	 22.55	 34.36	 43.35	 22.85	 35.39	 40.67	 14.10	 21.23	 20.98	 42.33	 38.92	 26.03	 35.94	 22.07	 35.71	 40.31	 23.25	 50.48	 45.28	 43.17	 24.82	 50.94	 24.97	 47.02	 40.44	 35.02	 21.96	 24.25	 40.52	 44.75	 41.82	 40.00	 23.99	 34.66	 37.27	 39.41		Charina_bottae 8
									  0.00	 44.00	 30.37	 29.23	 42.00	 48.23	 29.05	 27.91	 31.69	 46.31	 27.48	 27.91	 46.43	 27.60	 34.77	 42.81	 26.77	 30.10	 37.08	 43.93	 43.78	 37.40	 29.60	 43.68	 26.59	 45.49	 30.75	 28.82	 43.01	 50.76	 35.50	 39.82	 44.83	 40.67	 42.99	 43.11	 31.06	 28.30	 43.56	 43.78	 37.05	 38.91	 31.56	 28.97	 48.33	 30.02	 28.45	 29.69		Shinisaurus_crocodilurus 9
										  0.00	 38.90	 44.99	 16.45	 51.20	 40.83	 40.07	 39.87	 20.23	 39.38	 37.24	 20.64	 41.92	 45.69	 21.82	 42.31	 44.32	 22.02	 17.27	 19.19	 45.00	 44.84	 23.10	 38.02	 11.04	 39.84	 45.08	 20.71	 50.27	 47.24	 45.65	 13.33	 53.78	 20.91	 47.53	 45.01	 37.68	 18.91	 18.46	 46.13	 46.82	 44.81	 42.48	 18.28	 39.25	 43.11	 43.94		Ophiophagus_hannah 10
											  0.00	 31.47	 40.74	 46.65	 28.50	 20.93	 17.08	 40.78	 20.41	 21.23	 41.00	 27.10	 33.14	 42.78	 30.62	 31.44	 35.29	 41.43	 40.13	 37.72	 31.98	 41.44	 22.29	 41.45	 22.56	 31.76	 42.86	 48.91	 36.47	 38.45	 41.92	 41.13	 43.20	 38.78	 33.90	 22.32	 38.90	 43.16	 34.39	 35.05	 30.05	 27.93	 45.14	 24.18	 34.22	 31.17		Anolis_sagrei 11
												  0.00	 41.78	 47.01	 29.03	 27.37	 29.58	 44.40	 26.80	 27.10	 45.87	 26.82	 34.62	 43.17	 32.22	  8.34	 38.79	 44.50	 43.33	 38.13	  1.84	 45.88	 27.64	 46.35	 29.48	  7.98	 44.80	 46.50	 39.12	 38.30	 42.95	 41.18	 42.43	 42.38	  9.57	 28.79	 43.02	 44.81	 37.40	 35.12	 30.89	 27.94	 45.43	 28.23	 31.64	  8.81		Lacerta_bilineata 12
													  0.00	 49.50	 40.04	 36.50	 38.99	 18.80	 36.68	 36.17	 15.93	 39.41	 46.14	 19.42	 41.85	 40.71	 20.47	 11.29	 14.11	 41.98	 41.63	 19.17	 36.67	 15.79	 37.76	 43.26	 19.34	 50.86	 47.39	 46.71	 17.28	 53.71	 18.84	 49.31	 43.40	 37.29	 14.66	 17.94	 41.80	 44.72	 42.36	 40.89	 20.37	 36.48	 42.81	 40.37		Imantodes_cenchoa 13
														  0.00	 49.93	 42.36	 45.12	 51.84	 42.65	 42.23	 50.97	 44.44	 44.81	 52.41	 45.79	 46.79	 46.46	 49.72	 49.78	 50.05	 46.12	 50.43	 42.19	 51.95	 43.50	 49.71	 53.52	 38.80	 48.94	 50.95	 51.69	 54.29	 52.52	 52.23	 47.55	 42.54	 52.30	 50.99	 47.05	 43.83	 46.19	 48.48	 53.76	 45.70	 45.49	 46.47		Phrynocephalus_versicolor 14
															  0.00	 26.95	 31.28	 43.00	 26.33	 27.62	 43.55	 18.29	 29.45	 42.68	 29.24	 30.34	 35.95	 43.60	 40.65	 36.77	 29.14	 44.05	 28.42	 43.23	 27.88	 28.28	 42.84	 49.52	 30.16	 33.66	 42.23	 40.52	 42.98	 41.93	 30.49	 27.29	 40.35	 43.35	 36.97	 32.02	 25.26	 18.89	 45.61	 26.76	 32.40	 29.18		Cryptoblepharus_egeriae 15
																  0.00	 21.82	 38.06	  9.65	  8.17	 38.02	 22.55	 31.72	 36.72	 28.87	 26.35	 33.15	 38.95	 37.78	 32.95	 27.10	 40.09	 19.42	 40.29	 21.21	 27.77	 38.61	 45.85	 33.01	 34.22	 39.22	 41.09	 37.11	 41.67	 29.61	 19.58	 37.85	 42.63	 33.47	 32.98	 28.68	 25.70	 43.77	 20.84	 32.00	 26.59		Iguana_delicatissima 16
																	  0.00	 39.93	 21.12	 21.22	 40.62	 27.07	 35.08	 40.03	 32.59	 30.51	 34.48	 40.62	 40.40	 36.60	 28.90	 41.37	 22.68	 41.34	 24.16	 29.82	 40.30	 46.19	 36.67	 39.07	 39.80	 43.79	 40.40	 41.71	 33.04	 22.92	 39.54	 40.66	 35.26	 34.73	 31.96	 30.43	 44.68	 23.96	 33.89	 29.84		Anolis_carolinensis 17
																		  0.00	 38.54	 38.14	 21.16	 40.33	 47.28	 20.82	 40.27	 43.89	 21.85	 18.13	 18.32	 43.52	 43.93	 23.29	 38.81	 18.20	 38.47	 44.97	 20.08	 52.10	 46.83	 46.67	 19.49	 54.57	 20.99	 47.69	 46.17	 39.67	 19.98	 22.31	 44.36	 46.45	 44.57	 42.02	 22.13	 37.79	 41.78	 44.19		Myanophis_thanlyinensis 18
																			  0.00	  9.68	 37.89	 24.17	 32.25	 37.29	 28.34	 27.13	 33.43	 39.42	 38.64	 33.10	 26.54	 40.57	 18.56	 38.72	 20.29	 27.60	 37.56	 45.05	 33.60	 33.84	 39.24	 40.37	 37.27	 40.50	 29.40	 18.84	 37.03	 40.94	 32.64	 33.06	 27.42	 25.67	 44.16	 20.04	 31.60	 26.88		Cyclura_pinguis 19
																				  0.00	 37.55	 23.01	 32.09	 38.00	 29.38	 27.22	 30.76	 37.67	 36.71	 33.55	 27.09	 39.38	 18.93	 38.23	 20.19	 28.03	 40.44	 44.12	 32.60	 34.63	 37.64	 41.35	 37.95	 38.96	 29.25	 19.52	 36.67	 41.46	 34.03	 32.45	 27.36	 25.76	 42.48	 20.82	 31.18	 26.85		Ctenosaura_bakeri 20
																					  0.00	 42.03	 48.51	 22.67	 44.29	 44.61	 21.73	 16.39	 10.82	 45.75	 45.22	 21.75	 38.67	 19.18	 37.84	 47.00	 23.65	 51.05	 48.54	 47.89	 19.65	 56.72	 21.97	 50.23	 47.16	 37.94	 10.83	 20.14	 45.14	 45.12	 43.11	 43.41	 21.54	 37.13	 44.77	 45.04		Ptyas_mucosa 21
																						  0.00	 29.60	 41.71	 29.64	 27.54	 35.15	 41.61	 39.28	 33.70	 27.20	 43.28	 25.27	 43.60	 25.76	 29.30	 40.71	 47.87	 29.64	 32.79	 41.32	 40.31	 42.47	 38.02	 28.06	 25.06	 40.02	 42.68	 32.98	 31.61	 25.35	 16.20	 43.26	 24.09	 30.98	 28.42		Lerista_edwardsae 22
																							  0.00	 47.15	 36.59	 35.58	 42.93	 47.58	 45.89	 39.88	 33.90	 48.91	 31.77	 46.79	 33.29	 33.63	 45.69	 48.76	 21.83	 30.04	 47.14	 35.21	 45.58	 45.85	 35.40	 32.87	 44.88	 47.96	 39.58	 31.59	 33.55	 29.86	 50.73	 33.42	 36.76	 35.52		Lepidodactylus_listeri 23
																								  0.00	 42.40	 45.38	 20.95	 19.69	 22.34	 44.40	 42.84	 24.38	 38.02	 21.43	 39.23	 45.44	 12.63	 50.47	 47.39	 48.47	 22.63	 55.22	 12.02	 50.93	 45.78	 39.25	 22.77	 22.89	 45.31	 44.38	 43.54	 43.35	 24.80	 38.51	 43.51	 44.99		Bothrops_jararaca 24
																									  0.00	 33.30	 37.66	 43.11	 41.96	 38.28	 32.07	 43.25	 28.34	 44.48	 31.66	 33.11	 43.35	 52.18	 36.57	 36.45	 42.83	 43.63	 43.61	 41.98	 34.33	 30.40	 41.80	 44.20	 40.64	 37.17	 34.10	 33.63	 44.19	 31.17	  9.66	 33.30		Varanus_komodoensis 25
																										  0.00	 38.75	 44.46	 42.57	 37.64	  7.68	 46.32	 27.56	 47.21	 30.07	 10.36	 45.36	 46.45	 38.59	 38.07	 42.75	 39.81	 44.62	 42.73	  9.39	 29.30	 42.89	 44.96	 35.86	 35.15	 30.90	 28.69	 45.17	 28.40	 33.31	  3.48		Podarcis_muralis 26
																											  0.00	 19.87	 20.36	 42.26	 38.78	 24.90	 34.06	 20.07	 34.56	 40.35	 22.18	 51.01	 43.35	 43.10	 22.12	 52.18	 22.91	 45.18	 39.38	 33.51	 21.23	 23.77	 43.45	 43.08	 38.55	 37.63	 22.13	 34.32	 39.17	 39.01		Morelia_viridis 27
																												  0.00	 14.62	 47.63	 44.68	 18.99	 37.45	 15.65	 38.46	 45.20	 18.72	 51.13	 48.32	 48.50	 15.96	 53.65	 19.57	 47.94	 45.56	 37.68	 15.55	 18.01	 46.14	 45.24	 44.49	 43.51	 19.26	 38.67	 44.18	 44.08		Diadophis_punctatus 28
																													  0.00	 46.59	 42.55	 19.67	 38.53	 18.82	 37.63	 44.23	 19.96	 51.55	 45.24	 47.24	 18.17	 54.85	 20.49	 49.08	 43.07	 37.65	  6.18	 18.79	 45.64	 43.86	 41.78	 42.72	 20.97	 36.79	 42.30	 41.92		Pantherophis_guttatus 29
																														  0.00	 38.25	 45.92	 31.05	 42.67	 33.19	 38.56	 45.07	 51.42	 41.71	 42.11	 44.82	 44.27	 44.43	 47.87	 40.57	 32.91	 46.29	 44.65	 15.86	 37.47	 36.52	 35.06	 47.37	 33.55	 38.92	 38.02		Aspidoscelis_marmoratus 30
																															  0.00	 45.39	 27.51	 46.03	 29.46	  7.32	 44.13	 46.97	 38.78	 38.72	 42.31	 41.92	 42.26	 43.78	  9.38	 28.80	 42.87	 44.49	 36.95	 36.22	 29.98	 28.41	 45.44	 28.22	 31.36	  8.33		Lacerta_viridis 31
																																  0.00	 41.16	 21.31	 41.26	 47.76	 23.32	 52.85	 48.12	 48.84	 22.33	 57.51	 24.62	 50.32	 47.04	 40.29	 19.57	 24.31	 44.75	 46.82	 45.72	 44.39	 25.45	 39.27	 43.69	 46.94		Boaedon_fuliginosus 32
																																	  0.00	 39.65	 17.08	 28.10	 37.13	 44.92	 34.82	 37.50	 39.03	 42.95	 39.76	 39.78	 28.84	  9.57	 37.50	 39.85	 33.08	 34.10	 28.79	 26.34	 40.87	 16.87	 30.64	 27.88		Phrynosoma_platyrhinos 33
																																		  0.00	 37.29	 47.64	 20.94	 52.60	 48.36	 48.06	 13.85	 54.74	 21.03	 47.50	 48.37	 38.45	 18.16	 18.50	 44.08	 47.47	 43.97	 44.18	 16.45	 37.97	 45.60	 46.63		Naja_naja 34
																																			  0.00	 30.97	 40.91	 46.45	 33.64	 34.48	 39.81	 41.90	 39.58	 41.15	 31.60	 16.31	 36.77	 39.12	 35.04	 35.31	 31.37	 27.08	 40.92	  6.53	 31.73	 30.15		Sceloporus_tristichus 35
																																				  0.00	 45.58	 48.54	 36.96	 38.17	 43.32	 40.71	 44.37	 43.76	 10.36	 30.25	 43.60	 45.49	 36.12	 34.82	 31.80	 29.29	 46.46	 29.56	 33.37	  9.84		Lacerta_agilis 36
																																					  0.00	 50.69	 45.87	 49.44	 20.18	 54.77	 12.19	 50.53	 45.75	 39.83	 21.21	 21.73	 47.51	 46.09	 45.10	 42.55	 25.52	 39.40	 45.46	 45.46		Protobothrops_mucrosquamatus 37
																																						  0.00	 49.97	 50.92	 50.99	 52.83	 48.89	 53.37	 47.11	 45.00	 51.48	 51.81	 51.19	 51.65	 46.94	 49.98	 55.82	 46.30	 52.62	 46.26		Pogona_vitticeps 38
																																							  0.00	 31.44	 47.53	 35.05	 45.53	 44.79	 38.35	 35.93	 47.01	 47.72	 38.83	 34.17	 35.60	 31.69	 51.32	 34.83	 38.78	 38.72		Gekko_japonicus 39
																																								  0.00	 46.95	 40.63	 46.50	 46.73	 39.52	 38.56	 47.76	 47.43	 40.52	 31.95	 37.59	 35.95	 49.42	 35.13	 40.26	 37.50		Sphaerodactylus_townsendi 40
																																									  0.00	 54.24	 20.99	 48.34	 45.96	 39.01	 18.68	 19.79	 43.76	 47.74	 43.26	 42.37	 17.58	 38.99	 43.72	 42.37		Bungarus_multicintus 41
																																										  0.00	 54.95	 48.36	 41.83	 42.11	 53.16	 54.98	 42.48	 43.40	 42.86	 42.80	 59.21	 43.31	 44.54	 39.80		Paroedura_picta 42
																																											  0.00	 49.11	 45.61	 41.78	 20.16	 22.80	 45.52	 44.29	 43.76	 43.43	 24.97	 38.57	 44.54	 43.92		Crotalus_tigris 43
																																												  0.00	 42.57	 41.72	 48.57	 48.48	 47.19	 43.57	 41.27	 39.70	 51.06	 41.03	 42.63	 42.57		Sphenodon_punctatus 44
																																													  0.00	 30.20	 44.38	 46.34	 38.38	 36.19	 32.01	 30.14	 45.96	 29.89	 34.46	 10.06		Zootoca_vivipara 45
																																														  0.00	 37.08	 40.21	 33.29	 35.78	 29.47	 27.52	 41.18	 16.32	 31.15	 29.13		Phrynosoma_blainvillii 46
																																															  0.00	 19.07	 45.98	 42.41	 41.45	 41.73	 20.61	 35.97	 42.76	 41.91		Pituophis_catenifer 47
																																																  0.00	 46.14	 46.48	 45.18	 43.45	 22.01	 37.71	 43.94	 44.41		Tropidonophis_doriae 48
																																																	  0.00	 38.81	 34.24	 35.88	 45.85	 34.01	 40.48	 35.55		Salvator_merianae 49
																																																		  0.00	 35.75	 32.43	 49.80	 35.03	 39.68	 35.41		Eublepharis_macularius 50
																																																			  0.00	 25.41	 46.16	 30.70	 34.85	 31.02		Hemicordylus_capensis 51
																																																				  0.00	 45.05	 26.79	 33.82	 29.29		Plestiodon_gilberti 52
																																																					  0.00	 41.59	 45.23	 46.11		Laticauda_colubrina 53
																																																						  0.00	 32.50	 28.62		Sceloporus_occidentalis 54
																																																							  0.00	 33.44		Varanus_salvator 55
																																																								  0.00		Podarci_raffonei 56
