Distance Matrix
---------------

Using the Tamura correction method
Using base positions 12 in the codon
Gap weighting is 0.000000

	    1	    2	    3	    4	    5	    6	    7	    8	    9	    10	    11	    12	    13	    14	    15	    16	    17	    18	    19	    20	    21	    22	    23	    24	    25	    26	    27	    28	    29	    30	    31	    32	    33	    34	    35	    36	    37	    38	    39	    40	    41	    42	    43	    44	    45	    46	    47	    48	    49	    50	    51	    52	    53	    54	    55	    56
	  0.00	 11.24	 32.13	  9.00	 39.01	 11.91	 12.41	 11.92	 32.17	 10.03	 30.98	 32.28	 10.55	 36.66	 31.53	 31.77	 32.23	 13.97	 31.56	 32.30	  7.17	 33.33	 32.24	 12.14	 35.77	 31.40	 12.06	  8.91	  4.32	 37.44	 32.49	  9.88	 32.97	 13.69	 32.66	 32.26	 11.75	 43.16	 33.76	 32.38	 13.12	 31.91	 12.26	 33.86	 30.60	 33.59	  4.16	 10.20	 35.31	 31.51	 32.74	 30.85	 15.50	 32.42	 36.13	 28.15		Arizona_elegans 1
		  0.00	 36.44	  9.00	 38.37	 13.34	 13.30	 12.84	 34.22	 11.59	 34.78	 35.59	  9.30	 40.17	 34.74	 36.75	 36.25	 13.34	 36.26	 36.73	  9.55	 36.74	 34.37	 15.10	 39.34	 33.75	 13.98	  8.58	 10.80	 38.17	 35.80	 11.58	 36.53	 12.87	 35.41	 35.09	 13.34	 48.80	 35.03	 35.32	 11.19	 37.60	 13.76	 36.33	 33.55	 37.32	 10.80	 13.00	 36.46	 36.13	 36.49	 35.87	 14.24	 36.40	 40.30	 31.73		Thermophis_baileyi 2
			  0.00	 27.62	 24.99	 32.51	 33.80	 32.08	 20.02	 33.89	 21.07	 21.02	 35.11	 33.00	 21.75	 20.62	 20.24	 34.78	 19.17	 21.14	 34.98	 20.07	 22.16	 35.43	 23.90	 20.39	 32.12	 31.69	 34.30	 24.66	 20.84	 33.86	 19.45	 34.76	 21.01	 20.80	 34.04	 39.64	 21.21	 22.65	 36.59	 22.84	 34.91	 23.58	 20.98	 21.57	 34.52	 36.02	 24.36	 20.76	 21.91	 19.74	 38.02	 19.94	 23.50	 19.07		Elgaria_multicarinata 3
				  0.00	 28.40	  5.82	  5.83	  9.00	 25.15	  7.00	 25.18	 25.71	  6.24	 30.83	 24.30	 26.73	 24.24	  6.67	 22.72	 26.26	  5.85	 26.77	 27.35	  6.59	 28.18	 26.67	  8.96	  6.63	  6.60	 26.26	 26.23	  5.82	 23.76	  7.82	 26.77	 26.75	  6.59	 33.78	 23.68	 22.78	  8.23	 23.25	  8.55	 27.32	 27.28	 24.79	  5.85	  8.13	 25.25	 20.39	 25.85	 25.85	 10.67	 24.75	 26.70	 27.16		Thamnophis_elegans 4
					  0.00	 37.78	 37.30	 37.50	 21.74	 35.89	 23.10	 23.08	 35.92	 30.28	 21.58	 20.55	 21.23	 36.39	 21.44	 21.07	 39.01	 22.83	 21.57	 37.37	 26.06	 22.66	 35.11	 37.79	 37.76	  3.32	 22.86	 38.51	 20.91	 36.36	 22.38	 22.63	 38.40	 38.21	 23.32	 23.20	 36.66	 26.05	 36.81	 25.61	 21.34	 22.22	 39.52	 38.24	  8.74	 20.92	 23.19	 22.20	 38.26	 21.27	 25.64	 20.15		Aspidocelis_tigris 5
						  0.00	  8.58	 12.30	 31.33	 12.50	 32.89	 31.97	 11.95	 37.85	 34.51	 34.96	 31.98	 15.78	 33.36	 34.24	 11.42	 34.50	 34.64	  7.70	 36.78	 31.77	 14.66	 12.35	 11.43	 37.11	 32.17	 11.70	 33.78	 14.17	 34.72	 31.94	  7.41	 46.90	 34.45	 34.82	 13.90	 34.84	  7.88	 31.91	 31.80	 34.31	 11.42	 12.40	 34.92	 32.78	 34.93	 33.46	 15.90	 34.41	 36.26	 29.45		Azemiops_feae 6
							  0.00	 12.21	 30.46	 12.02	 32.47	 31.25	 12.43	 36.63	 33.62	 32.80	 31.67	 14.82	 32.35	 33.48	 11.05	 34.56	 33.96	  9.59	 35.46	 32.19	 15.97	 11.39	 11.91	 35.56	 31.27	 12.38	 31.69	 12.21	 33.93	 30.75	  9.55	 48.31	 32.28	 33.47	 11.90	 32.52	  8.73	 33.48	 32.36	 32.77	 11.57	 12.70	 33.98	 30.56	 35.10	 34.54	 13.81	 33.69	 35.52	 29.39		Daboia_siamensis 7
								  0.00	 32.11	 13.35	 32.84	 32.50	 13.35	 37.11	 33.75	 33.81	 32.03	 13.99	 32.25	 32.47	 13.02	 32.86	 35.02	 12.87	 35.70	 32.01	 10.28	 11.06	 12.16	 37.37	 32.01	 14.81	 33.15	 14.58	 32.67	 31.30	 13.53	 45.82	 32.43	 32.76	 14.95	 31.73	 13.35	 33.08	 31.76	 34.19	 11.65	 15.12	 34.88	 31.86	 34.90	 33.62	 16.88	 31.99	 34.19	 29.07		Charina_bottae 8
									  0.00	 31.88	 13.69	 14.78	 32.01	 29.88	 14.34	 13.68	 16.36	 33.79	 14.66	 13.85	 32.35	 14.18	 16.83	 31.34	 21.88	 16.47	 29.58	 31.04	 32.38	 22.00	 15.60	 32.25	 17.00	 32.36	 14.85	 15.62	 32.16	 36.37	 16.44	 16.77	 32.34	 18.44	 29.64	 18.97	 15.82	 14.99	 33.45	 33.78	 21.09	 19.75	 14.43	 15.85	 36.48	 13.21	 22.40	 12.21		Shinisaurus_crocodilurus 9
										  0.00	 33.66	 31.28	 10.11	 38.07	 31.59	 33.53	 33.06	 12.34	 31.72	 32.86	  9.51	 33.55	 34.37	 13.22	 34.93	 32.55	 10.98	  9.01	 10.27	 36.18	 31.05	 10.38	 33.73	  8.18	 33.35	 31.69	 12.72	 46.03	 34.19	 32.90	  7.80	 35.04	 12.97	 33.91	 30.83	 35.23	 10.59	 10.35	 34.50	 33.19	 33.85	 34.61	 11.81	 33.42	 35.75	 30.44		Ophiophagus_hannah 10
											  0.00	 14.22	 31.74	 30.52	 13.37	 11.15	 10.26	 34.37	 13.52	 11.83	 33.16	 13.85	 16.74	 32.29	 23.56	 13.59	 27.20	 32.61	 33.55	 24.32	 15.36	 33.23	 13.34	 33.88	 10.83	 14.88	 33.72	 33.27	 17.03	 16.87	 33.09	 21.90	 33.11	 18.06	 15.38	 12.22	 33.99	 32.30	 21.36	 19.48	 15.07	 13.29	 34.73	  9.72	 25.21	 13.12		Anolis_sagrei 11
												  0.00	 33.02	 30.20	 12.04	 11.43	 14.26	 31.52	 13.65	 12.87	 32.99	 13.00	 19.69	 32.23	 23.15	  9.31	 29.66	 30.20	 33.45	 23.94	  2.15	 31.63	 12.74	 30.91	 12.89	  4.09	 33.33	 35.86	 19.07	 17.19	 32.43	 20.84	 31.98	 18.32	  8.39	 13.49	 34.12	 34.09	 21.40	 18.30	 14.60	 13.15	 32.10	 11.57	 22.68	  7.53		Lacerta_bilineata 12
													  0.00	 38.97	 30.63	 33.50	 32.23	 13.42	 33.48	 34.56	  9.62	 33.81	 32.48	 12.52	 36.43	 33.22	 11.50	  8.38	 10.23	 35.85	 33.48	  9.23	 32.47	 12.69	 32.92	 33.66	 13.31	 47.96	 33.81	 33.91	 11.70	 34.74	 11.98	 34.21	 32.78	 31.97	  9.44	 11.34	 34.04	 34.81	 34.63	 33.31	 12.52	 32.81	 37.52	 32.33		Imantodes_cenchoa 13
														  0.00	 30.12	 28.66	 28.58	 41.08	 27.45	 29.12	 37.99	 30.56	 30.04	 39.06	 33.07	 29.54	 34.88	 36.45	 39.90	 29.71	 29.97	 37.29	 27.40	 38.23	 28.76	 29.33	 39.20	 36.01	 29.71	 28.74	 37.36	 32.36	 38.75	 29.73	 26.99	 28.33	 40.35	 38.04	 28.98	 29.54	 30.24	 31.02	 40.47	 28.49	 32.48	 27.70		Phrynocephalus_versicolor 14
															  0.00	 11.31	 13.50	 33.24	 13.21	 11.77	 32.90	  8.28	 16.62	 34.17	 23.17	 13.29	 28.78	 32.05	 33.50	 20.49	 13.17	 31.62	 13.41	 30.59	 10.23	 13.16	 35.91	 35.44	 16.91	 14.92	 32.82	 20.43	 33.63	 18.87	 12.65	 11.35	 34.67	 33.68	 19.37	 18.67	 13.20	  9.93	 34.20	 10.23	 23.38	 11.17		Cryptoblepharus_egeriae 15
																  0.00	 11.91	 36.73	  7.70	  6.69	 34.80	 10.85	 14.97	 34.58	 21.93	 11.89	 30.50	 32.23	 34.53	 21.21	 12.37	 33.93	 11.32	 34.44	 10.45	 12.22	 34.32	 33.76	 14.90	 15.88	 33.35	 19.99	 34.05	 16.57	 12.81	 10.07	 35.68	 33.40	 18.33	 17.33	 14.40	 11.26	 36.66	  9.64	 22.17	 10.83		Iguana_delicatissima 16
																	  0.00	 34.50	 13.48	 12.56	 35.05	 12.24	 17.44	 33.87	 24.68	 13.61	 30.10	 32.46	 34.32	 21.70	 13.93	 33.25	 11.46	 33.46	 13.57	 13.44	 34.57	 35.87	 16.38	 16.68	 32.93	 21.22	 33.46	 18.92	 14.26	 12.69	 35.00	 33.05	 20.05	 17.57	 14.21	 14.44	 34.73	 12.10	 23.83	 12.57		Anolis_carolinensis 17
																		  0.00	 34.89	 36.56	 12.06	 35.47	 36.32	 14.17	 36.42	 35.25	 14.40	 13.08	 13.51	 36.72	 32.37	 12.74	 36.64	 14.38	 33.67	 32.36	 15.50	 45.62	 36.12	 34.81	 13.83	 35.44	 16.59	 34.65	 32.59	 36.01	 13.35	 14.81	 35.67	 35.36	 35.57	 35.33	 15.68	 35.57	 37.77	 32.61		Myanophis_thanlyinensis 18
																			  0.00	  9.86	 33.00	 12.72	 16.48	 34.84	 22.78	 12.51	 29.19	 31.59	 34.55	 22.09	 13.80	 33.52	 12.09	 31.28	 13.16	 13.32	 33.43	 32.19	 15.71	 16.22	 33.10	 19.61	 34.34	 18.23	 14.60	 11.60	 34.31	 33.38	 19.91	 16.66	 16.72	 13.49	 34.49	 11.98	 22.69	 10.82		Cyclura_pinguis 19
																				  0.00	 34.12	 12.10	 16.13	 34.58	 21.00	 12.09	 30.59	 33.52	 34.31	 22.17	 13.51	 34.47	 12.14	 33.31	  9.50	 13.20	 34.31	 33.69	 13.94	 15.59	 32.53	 20.23	 33.43	 16.77	 12.36	 10.85	 37.10	 35.11	 20.10	 18.05	 13.38	 12.71	 35.88	  8.73	 21.55	 10.84		Ctenosaura_bakeri 20
																					  0.00	 36.18	 35.64	 11.65	 37.23	 33.01	 13.43	  8.39	  5.36	 38.76	 33.87	  9.15	 34.63	 12.12	 34.89	 33.18	 12.06	 46.31	 34.85	 36.22	 10.04	 34.63	 12.01	 35.89	 32.31	 35.21	  5.66	 12.37	 36.77	 34.04	 35.02	 34.45	 13.43	 34.96	 38.10	 31.03		Ptyas_mucosa 21
																						  0.00	 15.78	 35.93	 23.82	 13.93	 31.94	 32.67	 36.38	 21.68	 13.00	 35.75	 13.06	 33.17	 10.55	 13.65	 36.10	 33.09	 16.43	 14.46	 33.27	 20.47	 35.01	 19.40	 14.76	 12.09	 36.88	 35.86	 18.36	 17.49	 13.17	  9.94	 36.20	 10.70	 23.08	 10.81		Lerista_edwardsae 22
																							  0.00	 37.26	 25.66	 17.09	 32.21	 32.57	 35.18	 22.12	 19.49	 34.04	 15.94	 35.91	 16.81	 19.50	 35.55	 35.69	 12.38	 15.79	 34.48	 21.21	 34.71	 20.16	 17.28	 15.61	 35.87	 35.38	 21.29	 18.25	 18.54	 16.13	 35.07	 15.78	 25.63	 14.77		Lepidodactylus_listeri 23
																								  0.00	 37.46	 32.97	 13.09	 12.10	 10.98	 37.17	 33.56	 10.57	 35.21	 13.95	 34.69	 32.64	  8.81	 49.28	 35.55	 35.20	 12.70	 36.03	  7.11	 33.76	 33.37	 35.31	 11.14	 11.61	 35.96	 34.73	 35.93	 34.19	 15.44	 34.36	 37.59	 30.83		Bothrops_jararaca 24
																									  0.00	 23.21	 32.60	 36.08	 37.67	 25.32	 23.91	 34.49	 25.32	 36.77	 22.61	 22.95	 37.13	 37.72	 25.01	 21.47	 36.65	 23.71	 37.27	 28.12	 22.95	 24.11	 37.91	 39.25	 24.97	 24.40	 24.57	 25.35	 39.40	 22.45	  8.38	 22.35		Varanus_komodoensis 25
																										  0.00	 28.14	 32.04	 33.05	 23.52	  9.30	 34.18	 13.02	 31.73	 13.53	  7.36	 32.66	 32.64	 17.67	 18.40	 33.06	 21.19	 32.44	 19.05	  8.98	 12.36	 34.14	 34.15	 21.70	 18.07	 16.79	 13.78	 31.52	 12.69	 24.43	  4.36		Podarcis_muralis 26
																											  0.00	 12.40	 12.36	 35.37	 29.41	 13.04	 30.27	 13.48	 28.75	 29.86	 12.88	 43.61	 31.65	 30.94	 14.10	 31.54	 13.93	 32.25	 29.42	 30.92	 11.66	 12.39	 33.17	 31.70	 31.20	 30.13	 14.48	 27.88	 32.96	 27.05		Morelia_viridis 27
																												  0.00	  8.54	 37.28	 30.43	 10.37	 31.61	 11.20	 33.64	 30.41	 11.88	 46.26	 32.42	 31.79	 10.87	 33.42	 11.50	 32.92	 31.82	 33.37	  7.88	 10.88	 35.98	 32.71	 33.11	 31.90	 11.54	 32.69	 34.99	 29.20		Diadophis_punctatus 28
																													  0.00	 37.07	 34.11	  9.13	 34.82	 12.73	 34.43	 32.96	 12.23	 43.84	 35.54	 35.54	 12.35	 33.99	 11.37	 35.19	 32.97	 34.71	  3.90	 10.63	 35.57	 34.95	 35.03	 33.76	 15.96	 34.73	 39.04	 30.80		Pantherophis_guttatus 29
																														  0.00	 24.11	 38.00	 20.65	 36.41	 22.16	 23.49	 38.17	 38.52	 24.16	 23.66	 35.93	 26.57	 36.63	 26.05	 21.47	 22.11	 39.25	 36.57	  7.49	 21.58	 23.07	 21.95	 39.04	 22.30	 25.99	 20.06		Aspidoscelis_marmoratus 30
																															  0.00	 32.07	 12.58	 31.11	 13.38	  4.66	 33.07	 35.61	 19.06	 18.05	 32.87	 20.48	 32.17	 19.18	  8.84	 13.82	 34.79	 35.01	 21.56	 18.81	 15.26	 13.30	 32.77	 12.37	 22.50	  7.33		Lacerta_viridis 31
																																  0.00	 33.60	 11.78	 34.15	 32.77	 11.70	 47.02	 34.82	 33.69	 12.13	 32.94	 10.86	 34.47	 32.59	 35.19	  8.47	 12.40	 35.92	 33.48	 35.08	 33.37	 14.91	 33.21	 35.31	 31.81		Boaedon_fuliginosus 32
																																	  0.00	 32.90	 10.87	 13.54	 34.19	 35.48	 17.36	 17.94	 33.43	 21.51	 35.07	 17.73	 13.04	  5.95	 35.94	 35.10	 19.37	 17.28	 15.37	 12.24	 33.48	  9.56	 24.13	 12.61		Phrynosoma_platyrhinos 33
																																		  0.00	 33.79	 31.75	 14.88	 45.42	 35.51	 34.63	  8.61	 36.38	 14.48	 35.34	 31.51	 34.11	 12.90	 13.35	 34.92	 35.12	 34.72	 34.88	 13.10	 33.41	 37.68	 29.73		Naja_naja 34
																																			  0.00	 13.70	 34.94	 35.00	 17.29	 16.45	 33.03	 19.40	 34.01	 16.40	 12.42	  7.60	 35.30	 35.07	 19.73	 19.14	 14.88	 10.54	 37.43	  4.69	 23.20	 12.41		Sceloporus_tristichus 35
																																				  0.00	 33.06	 35.40	 18.89	 17.70	 32.38	 21.91	 31.72	 19.39	  8.86	 13.16	 34.08	 33.37	 22.28	 18.28	 15.93	 14.15	 32.51	 12.69	 22.86	  7.53		Lacerta_agilis 36
																																					  0.00	 49.51	 34.84	 34.45	 13.51	 36.23	  8.35	 32.97	 32.66	 35.19	 12.23	 12.41	 34.91	 33.45	 36.37	 35.97	 16.59	 35.07	 37.45	 29.44		Protobothrops_mucrosquamatus 37
																																						  0.00	 36.17	 37.98	 48.12	 37.83	 48.72	 37.04	 34.94	 33.70	 45.16	 45.50	 37.27	 39.09	 36.39	 33.10	 47.77	 34.14	 38.39	 30.81		Pogona_vitticeps 38
																																							  0.00	 15.71	 33.93	 20.71	 33.74	 20.64	 16.84	 16.19	 36.46	 34.48	 22.11	 15.94	 18.13	 17.37	 37.56	 16.06	 26.33	 13.51		Gekko_japonicus 39
																																								  0.00	 34.73	 20.20	 34.45	 18.95	 18.58	 17.57	 37.12	 32.66	 21.81	 17.33	 16.44	 16.57	 36.39	 15.06	 22.86	 14.71		Sphaerodactylus_townsendi 40
																																									  0.00	 34.84	 12.33	 33.96	 31.30	 34.93	 12.01	 13.04	 36.06	 33.51	 34.63	 34.29	 11.40	 32.61	 37.05	 31.04		Bungarus_multicintus 41
																																										  0.00	 35.15	 24.45	 19.77	 20.56	 34.63	 38.25	 24.37	 24.65	 21.72	 21.11	 38.53	 18.98	 24.57	 19.08		Paroedura_picta 42
																																											  0.00	 33.45	 31.11	 35.14	 12.18	 13.07	 34.94	 35.00	 35.15	 34.30	 16.23	 33.69	 37.12	 30.52		Crotalus_tigris 43
																																												  0.00	 18.86	 16.56	 36.31	 35.30	 25.54	 20.66	 22.16	 18.70	 35.83	 17.05	 27.37	 17.33		Sphenodon_punctatus 44
																																													  0.00	 13.16	 34.09	 32.35	 20.41	 18.62	 16.08	 13.00	 32.71	 12.21	 22.86	  8.61		Zootoca_vivipara 45
																																														  0.00	 36.52	 35.52	 20.25	 18.83	 14.58	 11.43	 35.66	  7.88	 23.68	 11.60		Phrynosoma_blainvillii 46
																																															  0.00	 10.63	 37.01	 35.18	 36.19	 33.80	 14.93	 35.37	 38.54	 31.28		Pituophis_catenifer 47
																																																  0.00	 36.89	 34.00	 34.36	 33.25	 14.80	 35.32	 38.61	 31.84		Tropidonophis_doriae 48
																																																	  0.00	 20.15	 20.78	 20.48	 37.70	 19.18	 25.94	 18.78		Salvator_merianae 49
																																																		  0.00	 18.73	 19.07	 35.41	 18.69	 25.28	 16.10		Eublepharis_macularius 50
																																																			  0.00	 15.32	 37.21	 13.42	 24.18	 15.04		Hemicordylus_capensis 51
																																																				  0.00	 35.55	  9.88	 24.32	 11.23		Plestiodon_gilberti 52
																																																					  0.00	 35.17	 39.26	 31.03		Laticauda_colubrina 53
																																																						  0.00	 22.78	 11.04		Sceloporus_occidentalis 54
																																																							  0.00	 23.25		Varanus_salvator 55
																																																								  0.00		Podarci_raffonei 56
