Distance Matrix
---------------

Using the Tamura correction method
Using base positions 12 in the codon
Gap weighting is 0.000000

	    1	    2	    3	    4	    5	    6	    7	    8	    9	    10	    11	    12	    13	    14	    15	    16	    17	    18	    19	    20	    21	    22	    23	    24	    25	    26	    27	    28	    29	    30	    31	    32	    33	    34	    35	    36	    37	    38	    39	    40	    41	    42	    43	    44	    45	    46	    47	    48	    49	    50	    51	    52	    53	    54	    55	    56	    57	    58	    59	    60
	  0.00	 28.39	 29.61	 26.66	 11.11	 35.10	 35.89	 11.41	 12.98	 11.62	 14.47	 36.77	  9.75	 12.67	 28.48	 28.76	 28.79	 13.75	 10.72	 30.76	 29.67	 30.24	 30.12	 29.13	 11.22	 27.13	 27.59	 28.25	 14.45	 29.77	 29.43	  4.76	 14.08	 13.63	 11.05	 28.89	 35.08	 28.91	 29.41	 10.74	 28.12	 27.58	 26.68	 42.30	 13.05	 11.64	 33.58	 27.39	 28.53	 27.58	 28.69	 31.56	 13.41	 12.84	 33.61	 33.48	 12.31	 28.25	  8.98	 10.92		Python_bivittatus 1
		  0.00	 26.75	 24.14	 30.62	 30.64	 30.41	 29.33	 29.97	 28.88	 29.41	 32.65	 28.42	 29.82	 24.12	 24.38	 24.33	 30.67	 29.50	 28.55	 27.99	 25.66	 26.47	 23.73	 29.05	 26.27	 25.85	 25.61	 32.12	 25.41	 24.16	 27.76	 28.20	 28.54	 27.18	 29.67	 29.98	 24.33	 25.62	 29.48	 23.90	 23.63	 26.44	 39.10	 30.19	 28.85	 28.16	 24.74	 25.41	 25.60	 25.32	 26.92	 31.83	 29.33	 28.65	 28.85	 29.35	 24.97	 25.15	 29.70		Anilios_bituberculatus 2
			  0.00	  9.88	 31.98	 20.58	 20.18	 29.40	 31.62	 30.95	 31.04	 27.56	 30.51	 30.06	 11.89	 11.89	 13.13	 30.72	 32.10	 19.80	 16.37	 15.27	 13.86	 11.20	 29.57	 13.11	 13.67	 13.48	 32.08	 15.47	 11.20	 29.68	 31.88	 30.58	 30.15	 20.78	 26.68	 12.26	 10.71	 32.45	 13.34	 12.38	 12.77	 34.88	 31.94	 32.25	 19.00	 11.41	 12.81	 14.97	 14.16	 17.52	 33.30	 31.02	 22.99	 22.39	 31.07	 13.85	 24.24	 31.26		Anolis_carolinensis 3
				  0.00	 30.22	 22.66	 22.66	 30.16	 31.38	 28.62	 30.99	 28.69	 31.15	 29.49	 11.40	 11.25	 13.36	 31.56	 31.55	 20.53	 18.11	 15.45	 14.09	 10.18	 28.85	 14.19	 13.45	 14.91	 32.12	 14.73	 12.65	 26.88	 30.85	 30.82	 30.58	 21.35	 27.89	 11.56	 12.64	 30.91	 12.42	 12.56	 12.76	 32.50	 31.54	 30.04	 20.63	  9.30	 10.33	 13.12	 14.19	 17.14	 31.29	 30.03	 21.98	 23.88	 30.23	 15.10	 25.18	 30.00		Anolis_sagrei 4
					  0.00	 38.26	 36.65	 11.28	  9.55	 12.06	 12.88	 37.13	 11.99	 11.82	 30.80	 32.08	 31.04	 12.15	  8.70	 31.60	 30.75	 32.83	 32.02	 31.27	 10.39	 31.48	 31.51	 31.96	 14.96	 30.57	 32.20	 12.14	 13.58	 13.29	  9.86	 30.74	 36.80	 32.66	 32.02	  3.83	 29.64	 28.15	 30.65	 42.15	 11.28	  6.75	 34.45	 31.49	 32.47	 31.25	 30.50	 33.88	 11.11	 10.04	 34.87	 35.74	 12.36	 30.29	  9.00	  3.99		Arizona_elegans 5
						  0.00	  3.37	 35.75	 36.75	 35.05	 34.92	 30.84	 35.89	 34.51	 20.66	 21.83	 22.03	 36.30	 36.67	 24.53	 20.01	 23.33	 22.85	 21.04	 34.45	 21.81	 22.28	 22.05	 36.10	 20.41	 21.81	 35.09	 34.61	 34.83	 33.86	 26.57	 28.92	 22.47	 21.22	 37.36	 21.58	 19.73	 22.05	 37.09	 36.48	 37.09	  8.02	 21.21	 22.85	 21.36	 21.16	 25.12	 36.69	 36.08	 24.95	 24.32	 35.41	 21.40	 28.40	 35.56		Aspidocelis_tigris 6
							  0.00	 34.23	 36.23	 34.30	 33.90	 28.73	 35.63	 33.76	 19.25	 22.04	 21.40	 34.50	 36.14	 23.69	 19.41	 23.75	 22.22	 20.43	 33.44	 21.81	 22.29	 22.47	 35.85	 20.82	 20.34	 35.35	 34.61	 33.57	 32.87	 26.57	 27.34	 21.43	 20.00	 36.04	 20.54	 19.49	 22.05	 37.09	 35.71	 35.78	  7.01	 21.00	 21.59	 21.16	 20.96	 24.68	 35.64	 34.28	 23.69	 23.69	 34.64	 20.58	 26.26	 33.78		Aspidoscelis_marmoratus 7
								  0.00	 11.05	  6.52	 13.28	 35.66	 11.40	  6.88	 32.04	 32.38	 30.89	  8.49	 11.43	 29.65	 28.69	 30.90	 31.65	 32.60	 10.71	 30.02	 30.28	 30.49	 15.06	 30.73	 31.55	 13.60	 14.41	 12.67	 11.22	 31.34	 35.32	 31.65	 30.82	 10.40	 30.12	 28.06	 30.05	 43.75	  6.86	 10.75	 33.39	 31.99	 32.67	 28.87	 30.40	 30.21	 12.50	 11.57	 34.34	 33.47	  7.50	 29.86	  5.82	 10.75		Azemiops_feae 8
									  0.00	  9.87	 12.19	 35.98	 14.28	 10.01	 30.45	 33.13	 31.89	 11.91	  9.87	 32.23	 31.41	 32.75	 33.03	 32.32	  9.16	 31.34	 30.18	 30.63	 14.20	 31.70	 33.75	 12.61	 12.14	 11.82	 10.20	 30.64	 36.52	 33.13	 31.51	  8.19	 31.04	 30.98	 32.58	 44.87	 11.23	  8.72	 34.35	 31.62	 33.08	 30.40	 30.94	 33.35	 11.61	 12.31	 33.12	 33.93	 10.53	 31.18	  5.82	  8.70		Boaedon_fuliginosus 9
										  0.00	 12.00	 36.98	 12.01	  6.69	 31.46	 32.01	 31.51	  9.53	 11.35	 32.72	 30.74	 31.84	 32.69	 31.25	 10.76	 29.84	 29.63	 31.02	 13.62	 33.19	 32.82	 12.55	 12.83	 12.04	 11.45	 31.88	 36.62	 32.00	 31.62	 10.25	 30.42	 29.22	 30.39	 45.64	  7.87	 10.45	 33.97	 31.23	 32.16	 28.89	 31.00	 31.48	 14.03	 10.54	 34.07	 34.15	  8.00	 30.83	  6.59	 10.42		Bothrops_jararaca 10
											  0.00	 39.30	 14.15	 11.44	 30.98	 30.88	 31.02	 11.59	 10.60	 34.58	 30.51	 31.39	 32.15	 31.29	 11.47	 30.47	 30.53	 30.98	 10.80	 31.23	 31.20	 13.93	 13.22	  8.70	  8.17	 31.88	 35.70	 32.45	 30.65	 11.81	 31.78	 29.71	 30.94	 45.25	 13.23	  9.37	 34.03	 30.75	 31.67	 30.21	 31.52	 32.57	 10.94	 12.89	 35.11	 35.51	 11.42	 29.58	  8.23	 11.99		Bungarus_multicintus 11
												  0.00	 36.56	 36.11	 28.85	 27.49	 27.78	 37.25	 37.29	 30.62	 28.06	 31.33	 31.08	 27.55	 36.04	 26.69	 27.38	 27.39	 35.92	 28.69	 27.72	 38.09	 37.25	 38.02	 36.14	 32.18	 29.56	 27.78	 26.94	 37.57	 29.36	 27.24	 28.00	 36.38	 38.45	 36.84	 28.41	 28.24	 29.12	 30.82	 27.12	 28.44	 39.42	 38.38	 31.02	 30.08	 37.59	 27.65	 30.81	 36.29		Calotes_versicolor 12
													  0.00	 12.68	 32.39	 31.24	 30.55	 11.76	 11.10	 30.38	 29.67	 30.05	 32.85	 32.18	 12.51	 29.53	 30.77	 30.50	 16.05	 31.96	 30.97	 10.30	 13.55	 13.45	 12.68	 29.12	 35.63	 32.11	 31.27	 11.08	 31.30	 27.55	 29.80	 43.95	 12.87	 12.17	 33.02	 30.29	 31.72	 30.21	 29.90	 32.12	 12.15	 14.69	 33.90	 32.80	 12.69	 30.47	  9.00	 11.62		Charina_bottae 13
														  0.00	 30.64	 30.81	 31.00	  8.81	 10.73	 31.95	 31.03	 29.73	 31.64	 30.71	 10.22	 29.12	 29.60	 29.81	 14.33	 30.53	 31.62	 13.04	 14.80	 11.98	 10.55	 31.17	 35.82	 31.60	 31.25	 10.75	 30.31	 28.90	 29.61	 45.13	  7.56	 10.57	 33.18	 30.30	 31.21	 27.09	 30.19	 30.94	 11.93	 11.73	 34.12	 34.16	  8.83	 28.46	  8.55	 10.22		Crotalus_tigris 14
															  0.00	 10.34	 12.09	 32.79	 31.45	 21.05	 16.92	 16.17	 12.44	  10.00	 28.67	 11.90	 10.50	 11.56	 32.44	 15.48	  8.01	 28.05	 30.71	 28.39	 28.96	 20.02	 28.00	  9.69	 11.59	 32.24	  8.82	 10.47	 11.37	 34.58	 33.32	 30.59	 18.27	  8.82	  8.82	 12.94	 13.08	 16.75	 32.07	 32.23	 21.34	 21.98	 31.98	 11.36	 24.30	 30.77		Cryptoblepharus_egeriae 15
																  0.00	 10.09	 33.10	 32.99	 21.01	 17.04	 13.81	 12.77	  7.04	 32.40	 12.61	 11.89	 12.78	 33.71	 14.79	 10.88	 30.59	 33.97	 30.78	 30.30	 21.20	 28.05	 10.67	 11.58	 34.53	 11.74	 10.48	 11.91	 32.23	 32.49	 31.62	 20.23	  8.14	  9.33	 13.30	 13.81	 15.84	 33.91	 33.44	 20.17	 20.60	 31.94	 12.38	 26.26	 31.56		Ctenosaura_bakeri 16
																	  0.00	 31.66	 31.46	 19.39	 15.54	 15.08	 16.85	  8.19	 31.14	 13.32	 13.33	 13.68	 32.35	 14.79	 11.56	 28.70	 31.63	 28.31	 28.77	 19.95	 25.43	 12.26	 12.45	 31.46	 13.19	 10.47	 12.24	 31.26	 30.54	 30.31	 19.82	 12.15	 13.44	 13.84	 13.65	 16.96	 33.29	 31.41	 21.93	 21.52	 31.06	 14.95	 22.72	 31.50		Cyclura_pinguis 17
																		  0.00	 10.92	 32.65	 28.71	 30.68	 33.54	 32.13	 12.14	 30.20	 30.73	 30.74	 13.97	 32.16	 33.07	 15.45	 14.48	 11.93	 11.73	 30.72	 36.62	 31.39	 30.28	 11.42	 32.77	 28.84	 31.02	 46.84	  9.50	 11.24	 33.61	 32.85	 33.34	 29.49	 31.24	 32.82	 13.41	 12.44	 34.36	 34.70	  7.23	 31.91	  5.83	 11.96		Daboia_siamensis 18
																			  0.00	 31.28	 31.40	 31.11	 32.54	 32.12	  8.03	 30.19	 29.98	 30.46	 10.94	 30.55	 31.88	 12.18	 12.35	 10.77	  8.84	 32.40	 36.22	 32.83	 31.02	  7.52	 31.09	 29.20	 30.73	 45.33	 11.11	  7.53	 34.79	 31.91	 33.13	 29.74	 30.04	 32.56	  7.90	 10.78	 34.85	 34.23	 11.64	 31.22	  6.63	  8.20		Diadophis_punctatus 19
																				  0.00	 19.74	 21.67	 21.19	 20.82	 33.90	 20.03	 20.25	 20.25	 35.68	 21.36	 19.43	 31.72	 32.52	 32.26	 31.33	 22.50	 30.65	 21.71	 19.12	 31.55	 19.07	 18.96	 19.60	 37.79	 31.51	 32.27	 24.14	 19.49	 20.68	 19.39	 21.89	 22.33	 33.84	 34.11	 22.97	 21.32	 31.60	 20.64	 27.62	 31.11		Elgaria_multicarinata 20
																					  0.00	 14.94	 17.70	 15.89	 32.06	 16.59	 16.61	 17.56	 31.42	 16.28	 16.02	 30.84	 30.94	 31.16	 29.15	 24.08	 26.84	 17.54	 15.64	 31.66	 18.00	 15.15	 16.38	 37.45	 29.66	 30.47	 18.47	 17.21	 18.23	 17.90	 14.80	 18.25	 32.18	 31.13	 22.14	 22.98	 30.95	 17.37	 20.39	 30.72		Eublepharis_macularius 21
																						  0.00	 17.31	 14.55	 31.02	 17.49	 17.31	 17.49	 34.42	 11.70	 15.64	 30.79	 32.90	 32.06	 30.66	 21.00	 27.99	 15.25	 16.16	 32.56	 16.56	 13.39	 16.36	 34.43	 31.59	 31.60	 21.09	 14.54	 16.79	 15.26	 13.99	 18.66	 31.33	 32.07	 23.62	 24.08	 29.14	 15.99	 23.68	 31.39		Gekko_japonicus 22
																							  0.00	 14.25	 31.62	 15.46	 13.81	 14.71	 34.04	 16.44	 12.78	 30.78	 32.08	 31.69	 30.77	 21.40	 28.67	 14.08	 14.59	 33.69	 14.80	 14.48	 15.69	 35.19	 33.18	 31.95	 19.60	 12.44	 14.61	 12.98	 14.35	 20.65	 33.25	 31.86	 22.59	 23.01	 32.48	 15.27	 25.85	 31.99		Hemicordylus_capensis 23
																								  0.00	 30.93	 11.90	 10.68	 11.90	 34.44	 13.50	  9.50	 30.05	 33.58	 31.43	 30.46	 20.80	 26.97	 10.01	 11.05	 32.67	 10.69	 10.27	 11.38	 32.28	 31.48	 31.98	 18.07	  9.01	  9.87	 12.58	 13.65	 15.13	 33.58	 31.44	 20.99	 20.95	 33.20	 12.74	 26.73	 31.24		Iguana_delicatissima 24
																									  0.00	 31.07	 30.62	 31.10	 11.14	 29.71	 31.36	 11.07	 12.31	 12.20	  9.57	 31.80	 36.27	 28.88	 29.38	  8.33	 30.29	 30.41	 30.43	 44.81	 12.18	  8.68	 32.32	 30.24	 31.15	 29.25	 29.81	 31.92	  9.03	 10.78	 34.60	 34.94	 11.10	 30.40	  6.24	  9.35		Imantodes_cenchoa 25
																										  0.00	  4.14	  4.62	 30.68	 17.71	 12.46	 29.16	 29.84	 29.00	 28.70	 21.36	 27.42	 12.42	 12.49	 31.90	 13.06	  7.91	  6.68	 34.58	 31.01	 30.71	 21.24	 11.91	 12.81	 14.17	 15.09	 17.56	 32.27	 31.37	 21.33	 21.54	 30.06	  8.86	 26.75	 30.26		Lacerta_agilis 26
																											  0.00	  2.26	 30.46	 17.54	 11.93	 28.95	 29.17	 28.33	 28.49	 19.78	 28.17	 12.98	 11.96	 32.17	 12.14	  7.31	  8.52	 35.11	 31.52	 30.73	 20.26	 10.68	 11.92	 13.26	 14.36	 16.20	 33.03	 32.12	 21.55	 21.15	 29.65	  8.01	 25.71	 31.00		Lacerta_bilineata 27
																												  0.00	 30.95	 17.32	 12.11	 28.70	 29.84	 28.54	 28.47	 19.39	 27.68	 13.53	 11.96	 32.88	 12.49	  7.09	  8.68	 35.08	 31.49	 31.66	 20.44	 11.39	 12.65	 14.16	 15.11	 17.34	 33.24	 33.32	 22.60	 21.15	 29.90	  8.68	 26.23	 31.69		Lacerta_viridis 28
																													  0.00	 31.43	 33.57	 13.77	 14.49	 11.83	 10.95	 34.77	 38.43	 32.65	 30.80	 13.46	 33.03	 28.97	 28.95	 44.54	 15.43	 12.40	 35.93	 32.85	 35.38	 33.43	 32.02	 33.67	 12.75	 13.86	 36.65	 36.19	 14.51	 30.88	 10.67	 14.59		Laticauda_colubrina 29
																														  0.00	 14.19	 30.66	 32.28	 32.54	 30.26	 20.89	 27.14	 13.47	 13.65	 31.52	 14.22	 14.33	 15.11	 34.13	 31.99	 32.01	 19.82	 13.85	 14.96	 14.77	 14.22	 17.89	 30.48	 32.55	 23.27	 22.61	 32.29	 15.68	 27.35	 30.83		Lepidodactylus_listeri 30
																															  0.00	 31.53	 32.34	 30.41	 30.79	 19.69	 28.29	 11.04	 11.77	 34.12	  9.35	 10.08	 12.06	 32.48	 34.01	 33.36	 16.97	  9.86	  9.68	 13.12	 13.12	 17.71	 33.48	 33.76	 22.03	 22.06	 33.26	 13.68	 26.77	 33.11		Lerista_edwardsae 31
																																  0.00	 13.71	 13.28	 10.87	 30.91	 34.61	 30.26	 29.83	 11.08	 29.23	 27.05	 27.59	 43.41	 12.13	 12.52	 32.81	 27.13	 28.71	 29.10	 29.57	 32.31	 13.27	 12.15	 31.98	 32.82	 13.39	 29.40	  8.96	 11.79		Morelia_viridis 32
																																	  0.00	 12.92	 11.06	 31.33	 38.10	 32.36	 33.51	 12.51	 31.46	 31.13	 31.95	 42.14	 14.64	 11.29	 33.99	 32.37	 31.16	 30.85	 30.19	 32.09	 13.05	 13.38	 33.31	 34.41	 14.82	 30.32	  6.67	 13.06		Myanophis_thanlyinensis 33
																																		  0.00	  8.22	 32.51	 35.32	 30.62	 29.33	 11.83	 31.67	 27.90	 28.77	 42.11	 13.25	 11.16	 33.19	 30.58	 31.79	 29.33	 29.99	 33.24	 12.18	 12.72	 34.13	 34.52	 11.59	 29.20	  7.82	 12.01		Naja_naja 34
																																			  0.00	 30.67	 34.90	 31.78	 30.19	  9.85	 31.37	 28.35	 29.62	 42.73	 11.62	  8.67	 32.30	 30.34	 31.30	 28.39	 27.99	 31.71	 10.96	 10.06	 31.98	 32.29	 11.39	 28.47	  7.00	  9.51		Ophiophagus_hannah 35
																																				  0.00	 30.73	 21.00	 21.47	 30.45	 20.70	 18.95	 20.77	 37.11	 32.40	 30.45	 24.19	 18.65	 19.25	 17.64	 18.49	 23.59	 33.31	 35.79	 21.58	 22.80	 30.73	 19.19	 23.25	 30.01		Paroedura_picta 36
																																					  0.00	 26.12	 24.68	 37.52	 28.17	 26.25	 27.23	 34.02	 36.04	 35.27	 27.32	 26.54	 26.95	 28.31	 25.88	 26.73	 37.62	 36.56	 30.88	 30.38	 35.63	 24.68	 30.83	 37.03		Phrynocephalus_versicolor 37
																																						  0.00	  6.05	 33.59	 10.70	 11.10	 11.54	 33.18	 32.63	 31.96	 19.81	  7.71	  7.21	 14.37	 15.09	 15.47	 33.95	 33.18	 22.78	 21.79	 31.55	 12.44	 24.79	 31.66		Phrynosoma_blainvillii 38
																																							  0.00	 32.95	 11.26	 11.78	 11.74	 35.17	 31.31	 31.32	 18.64	  9.08	 10.32	 16.04	 14.93	 16.40	 33.10	 32.48	 23.47	 21.87	 30.20	 11.94	 23.76	 31.50		Phrynosoma_platyrhinos 39
																																								  0.00	 30.28	 29.48	 30.83	 42.41	 11.10	  5.28	 34.88	 32.40	 33.14	 30.28	 32.36	 34.31	 10.41	  9.70	 34.61	 35.71	 11.08	 31.47	  5.85	  3.36		Pituophis_catenifer 40
																																									  0.00	 10.55	 12.33	 32.20	 33.06	 31.20	 19.10	  8.99	  9.17	 14.80	 14.94	 17.19	 32.23	 30.80	 23.90	 22.86	 31.62	 11.99	 25.85	 30.03		Plestiodon_gilberti 41
																																										  0.00	  4.41	 30.33	 28.10	 29.22	 17.57	 10.49	 11.98	 11.93	 13.42	 16.75	 30.24	 30.25	 20.83	 21.31	 29.15	  9.10	 27.16	 28.96		Podarci_raffonei 42
																																											  0.00	 31.80	 31.05	 29.88	 20.83	 11.73	 12.79	 15.47	 15.47	 17.73	 30.67	 32.42	 22.00	 23.02	 31.05	  9.15	 26.67	 29.67		Podarcis_muralis 43
																																												  0.00	 46.81	 43.62	 35.24	 33.20	 34.14	 35.27	 35.92	 36.17	 45.94	 43.70	 35.05	 37.31	 45.45	 34.30	 33.78	 40.79		Pogona_vitticeps 44
																																													  0.00	 11.27	 33.45	 32.25	 32.93	 30.04	 30.95	 30.91	 12.51	 11.74	 35.02	 34.56	  9.01	 31.06	  6.59	 11.45		Protobothrops_mucrosquamatus 45
																																														  0.00	 35.14	 31.96	 32.70	 29.12	 31.68	 33.86	  9.38	 11.16	 34.40	 35.51	 10.20	 30.04	  5.85	  4.79		Ptyas_mucosa 46
																																															  0.00	 18.44	 19.23	 20.74	 19.77	 24.23	 34.82	 34.93	 23.67	 24.31	 33.31	 19.99	 25.25	 33.40		Salvator_merianae 47
																																																  0.00	  4.14	 12.59	 13.64	 15.82	 33.26	 33.19	 20.55	 20.80	 31.99	 11.37	 24.75	 31.71		Sceloporus_occidentalis 48
																																																	  0.00	 14.59	 14.55	 15.43	 33.01	 33.69	 21.35	 22.01	 33.23	 12.10	 26.77	 32.20		Sceloporus_tristichus 49
																																																		  0.00	 14.70	 17.65	 31.53	 31.14	 19.97	 20.55	 29.37	 14.95	 25.15	 29.37		Shinisaurus_crocodilurus 50
																																																			  0.00	 16.23	 30.30	 29.51	 19.73	 20.51	 31.36	 16.03	 22.78	 30.71		Sphaerodactylus_townsendi 51
																																																				  0.00	 34.11	 33.84	 26.50	 26.04	 33.40	 17.91	 27.32	 33.09		Sphenodon_punctatus 52
																																																					  0.00	 12.22	 36.40	 36.56	 12.50	 30.91	  9.00	 10.59		Thermophis_baileyi 53
																																																						  0.00	 37.23	 36.54	 11.73	 30.54	  8.13	  9.70		Tropidonophis_doriae 54
																																																							  0.00	  7.36	 35.21	 22.11	 28.18	 33.89		Varanus_komodoensis 55
																																																								  0.00	 35.12	 21.71	 26.70	 35.50		Varanus_salvator 56
																																																									  0.00	 31.06	  7.39	 11.26		Vipera_latastei 57
																																																										  0.00	 27.28	 30.07		Zootaca_vivipara 58
																																																											  0.00	  6.60		Thamnophis_elegans 59
																																																												  0.00		Pantherophis_guttatus 60
