Distance Matrix
---------------

Using the Tamura correction method
Using base positions 12 in the codon
Gap weighting is 0.000000

	    1	    2	    3	    4	    5	    6	    7	    8	    9	    10	    11	    12	    13	    14	    15	    16	    17	    18	    19	    20	    21	    22	    23	    24	    25	    26	    27	    28	    29	    30	    31	    32	    33	    34	    35	    36	    37	    38	    39	    40	    41	    42	    43	    44	    45	    46	    47	    48	    49	    50	    51	    52	    53	    54	    55	    56	    57	    58	    59	    60
	  0.00	263.37	 43.77	 49.21	180.95	 61.78	 61.51	 17.17	205.38	 15.29	-nan	 94.91	353.74	 14.00	 50.11	 47.61	 46.00	182.50	210.27	 47.05	 49.76	 56.79	 47.97	 44.10	 18.48	 48.57	 47.64	 47.62	 20.42	 55.06	 45.22	 10.09	 25.13	 21.18	 19.80	 68.33	106.03	 48.11	 41.58	 21.36	 44.18	 51.99	 57.99	 87.08	 15.91	 21.42	 61.51	 37.45	 39.15	 46.17	 45.45	 51.13	 20.53	 20.21	 56.14	 48.87	 17.07	 46.54	142.46	 21.10		Python_bivittatus 1
		  0.00	-nan	172.70	198.81	280.16	318.69	197.74	172.28	191.09	222.62	-nan	199.41	219.10	370.30	306.99	-nan	137.71	165.13	179.94	217.84	-nan	-nan	228.10	286.99	-nan	-nan	-nan	221.05	-nan	-nan	224.44	201.05	240.46	-nan	-nan	-nan	409.23	215.77	210.47	-nan	-nan	-nan	-nan	215.50	-nan	296.28	194.96	187.17	273.82	210.71	-nan	203.21	238.75	-nan	-nan	225.56	-nan	185.08	253.45		Anilios_bituberculatus 2
			  0.00	 21.24	159.25	 35.05	 34.76	 53.81	168.02	 51.08	176.72	 99.95	161.26	 47.78	 30.90	 30.88	 24.24	168.78	183.42	 26.32	 32.43	 43.05	 29.02	 21.16	 47.78	 36.34	 33.82	 36.93	 54.65	 39.86	 26.38	 46.76	 53.78	 56.94	 50.14	 55.66	101.52	 20.04	 19.39	 52.23	 27.97	 39.20	 43.14	 77.30	 48.49	 50.66	 37.25	 26.40	 25.49	 23.26	 42.79	 41.86	 51.37	 54.98	 38.72	 35.28	 50.30	 39.68	137.15	 51.38		Anolis_carolinensis 3
				  0.00	152.47	 43.06	 41.92	 50.29	190.50	 49.02	170.96	117.56	190.17	 48.08	 36.74	 27.28	 27.75	168.66	173.25	 33.30	 33.07	 48.98	 32.53	 23.19	 57.20	 38.83	 37.11	 38.53	 59.62	 39.24	 34.03	 51.13	 56.60	 61.15	 58.76	 58.82	 92.83	 22.76	 20.55	 49.89	 32.49	 40.62	 43.53	 91.38	 51.12	 51.60	 39.98	 28.41	 29.37	 33.91	 37.21	 44.82	 56.66	 51.33	 34.55	 33.06	 49.32	 43.49	141.16	 47.96		Anolis_sagrei 4
					  0.00	135.26	141.05	-nan	207.63	205.57	130.18	142.48	150.65	218.22	154.88	126.03	136.95	191.47	275.73	153.24	142.73	165.99	167.62	134.90	219.75	153.43	145.69	141.55	-nan	138.21	152.56	193.38	-nan	-nan	252.89	149.60	181.28	132.94	140.66	224.12	174.75	142.41	160.01	155.16	185.71	-nan	124.31	144.81	152.63	149.29	157.52	163.78	-nan	-nan	137.60	131.59	150.75	141.60	 10.30	340.03		Arizona_elegans 5
						  0.00	  8.80	 69.94	151.91	 65.69	229.82	109.35	251.09	 63.08	 43.17	 49.81	 43.56	154.17	155.19	 28.96	 34.94	 53.15	 34.47	 37.45	 71.20	 42.41	 39.59	 41.15	 74.90	 46.88	 39.39	 60.11	 73.84	 79.61	 69.52	 64.03	 81.58	 37.10	 36.33	 68.54	 38.74	 41.61	 42.62	 83.30	 65.24	 66.42	 16.63	 40.23	 42.94	 34.74	 47.35	 42.30	 73.08	 68.95	 41.08	 38.14	 67.00	 37.67	121.30	 70.52		Aspidocelis_tigris 6
							  0.00	 65.54	147.34	 63.05	183.93	111.83	180.76	 57.75	 39.11	 51.23	 42.36	153.47	150.62	 32.03	 34.85	 52.17	 33.58	 36.44	 60.81	 42.99	 40.17	 40.73	 66.85	 46.71	 35.14	 55.84	 69.12	 70.97	 66.74	 67.52	 85.20	 36.04	 37.14	 67.40	 36.72	 41.17	 44.21	 81.88	 62.62	 63.78	 18.04	 41.08	 41.82	 34.67	 48.27	 42.17	 71.86	 66.27	 38.13	 37.16	 67.44	 44.22	118.92	 63.07		Aspidoscelis_marmoratus 7
								  0.00	256.50	  7.18	202.86	130.32	173.86	 10.20	 56.14	 48.75	 48.27	161.13	210.27	 52.70	 58.92	 53.32	 55.35	 47.17	 20.52	 60.16	 57.80	 60.43	 21.88	 53.16	 53.96	 19.19	 21.41	 19.12	 17.78	 73.89	110.29	 51.75	 45.66	 18.44	 51.96	 54.97	 56.16	 95.14	 12.12	 17.78	 62.54	 40.37	 43.15	 55.56	 48.67	 59.41	 18.99	 16.43	 57.91	 45.89	 13.32	 60.99	197.93	 18.43		Azemiops_feae 8
									  0.00	251.10	197.98	nan	182.88	199.82	206.27	236.98	230.83	182.89	 10.99	182.21	196.68	406.13	215.12	163.40	225.12	170.20	185.55	177.19	249.05	221.22	187.63	170.64	171.24	242.36	212.11	nan	295.10	188.39	197.53	202.69	193.20	177.08	177.08	-nan	224.50	199.41	135.54	209.69	217.12	152.46	232.80	201.28	260.72	219.65	243.11	216.45	172.21	207.66	226.91	186.64		Boaedon_fuliginosus 9
										  0.00	183.31	110.02	170.18	  5.48	 55.14	 49.04	 48.57	170.74	225.88	 51.36	 54.17	 60.41	 54.36	 45.18	 17.85	 59.15	 56.82	 59.43	 18.45	 56.62	 56.29	 17.98	 20.77	 17.19	 15.77	 72.06	107.31	 51.57	 46.66	 17.11	 53.47	 54.01	 57.69	 93.82	  6.66	 17.86	 62.40	 43.04	 45.92	 56.72	 51.91	 53.35	 16.37	 18.48	 56.13	 47.69	 12.73	 60.04	162.32	 17.10		Bothrops_jararaca 10
											  0.00	195.23	 16.90	190.63	206.60	188.77	-nan	136.88	246.42	-nan	181.33	199.76	176.58	225.50	208.09	-nan	243.48	196.73	195.98	235.21	207.92	209.68	187.95	211.19	207.16	-nan	144.60	279.55	194.97	192.65	-nan	193.77	186.06	150.22	203.67	172.38	193.17	193.31	232.89	213.37	194.37	-nan	210.04	200.81	205.98	201.83	159.09	-nan	125.27	201.63		Bungarus_multicintus 11
												  0.00	178.83	104.28	105.32	 79.26	108.83	266.97	inf	 86.66	 95.71	 95.95	 93.67	104.68	 98.07	112.22	104.81	102.04	110.68	101.66	 90.23	 97.65	104.28	108.30	 99.54	114.69	 49.13	101.82	 97.73	121.52	 87.40	107.76	116.89	 38.62	114.86	113.40	105.62	 99.64	101.20	 84.68	121.10	111.82	113.40	139.27	104.13	114.48	103.86	 99.43	134.08	108.66		Calotes_versicolor 12
													  0.00	168.65	162.88	154.91	224.44	107.40	199.20	287.48	153.05	186.86	147.42	184.46	169.12	208.45	180.74	172.62	176.50	205.88	167.30	175.48	148.37	182.40	156.66	210.49	148.51	221.73	175.10	165.26	186.62	155.59	155.59	154.05	180.89	140.63	195.38	164.12	177.95	160.55	173.03	-nan	218.63	209.22	216.37	172.98	146.85	-nan	148.60	164.18		Charina_bottae 13
														  0.00	 51.67	 51.03	 48.86	158.04	203.28	 48.11	 52.00	 56.80	 48.74	 44.28	 16.52	 54.30	 52.14	 54.52	 17.11	 51.93	 49.20	 16.64	 17.92	 14.43	 13.75	 72.32	102.84	 44.81	 44.67	 15.12	 50.02	 53.02	 54.18	 90.20	  7.82	 14.49	 59.93	 41.16	 42.95	 50.70	 49.78	 54.84	 15.07	 17.84	 55.11	 46.77	 13.33	 55.21	153.44	 15.11		Crotalus_tigris 14
															  0.00	 36.91	 27.82	189.37	241.54	 28.29	 31.98	 39.47	 32.05	 25.54	 54.94	 32.73	 31.12	 33.29	 61.75	 33.77	 15.98	 52.01	 65.49	 55.92	 54.94	 55.67	100.46	 25.56	 24.74	 59.26	 17.31	 31.78	 33.50	108.64	 53.63	 56.78	 44.77	 27.03	 30.09	 26.14	 38.77	 44.20	 63.23	 55.16	 38.73	 43.60	 57.23	 36.80	129.05	 61.06		Cryptoblepharus_egeriae 15
																  0.00	 13.07	137.37	156.72	 30.60	 39.21	 39.93	 35.16	  8.66	 58.56	 39.05	 35.30	 40.58	 57.69	 38.84	 33.49	 54.22	 56.37	 54.11	 55.11	 68.97	 77.26	 24.29	 27.31	 56.22	 29.02	 39.39	 43.73	 65.18	 55.53	 55.76	 43.75	 26.21	 26.26	 26.22	 44.30	 43.70	 57.69	 52.41	 41.15	 34.52	 53.05	 40.57	116.17	 52.48		Ctenosaura_bakeri 16
																	  0.00	187.74	216.95	 23.23	 35.77	 40.51	 34.85	 10.53	 45.65	 32.22	 31.46	 35.34	 55.45	 30.59	 26.24	 48.72	 57.45	 49.97	 48.65	 54.18	113.96	 18.06	 19.29	 52.60	 24.23	 31.62	 36.92	 79.75	 51.97	 51.55	 37.50	 21.42	 25.63	 25.50	 42.55	 39.25	 52.29	 50.12	 33.76	 35.57	 43.95	 33.96	122.34	 51.74		Cyclura_pinguis 17
																		  0.00	214.24	-nan	167.67	161.22	219.94	164.51	162.89	204.55	165.72	178.52	173.60	159.44	151.82	167.38	153.30	186.07	149.78	184.60	410.38	195.00	177.68	141.83	206.04	160.55	166.13	187.89	189.59	153.13	152.78	211.87	235.02	211.54	156.96	266.30	159.00	199.16	190.23	145.63	137.71	244.57	215.65	140.90		Daboia_siamensis 18
																			  0.00	173.80	178.42	272.99	223.75	140.03	250.58	188.79	190.54	182.05	205.24	203.89	249.68	242.53	163.64	221.01	211.81	nan	-nan	180.43	183.95	188.47	192.30	189.19	189.19	-nan	210.27	198.73	142.31	218.40	230.23	157.10	217.93	197.49	257.01	203.16	212.74	168.59	198.67	211.81	-nan	196.78		Diadophis_punctatus 19
																				  0.00	 36.24	 41.08	 26.02	 22.48	 58.28	 37.81	 38.78	 40.24	 57.85	 33.61	 25.68	 47.46	 62.42	 57.53	 55.29	 55.51	 77.71	 19.20	 19.24	 56.00	 23.21	 35.51	 37.29	 79.05	 53.53	 58.32	 34.90	 19.78	 22.47	 17.16	 36.07	 40.10	 56.57	 56.14	 33.99	 32.37	 50.51	 33.68	130.78	 57.65		Elgaria_multicarinata 20
																					  0.00	 41.64	 37.94	 33.04	 58.25	 37.53	 34.93	 36.30	 64.24	 42.00	 35.92	 53.88	 65.36	 62.35	 57.80	 51.33	 95.47	 34.58	 30.98	 62.30	 39.89	 38.38	 41.26	 87.08	 56.41	 56.16	 36.21	 29.16	 30.66	 34.03	 33.26	 45.29	 59.17	 58.63	 35.69	 37.42	 56.96	 35.48	135.86	 61.20		Eublepharis_macularius 21
																						  0.00	 43.04	 35.36	 58.97	 49.82	 52.11	 55.25	 66.55	 23.30	 34.45	 57.06	 61.89	 65.04	 59.75	 42.05	 83.16	 42.51	 38.67	 57.85	 35.30	 47.66	 47.66	 95.16	 64.23	 61.19	 53.12	 40.37	 37.03	 36.83	 36.06	 52.40	 55.87	 60.31	 39.41	 45.16	 51.38	 52.82	161.96	 58.06		Gekko_japonicus 22
																							  0.00	 26.71	 50.20	 37.76	 36.08	 38.32	 61.13	 34.62	 32.25	 47.59	 58.47	 57.32	 58.87	 57.76	 80.31	 26.03	 29.96	 57.51	 30.51	 36.18	 37.94	 78.79	 49.54	 54.64	 39.56	 29.83	 29.04	 30.54	 36.11	 44.68	 56.39	 56.77	 38.63	 36.07	 50.69	 37.81	133.74	 55.26		Hemicordylus_capensis 23
																								  0.00	 47.58	 29.03	 27.53	 29.45	 50.67	 33.84	 27.09	 48.75	 56.87	 49.65	 51.43	 55.03	104.44	 16.52	 17.13	 50.92	 21.34	 32.35	 36.75	 82.11	 48.30	 51.88	 33.12	 19.10	 20.46	 21.08	 36.06	 31.51	 52.36	 49.31	 33.69	 30.57	 44.41	 32.29	116.25	 50.12		Iguana_delicatissima 24
																									  0.00	 55.55	 53.35	 55.80	 19.24	 51.12	 49.68	 18.39	 17.93	 11.92	 13.82	 71.91	130.38	 55.25	 50.48	 12.77	 52.48	 52.75	 58.86	 92.18	 20.68	 13.36	 56.44	 48.30	 47.56	 54.44	 57.43	 58.30	 10.77	 16.36	 53.05	 48.97	 19.08	 56.86	146.22	 12.76		Imantodes_cenchoa 25
																										  0.00	  5.93	  8.98	 58.17	 43.98	 29.99	 49.41	 65.90	 55.66	 61.70	 55.50	 98.64	 32.90	 35.52	 62.98	 32.32	 12.97	 14.26	 81.67	 56.32	 65.53	 40.28	 29.90	 29.10	 33.62	 40.29	 46.70	 60.37	 63.21	 39.25	 38.03	 58.84	 16.23	128.11	 61.70		Lacerta_agilis 26
																											  0.00	  3.75	 58.03	 46.05	 30.90	 46.38	 58.98	 51.90	 60.18	 58.36	 94.76	 31.32	 33.03	 61.96	 35.02	 12.29	 16.21	 72.77	 54.10	 63.01	 38.51	 26.83	 28.38	 33.66	 43.14	 46.89	 59.36	 63.04	 39.39	 38.14	 56.53	 16.31	128.33	 58.04		Lacerta_bilineata 27
																												  0.00	 59.31	 51.05	 36.67	 49.21	 61.77	 54.25	 61.50	 65.16	 92.39	 34.24	 34.32	 64.80	 38.30	 15.72	 19.98	 72.73	 55.29	 65.89	 41.01	 29.53	 31.19	 35.80	 46.78	 45.41	 62.08	 65.51	 42.97	 40.56	 59.09	 20.12	125.39	 60.63		Lacerta_viridis 28
																													  0.00	 69.29	 60.90	 25.62	 23.61	 12.09	 13.26	 84.72	118.16	 53.43	 46.21	 18.48	 59.95	 48.79	 54.63	 96.23	 20.54	 17.82	 65.29	 49.11	 50.68	 57.93	 58.00	 67.15	 18.53	 15.88	 69.37	 56.28	 21.95	 63.30	159.80	 18.47		Laticauda_colubrina 29
																														  0.00	 34.50	 53.06	 57.31	 57.49	 57.25	 40.22	 85.92	 30.64	 36.55	 55.72	 30.60	 42.96	 45.87	 88.03	 55.19	 55.13	 42.86	 36.37	 38.41	 37.09	 32.39	 51.96	 55.53	 54.36	 33.61	 37.84	 49.81	 44.93	128.65	 57.19		Lepidodactylus_listeri 30
																															  0.00	 41.83	 62.95	 52.96	 53.15	 52.04	 90.12	 24.92	 26.39	 58.45	 14.04	 33.47	 35.26	 79.82	 56.03	 53.55	 43.35	 27.17	 27.17	 22.62	 33.59	 44.88	 58.18	 57.62	 33.73	 36.41	 51.93	 36.33	132.94	 54.95		Lerista_edwardsae 31
																																  0.00	 21.44	 23.31	 23.41	 59.61	 96.11	 50.24	 45.49	 21.24	 48.85	 48.53	 51.89	 89.99	 22.37	 23.59	 61.25	 39.81	 40.59	 52.22	 43.86	 55.56	 20.44	 24.43	 53.28	 48.46	 17.77	 51.36	142.79	 20.98		Morelia_viridis 32
																																	  0.00	 17.04	 17.80	 77.02	111.89	 58.71	 54.29	 13.15	 66.04	 61.24	 70.58	 89.55	 22.19	 15.84	 66.66	 48.67	 53.58	 65.17	 61.91	 70.30	 13.82	 17.73	 65.33	 58.34	 21.42	 66.78	199.34	 15.79		Myanophis_thanlyinensis 33
																																		  0.00	  7.73	 84.22	120.62	 56.91	 52.85	 15.15	 53.46	 54.30	 58.07	 91.48	 16.44	 14.43	 72.70	 46.68	 49.21	 54.86	 60.72	 62.58	 11.29	 12.58	 64.97	 56.32	 24.51	 59.04	204.19	 15.15		Naja_naja 34
																																			  0.00	 79.43	123.28	 56.61	 46.52	 11.30	 53.99	 53.92	 57.57	 92.42	 15.14	 12.60	 62.23	 47.96	 49.11	 51.50	 59.61	 63.33	 11.24	 12.64	 60.74	 51.54	 21.42	 63.64	165.55	 13.87		Ophiophagus_hannah 35
																																				  0.00	124.03	 58.38	 55.28	 76.64	 51.05	 52.87	 56.53	110.53	 74.96	 77.26	 62.91	 54.48	 49.41	 57.77	 41.31	 63.33	 74.33	 83.34	 49.03	 54.05	 72.58	 58.92	159.08	 80.23		Paroedura_picta 36
																																					  0.00	 99.47	 87.44	118.58	 88.68	 86.46	 82.64	 39.88	106.09	115.27	 94.20	 82.05	 89.25	 81.26	 95.59	100.60	126.76	119.44	 95.82	 99.44	108.22	 91.76	153.88	108.38		Phrynocephalus_versicolor 37
																																						  0.00	 10.54	 54.36	 23.55	 37.52	 37.52	 80.89	 50.06	 51.97	 34.24	 15.47	 18.65	 20.55	 36.31	 38.46	 59.53	 56.31	 34.88	 34.80	 50.78	 34.64	109.98	 52.16		Phrynosoma_blainvillii 38
																																							  0.00	 47.24	 23.48	 34.93	 35.81	 83.13	 52.33	 49.31	 34.37	 12.92	 18.02	 18.52	 35.51	 41.26	 51.26	 48.62	 36.39	 33.87	 47.00	 35.46	117.39	 48.83		Phrynosoma_platyrhinos 39
																																								  0.00	 58.87	 58.47	 62.38	 95.84	 19.16	  9.65	 59.88	 50.49	 50.96	 55.61	 56.79	 63.01	  8.89	 15.74	 61.46	 53.20	 19.88	 61.33	168.68	  4.37		Pituophis_catenifer 40
																																									  0.00	 36.61	 37.53	 95.31	 51.96	 55.81	 38.89	 26.38	 27.17	 21.90	 32.84	 39.71	 60.66	 57.62	 34.47	 36.25	 49.98	 32.91	141.78	 57.88		Plestiodon_gilberti 41
																																										  0.00	  3.71	 83.42	 55.01	 59.86	 34.17	 29.31	 32.31	 30.57	 43.86	 44.05	 56.39	 55.75	 35.52	 34.60	 50.64	 20.44	128.73	 57.41		Podarci_raffonei 42
																																											  0.00	 86.84	 56.20	 62.51	 36.88	 31.80	 34.89	 32.19	 45.78	 48.37	 60.24	 62.17	 38.22	 38.14	 56.56	 20.43	138.83	 61.16		Podarcis_muralis 43
																																												  0.00	 93.22	 94.81	 87.73	 78.86	 84.11	 69.72	100.52	 89.09	 89.25	108.89	112.37	 91.62	 90.13	 94.46	146.57	 88.95		Pogona_vitticeps 44
																																													  0.00	 17.09	 63.47	 44.96	 46.83	 59.10	 56.57	 55.57	 17.69	 17.83	 59.72	 48.63	 17.47	 58.48	155.00	 19.16		Protobothrops_mucrosquamatus 45
																																														  0.00	 59.24	 47.20	 51.89	 53.74	 56.18	 62.55	 13.92	 15.77	 59.84	 52.98	 21.43	 63.74	170.90	 10.28		Ptyas_mucosa 46
																																															  0.00	 35.90	 38.72	 32.60	 54.04	 40.46	 62.94	 66.93	 35.61	 35.72	 58.60	 39.22	121.07	 57.51		Salvator_merianae 47
																																																  0.00	  4.75	 17.18	 32.84	 37.62	 46.89	 45.92	 36.55	 35.58	 43.28	 30.63	119.58	 47.45		Sceloporus_occidentalis 48
																																																	  0.00	 19.14	 32.85	 36.95	 45.06	 47.03	 39.36	 38.31	 44.35	 33.00	124.16	 47.84		Sceloporus_tristichus 49
																																																		  0.00	 41.15	 38.35	 56.58	 57.50	 35.21	 34.21	 56.46	 33.67	126.85	 55.98		Shinisaurus_crocodilurus 50
																																																			  0.00	 56.71	 62.77	 59.01	 34.38	 36.99	 51.89	 44.87	149.28	 59.58		Sphaerodactylus_townsendi 51
																																																				  0.00	 59.50	 60.00	 47.18	 41.73	 55.15	 48.78	153.58	 63.33		Sphenodon_punctatus 52
																																																					  0.00	 15.03	 62.54	 52.13	 19.15	 60.48	155.37	 10.74		Thermophis_baileyi 53
																																																						  0.00	 62.66	 50.22	 16.39	 60.14	181.07	 18.29		Tropidonophis_doriae 54
																																																							  0.00	 14.92	 53.96	 34.07	127.78	 61.59		Varanus_komodoensis 55
																																																								  0.00	 50.99	 35.45	125.56	 52.23		Varanus_salvator 56
																																																									  0.00	 57.54	128.83	 19.87		Vipera_latastei 57
																																																										  0.00	124.29	 60.13		Zootaca_vivipara 58
																																																											  0.00	184.66		Thamnophis_elegans 59
																																																												  0.00		Pantherophis_guttatus 60
