Distance Matrix
---------------

Using the Tamura correction method
Using base positions 12 in the codon
Gap weighting is 0.000000

	    1	    2	    3	    4	    5	    6	    7	    8	    9	    10	    11	    12	    13	    14	    15	    16	    17	    18	    19	    20	    21	    22	    23	    24	    25	    26	    27	    28	    29	    30	    31	    32	    33	    34	    35	    36	    37	    38	    39	    40	    41	    42	    43	    44	    45	    46	    47	    48	    49	    50	    51	    52	    53	    54	    55	    56	    57	    58	    59
	  0.00	160.83	-nan	310.37	 21.19	132.09	136.71	 22.64	 24.60	 22.41	153.09	225.92	 15.85	 22.68	172.30	220.10	-nan	 22.77	 19.13	174.27	202.16	 58.90	186.79	261.88	 22.15	246.26	224.29	185.39	 22.71	 43.27	166.54	181.43	 18.47	 20.86	 25.28	186.87	174.12	233.64	218.60	 18.65	183.02	206.13	216.05	117.21	 19.80	 21.15	322.94	239.16	356.74	219.83	219.70	138.95	 19.31	 22.37	179.62	 56.63	166.19	 18.59	 18.79		Python_bivittatus 1
		  0.00	 35.43	 34.84	131.37	150.93	126.06	141.95	141.32	138.53	179.88	159.40	138.40	129.67	184.09	 30.52	 32.41	134.99	140.10	 38.38	 33.71	203.93	130.78	 29.17	135.87	 36.51	 36.42	 34.27	143.93	189.44	156.58	 39.05	148.52	140.09	137.88	 43.05	 50.34	 32.58	 34.91	140.85	 37.27	 32.87	 34.25	 65.00	130.60	135.75	-nan	 29.11	 32.60	 36.07	 39.68	216.02	137.54	133.16	 30.29	 67.81	 32.26	140.32	148.69		Anilios_bituberculatus 2
			  0.00	 18.41	184.67	191.54	138.17	207.28	171.62	190.15	215.61	178.90	178.81	165.90	911.69	 16.25	 17.22	185.52	239.47	 32.15	 31.71	239.60	164.30	 16.29	190.19	 26.56	 29.18	 27.21	179.46	224.61	143.42	 44.86	227.52	225.25	197.80	 29.53	 58.07	 19.52	 23.80	183.91	 25.20	 24.71	 26.62	 63.50	198.64	170.26	-nan	 18.29	 21.87	 25.52	 30.24	187.86	230.99	184.07	 26.87	 90.83	 27.13	201.73	211.06		Anolis_carolinensis 3
				  0.00	172.94	209.10	135.44	199.18	162.49	176.94	200.21	183.77	189.36	154.42	242.99	 17.81	 18.32	163.74	182.49	 30.55	 25.81	294.94	148.19	 17.75	159.80	 26.50	 29.78	 29.84	167.38	278.51	156.27	 42.78	193.64	173.47	152.57	 29.23	 58.18	 19.36	 21.93	192.18	 27.65	 26.49	 29.24	 64.46	183.72	174.93	-nan	 19.91	 23.03	 26.74	 34.68	199.73	172.13	149.58	 22.46	 90.83	 27.74	165.71	186.60		Anolis_sagrei 4
					  0.00	136.29	192.44	 22.75	 17.20	 25.76	172.94	-nan	 22.00	 25.43	138.95	161.82	172.05	 24.39	 12.66	146.06	155.07	 66.78	188.40	161.27	 14.18	159.19	151.92	141.27	 20.08	 38.70	233.65	181.58	 17.68	 22.03	 24.59	150.05	180.05	143.85	161.84	 11.22	140.79	157.78	160.39	125.56	 24.45	  9.00	-nan	146.91	169.77	166.42	150.82	180.86	 15.00	 17.64	148.51	 56.63	134.79	 18.32	 15.11		Arizona_elegans 5
						  0.00	149.97	150.68	139.18	119.46	 40.02	171.39	134.52	128.90	132.45	190.30	181.81	143.33	143.78	222.47	187.11	131.95	162.60	171.66	125.21	195.00	217.72	192.65	134.96	147.76	185.38	137.56	135.02	132.95	133.91	135.63	162.45	373.75	191.77	145.04	185.25	185.82	194.92	164.09	139.22	145.72	-nan	173.65	196.85	-nan	169.98	132.38	134.67	133.98	184.53	inf	198.70	135.92	141.67		Aspidocelis_tigris 6
							  0.00	141.03	172.40	163.60	161.80	156.30	139.84	147.22	166.17	143.20	136.43	137.01	160.27	121.44	156.37	102.80	 28.30	141.54	164.77	139.23	145.63	144.35	149.62	213.78	 27.32	118.77	154.58	160.50	159.26	130.81	 84.76	138.23	134.54	159.49	140.67	152.68	151.02	155.43	166.94	167.94	-nan	132.12	130.28	158.11	139.40	190.37	161.92	234.02	127.81	inf	139.37	155.29	157.47		Aspidoscelis_marmoratus 7
								  0.00	 18.70	 16.08	158.25	230.65	 20.87	 19.13	148.24	153.82	199.93	 14.33	 19.91	132.15	164.35	 59.95	188.09	170.19	 19.95	173.13	179.21	157.18	 25.93	 44.35	201.17	178.63	 18.00	 23.61	 22.22	178.35	158.61	170.82	147.58	 17.75	207.87	157.06	168.68	105.56	 14.27	 17.77	332.35	180.33	171.79	164.08	157.70	147.25	 18.28	 21.01	154.02	 31.23	142.12	 16.37	 18.99		Azemiops_feae 8
									  0.00	 25.32	194.75	200.87	 22.13	 25.63	149.48	156.85	180.84	 25.50	 21.82	158.06	157.47	 56.01	184.80	151.95	 16.93	177.53	173.45	161.83	 28.96	 38.86	209.29	151.78	 19.02	 20.54	 21.58	157.34	223.77	137.19	152.93	 15.28	163.72	159.79	166.77	112.82	 19.04	 14.72	-nan	149.44	166.92	175.02	163.79	151.07	 16.48	 18.94	180.25	 31.98	139.13	 13.07	 16.45		Boaedon_fuliginosus 9
										  0.00	142.95	198.84	 19.75	 15.89	154.70	152.65	186.29	 14.80	 24.28	169.17	150.05	 62.05	216.21	167.93	 18.00	150.26	149.88	137.03	 23.93	 41.36	-nan	202.44	 17.33	 21.03	 24.17	142.39	149.60	179.27	166.39	 21.19	166.42	138.12	158.69	100.93	 10.06	 18.72	-nan	174.20	166.30	150.62	142.33	131.70	 18.75	 21.00	152.82	 32.45	127.40	 16.86	 19.46		Bothrops_jararaca 10
											  0.00	160.08	170.24	160.37	138.36	187.81	234.53	153.87	183.07	190.33	229.87	151.61	162.44	270.74	164.96	169.50	175.98	180.99	171.66	178.95	172.65	157.45	157.50	164.80	207.93	240.11	203.55	-nan	194.64	212.23	242.62	186.90	194.38	199.54	149.38	191.37	-nan	-nan	235.88	176.64	214.12	146.13	158.73	184.56	187.76	 53.06	192.71	172.53	157.50		Bungarus_multicintus 11
												  0.00	198.54	235.66	187.67	174.04	162.87	215.50	236.27	149.33	194.93	268.11	128.81	183.29	295.36	-nan	-nan	219.79	230.92	-nan	138.37	203.27	237.44	-nan	243.25	227.69	139.75	188.07	152.87	233.85	249.19	175.22	172.98	162.66	194.93	296.62	-nan	191.88	196.89	182.93	187.26	106.11	200.25	-nan	231.95	 59.55	161.57	181.61	186.84		Calotes_versicolor 12
													  0.00	 20.81	166.17	169.32	185.36	 23.17	 22.24	140.75	152.16	 65.54	160.59	167.42	 21.40	164.69	159.36	149.23	 22.84	 46.04	193.06	171.38	 19.06	 18.53	 24.10	156.01	167.79	145.00	153.56	 20.64	151.28	140.14	136.50	100.61	 18.58	 20.52	-nan	158.14	182.67	143.12	147.23	121.51	 22.97	 19.72	146.44	 54.49	120.76	 16.75	 21.30		Charina_bottae 13
														  0.00	175.28	148.55	183.34	 16.71	 25.36	146.11	152.16	 56.89	166.08	158.47	 21.38	162.54	173.49	153.14	 27.04	 39.35	207.27	168.28	 21.38	 20.68	 23.18	157.86	156.37	180.03	157.23	 19.74	159.36	141.40	168.73	102.43	 14.69	 25.40	278.21	175.05	185.07	153.39	147.01	146.01	 22.16	 25.18	139.94	 32.08	144.14	 22.04	 22.25		Crotalus_tigris 14
															  0.00	176.70	200.83	145.30	135.82	245.62	209.63	146.58	213.78	162.72	138.95	175.68	197.17	201.22	138.19	133.43	-nan	-nan	137.39	158.88	147.79	199.60	164.14	209.63	174.70	130.68	209.94	211.51	208.33	188.12	162.31	141.72	-nan	163.33	151.57	175.79	198.94	209.63	154.97	138.19	222.71	inf	216.29	142.04	138.60		Cryptoblepharus_egeriae 15
																  0.00	  6.89	140.06	162.73	 32.53	 27.05	201.38	158.25	  6.96	163.94	 22.29	 20.44	 18.72	156.16	186.80	175.84	 42.62	183.25	171.04	151.47	 34.52	 53.06	 12.34	 11.87	163.53	 23.94	 20.47	 19.91	 56.13	150.21	153.13	-nan	 10.76	 12.87	 19.85	 31.32	170.33	167.41	146.65	 23.48	 13.93	 22.83	156.89	174.28		Ctenosaura_bakeri 16
																	  0.00	166.28	186.63	 33.12	 27.06	-nan	146.25	  7.85	183.55	 24.08	 22.18	 20.42	173.22	202.66	144.10	 41.02	243.58	207.75	176.43	 33.06	 54.89	 12.27	 15.00	188.49	 25.14	 23.45	 22.87	 62.19	192.41	161.38	-nan	 12.78	 16.04	 23.34	 29.90	166.68	212.10	157.80	 25.30	 14.00	 22.77	164.96	209.32		Cyclura_pinguis 17
																		  0.00	 21.03	137.23	148.19	 58.93	172.11	148.86	 19.33	150.43	157.95	146.13	 25.12	 38.48	191.10	208.55	 20.14	 19.08	 21.89	183.07	159.38	165.67	147.58	 18.10	168.79	140.60	161.64	104.25	 14.66	 19.47	-nan	164.20	177.70	144.71	159.54	140.57	 20.62	 20.38	143.31	 31.23	127.50	 17.45	 23.17		Daboia_siamensis 18
																			  0.00	141.58	165.13	 60.84	231.12	170.23	 15.85	172.91	164.18	146.46	 22.89	 40.07	201.32	200.71	 17.99	 18.68	 19.96	174.39	157.56	173.04	175.78	 11.64	151.73	160.97	173.13	114.51	 20.34	 12.10	-nan	163.75	193.51	161.18	150.16	163.15	 13.93	 18.29	157.52	 32.45	147.28	 14.74	 14.33		Diadophis_punctatus 19
																				  0.00	 35.01	284.21	141.61	 33.92	165.43	 39.19	 36.70	 35.26	188.99	-nan	131.56	 52.79	190.97	165.18	140.33	 34.08	 67.97	 29.35	 30.62	158.43	 32.39	 32.46	 33.27	 69.85	165.08	151.75	296.09	 30.53	 30.61	 27.79	 31.69	201.90	167.14	150.87	 29.71	 89.53	 31.75	156.88	163.85		Elgaria_multicarinata 20
																					  0.00	260.58	144.11	 25.73	131.99	 22.89	 25.91	 24.67	156.74	186.72	163.95	 44.16	170.77	153.16	147.33	 26.59	 55.14	 27.65	 27.05	173.31	 24.81	 25.17	 25.21	 66.37	154.80	150.43	229.89	 26.34	 28.33	 28.35	 32.70	155.72	157.32	126.46	 22.92	-nan	 18.69	148.97	179.57		Eublepharis_macularius 21
																						  0.00	110.64	206.42	 63.99	187.27	-nan	219.74	 53.28	 40.11	121.71	161.16	 50.65	 57.99	 58.97	218.51	115.64	200.09	205.60	 54.14	201.30	293.12	268.43	229.57	 56.09	 59.92	244.10	195.65	180.54	-nan	232.13	131.83	 60.91	 65.38	185.48	nan	197.55	 60.91	 56.95		Gekko_japonicus 22
																							  0.00	160.32	214.22	190.15	148.01	161.96	-nan	284.54	 25.51	115.36	160.52	254.52	240.73	152.27	 92.89	157.22	173.34	241.44	122.49	164.45	143.16	179.39	193.20	201.59	-nan	151.54	160.87	160.05	145.12	166.00	198.61	430.41	132.84	103.97	145.16	201.39	208.98		Hemicordylus_capensis 23
																								  0.00	155.51	 20.44	 22.20	 21.62	146.33	174.22	171.44	 40.20	180.80	179.61	155.00	 32.39	 53.87	 15.02	 16.83	162.74	 22.10	 20.43	 22.28	 58.09	171.16	155.66	358.46	 12.29	 15.58	 21.66	 28.46	212.85	175.43	143.01	 22.20	 31.98	 21.57	155.60	171.97		Iguana_delicatissima 24
																									  0.00	161.44	168.47	150.13	 22.79	 39.29	261.29	175.51	 17.86	 17.90	 20.34	138.10	167.59	152.61	162.48	 12.03	152.52	155.90	162.72	120.22	 19.14	 12.04	-nan	160.30	181.99	174.36	175.51	168.37	 14.28	 14.69	153.62	 56.63	133.47	 11.40	 13.69		Imantodes_cenchoa 25
																										  0.00	 10.49	 10.01	135.66	176.69	169.95	 45.83	180.86	163.71	190.18	 34.60	 54.63	 22.95	 22.98	175.27	 20.73	 14.08	 15.73	 61.44	177.71	152.85	241.25	 20.41	 20.40	 21.60	 27.37	193.94	183.42	139.36	 25.61	 56.63	 12.98	144.50	182.05		Lacerta_agilis 26
																											  0.00	  3.13	155.02	217.46	170.49	 46.53	183.04	161.60	161.98	 35.26	 52.63	 23.00	 23.66	184.63	 18.79	 15.72	 14.08	 63.47	185.72	159.07	-nan	 24.01	 23.44	 20.98	 26.09	170.33	178.49	144.36	 30.19	 54.49	 14.03	150.34	192.39		Lacerta_bilineata 27
																												  0.00	140.34	192.84	160.53	 44.04	156.66	148.97	156.60	 35.35	 49.80	 21.18	 23.08	154.87	 20.01	 14.07	 15.26	 61.40	155.02	138.62	253.48	 21.59	 21.03	 20.41	 25.37	158.14	155.17	132.37	 28.16	 56.63	 12.43	134.25	157.40		Lacerta_viridis 28
																													  0.00	 37.16	270.19	238.52	 20.27	 21.11	 23.77	165.64	177.04	155.40	148.63	 18.06	149.23	144.71	156.08	111.64	 23.34	 21.02	-nan	147.72	152.01	168.39	147.37	171.76	 21.55	 20.96	147.49	-nan	131.50	 18.59	 20.52		Laticauda_colubrina 29
																														  0.00	312.46	186.72	 37.08	 34.91	 36.35	203.30	-nan	201.25	215.13	 34.79	173.87	160.60	184.01	106.43	 35.96	 35.55	236.55	186.90	201.91	252.26	174.44	177.52	 34.10	 37.97	190.61	-nan	160.93	 38.74	 41.39		Lepidodactylus_listeri 30
																															  0.00	133.18	180.10	-nan	302.66	160.71	102.66	159.96	187.21	256.53	133.59	175.67	162.14	194.29	234.22	210.95	-nan	167.26	165.01	187.59	142.66	-nan	224.39	-nan	144.23	inf	140.01	303.21	235.94		Lerista_edwardsae 31
																																  0.00	170.77	178.92	169.89	 45.13	 58.78	 41.43	 43.93	170.91	 41.47	 42.40	 43.33	 63.08	191.17	171.55	231.00	 42.13	 46.82	 52.38	 45.17	173.32	178.04	198.92	 39.39	inf	 39.38	157.20	171.93		Morelia_viridis 32
																																	  0.00	 19.80	 20.46	167.00	170.62	180.29	196.80	 16.44	182.23	160.20	182.55	116.14	 15.65	 14.09	-nan	174.94	206.38	188.57	184.76	145.43	 18.65	 20.91	156.41	 62.34	152.64	 18.46	 15.20		Myanophis_thanlyinensis 33
																																		  0.00	 14.16	159.52	147.73	169.95	172.51	 14.14	173.98	163.10	162.35	110.73	 17.35	 18.83	218.37	170.86	170.63	166.94	168.45	141.37	 13.00	 19.38	160.12	 89.53	144.74	 14.09	 17.61		Naja_naja 34
																																			  0.00	140.17	176.97	152.42	153.51	 19.35	150.34	148.06	155.56	102.31	 18.07	 22.38	-nan	156.98	177.01	166.51	150.86	133.29	 17.48	 18.08	162.11	 59.55	144.71	 18.67	 19.97		Ophiophagus_hannah 35
																																				  0.00	 51.65	 28.46	 34.03	153.20	 27.74	 36.89	 38.03	 53.39	167.86	143.69	-nan	 30.46	 33.27	 41.68	 25.91	188.48	162.76	139.35	 31.51	 56.63	 32.29	152.31	147.16		Paroedura_picta 36
																																					  0.00	 58.08	 58.34	178.64	 53.24	 54.25	 48.78	 55.01	181.77	195.84	-nan	 54.28	 57.80	 53.59	 51.07	138.15	161.66	159.57	 51.94	 56.63	 51.58	177.99	165.18		Phrynocephalus_versicolor 37
																																						  0.00	 10.54	153.04	 24.53	 24.02	 24.06	 62.07	184.57	140.18	301.98	  7.32	 11.43	 20.46	 30.53	170.53	177.74	134.85	 24.28	 31.98	 19.39	142.42	184.32		Phrynosoma_blainvillii 38
																																							  0.00	162.67	 27.68	 23.42	 23.47	 64.15	169.16	164.10	-nan	 13.01	 12.52	 21.67	 37.33	163.81	187.83	145.48	 26.30	 13.93	 21.13	146.95	203.80		Phrynosoma_platyrhinos 39
																																								  0.00	152.26	167.76	181.73	111.01	 17.55	  9.06	234.39	149.44	162.10	203.24	161.63	155.86	 11.14	 18.80	158.53	 54.49	149.88	 12.60	  9.06		Pituophis_catenifer 40
																																									  0.00	 21.85	 21.29	 59.16	210.55	162.06	226.48	 22.69	 25.74	 19.90	 22.88	205.30	170.25	138.68	 24.74	 94.27	 20.62	168.10	171.26		Plestiodon_gilberti 41
																																										  0.00	  7.36	 52.73	133.19	147.64	194.43	 22.11	 24.58	 21.60	 25.50	169.93	149.19	127.64	 24.94	 32.08	 12.37	147.60	160.95		Podarci_raffonei 42
																																											  0.00	 53.61	161.68	158.01	248.78	 22.13	 25.26	 19.82	 27.60	142.86	169.61	133.06	 27.41	 94.27	 15.07	157.67	180.60		Podarcis_muralis 43
																																												  0.00	101.28	117.80	222.78	 61.26	 63.36	 62.14	 49.85	164.69	120.61	102.09	 59.20	 81.48	 56.46	105.88	112.36		Pogona_vitticeps 44
																																													  0.00	 18.77	241.73	179.05	213.92	182.25	159.30	135.75	 14.62	 22.20	163.30	 32.08	127.91	 15.75	 15.90		Protobothrops_mucrosquamatus 45
																																														  0.00	-nan	146.32	163.03	162.60	152.48	146.12	  9.54	 17.60	151.14	 56.63	126.09	 11.52	 10.67		Ptyas_mucosa 46
																																															  0.00	-nan	-nan	-nan	350.75	-nan	279.41	-nan	213.70	inf	319.38	-nan	334.33		Salvator_merianae 47
																																																  0.00	  4.97	 22.17	 30.46	164.95	178.44	137.06	 22.23	-nan	 21.60	156.14	185.48		Sceloporus_occidentalis 48
																																																	  0.00	 21.66	 31.24	171.25	200.16	150.37	 24.81	-nan	 24.13	165.10	204.16		Sceloporus_tristichus 49
																																																		  0.00	 27.43	160.81	175.84	150.80	 24.86	 54.49	 21.67	153.71	214.64		Shinisaurus_crocodilurus 50
																																																			  0.00	226.92	170.81	149.80	 24.14	 32.08	 25.38	167.38	159.80		Sphaerodactylus_townsendi 51
																																																				  0.00	144.76	136.65	261.40	 60.65	176.03	129.38	155.06		Sphenodon_punctatus 52
																																																					  0.00	 16.56	180.04	 54.49	141.28	 12.64	 10.61		Thermophis_baileyi 53
																																																						  0.00	161.61	 56.63	110.87	 13.04	 22.65		Tropidonophis_doriae 54
																																																							  0.00	-nan	 22.91	180.04	163.72		Varanus_salvator 55
																																																								  0.00	 56.63	 56.63	 94.87		Vipera_latastei 56
																																																									  0.00	129.73	152.70		Zootaca_vivipara 57
																																																										  0.00	 13.82		Thamnophis_elegans 58
																																																											  0.00		Pantherophis_guttatus 59
