Distance Matrix
---------------

Using the Tamura correction method
Using base positions 12 in the codon
Gap weighting is 0.000000

	    1	    2	    3	    4	    5	    6	    7	    8	    9	    10	    11	    12	    13	    14	    15	    16	    17	    18	    19	    20	    21	    22	    23	    24	    25	    26	    27	    28	    29	    30	    31	    32	    33	    34	    35	    36	    37	    38	    39	    40	    41	    42	    43	    44	    45	    46	    47	    48	    49	    50	    51	    52	    53	    54	    55	    56	    57	    58	    59	    60
	  0.00	 44.06	 46.32	 50.70	207.12	 45.33	 49.10	 24.42	205.82	 21.94	272.85	174.95	 15.44	 22.52	 46.46	 79.95	 45.16	 24.09	 20.69	 46.42	 46.22	114.48	 63.55	 42.13	 21.76	 48.92	 44.56	 44.82	 23.04	119.54	 42.00	  8.04	 26.57	 22.74	 22.23	 53.99	 44.88	 44.24	 41.80	 23.52	 43.30	 48.47	 48.20	170.18	 22.73	 21.70	 49.37	 42.55	 43.34	 42.71	 49.60	 53.95	 22.95	 22.07	 45.64	 44.45	 23.15	 50.30	187.00	 24.69		Python_bivittatus 1
		  0.00	 45.55	 43.95	219.43	 41.56	 43.83	 45.08	229.86	 43.95	-nan	202.09	 41.14	 43.22	 45.23	 74.88	 40.39	 43.94	 42.05	 46.15	 47.38	111.95	 64.61	 41.49	 43.24	 45.73	 44.77	 44.52	 46.99	107.47	 42.91	 44.01	 46.55	 42.68	 44.40	 48.52	 47.37	 42.58	 41.80	 45.67	 37.69	 43.80	 43.86	230.45	 43.41	 42.13	 46.40	 42.70	 42.15	 50.09	 46.78	 52.89	 48.85	 46.52	 48.95	 46.77	 46.39	 49.83	200.29	 46.02		Anilios_bituberculatus 2
			  0.00	 21.41	171.21	 35.51	 36.07	 46.42	209.20	 47.89	329.81	182.34	 45.36	 43.80	 31.58	 58.31	 24.58	 47.48	 47.16	 32.90	 36.96	109.01	 54.12	 22.53	 45.59	 36.38	 33.80	 35.75	 47.87	108.76	 30.25	 49.07	 51.78	 46.44	 46.62	 45.85	 46.86	 25.66	 25.83	 48.46	 27.99	 37.21	 36.58	215.39	 43.48	 45.53	 40.29	 26.66	 25.73	 34.77	 38.32	 48.94	 48.62	 48.86	 36.69	 38.97	 43.19	 38.91	206.76	 49.15		Anolis_carolinensis 3
				  0.00	188.99	 36.91	 38.95	 49.33	205.83	 49.63	-nan	195.40	 45.32	 48.60	 28.79	 56.88	 24.79	 48.62	 47.69	 32.55	 37.60	101.69	 51.13	 24.37	 48.52	 35.56	 34.26	 35.97	 52.35	103.75	 26.08	 50.39	 51.51	 48.99	 50.67	 43.38	 46.40	 25.13	 24.68	 49.81	 25.55	 34.65	 36.07	206.73	 46.56	 47.27	 35.99	 24.70	 23.35	 32.12	 37.09	 48.06	 51.33	 51.03	 35.25	 37.03	 47.67	 38.25	217.06	 51.73		Anolis_sagrei 4
					  0.00	176.98	165.55	196.24	 88.10	183.04	164.33	214.61	208.16	196.08	174.81	168.26	185.70	197.57	191.87	225.41	174.04	216.25	168.46	175.83	185.42	206.44	193.78	193.29	181.68	177.82	200.42	274.94	180.61	178.57	182.78	195.23	184.26	167.21	171.17	183.21	200.88	212.39	236.03	-nan	176.39	171.43	183.00	187.56	184.03	206.13	174.15	199.16	185.62	199.39	208.03	219.33	184.79	267.17	 83.80	173.26		Arizona_elegans 5
						  0.00	  7.02	 44.69	194.26	 46.29	350.15	149.50	 46.38	 49.75	 36.75	 62.64	 35.65	 45.80	 47.71	 37.71	 38.80	102.28	 54.85	 33.57	 46.64	 39.73	 38.58	 38.57	 50.13	106.97	 38.07	 46.64	 51.04	 50.37	 52.90	 47.14	 40.01	 36.23	 34.98	 50.67	 33.15	 40.12	 39.12	176.02	 42.51	 46.68	 15.54	 36.63	 38.23	 40.16	 43.28	 45.27	 50.75	 49.88	 45.14	 46.54	 46.18	 41.83	212.03	 50.04		Aspidocelis_tigris 6
							  0.00	 49.85	192.01	 48.58	-nan	158.36	 49.84	 51.29	 37.62	 65.83	 36.29	 50.77	 48.32	 37.36	 42.15	107.82	 55.83	 34.92	 49.76	 42.47	 40.27	 41.86	 50.86	109.66	 41.37	 48.87	 51.53	 50.79	 52.63	 50.29	 43.60	 36.18	 35.18	 51.41	 34.80	 41.18	 40.61	171.16	 45.52	 47.46	 16.68	 38.85	 38.04	 42.12	 48.26	 47.16	 52.41	 49.95	 47.36	 49.74	 48.17	 44.91	224.03	 52.11		Aspidoscelis_marmoratus 7
								  0.00	203.18	 15.12	235.58	165.08	 25.60	 14.80	 45.56	 80.66	 43.67	 16.94	 22.73	 46.44	 48.86	123.37	 65.78	 40.03	 23.35	 49.87	 47.21	 46.59	 22.52	119.51	 45.14	 25.03	 27.27	 21.77	 22.18	 53.16	 43.29	 45.22	 43.29	 24.11	 42.30	 47.22	 47.62	192.02	 12.69	 21.73	 48.45	 44.01	 44.02	 45.19	 50.87	 52.44	 24.48	 24.38	 49.49	 49.14	 15.85	 49.98	196.47	 25.39		Azemiops_feae 8
									  0.00	194.60	 42.22	-nan	194.96	206.36	216.37	212.26	225.56	200.74	192.18	195.61	224.22	203.62	197.91	193.90	204.76	203.43	216.77	219.78	198.14	198.24	233.35	207.45	184.46	209.93	201.52	187.79	252.49	225.49	222.10	199.64	254.39	211.44	208.89	207.27	189.48	199.57	194.08	193.77	204.35	238.76	181.72	219.82	204.43	185.30	203.70	210.31	194.49	222.56	 16.34	199.64		Boaedon_fuliginosus 9
										  0.00	274.39	159.45	 24.00	 12.83	 46.05	 80.02	 44.44	 16.33	 20.70	 50.23	 52.13	114.14	 67.64	 41.23	 21.99	 51.98	 50.12	 50.71	 23.00	112.39	 47.03	 22.11	 26.91	 21.50	 21.52	 55.28	 43.04	 45.68	 46.03	 22.09	 44.90	 47.10	 47.71	190.02	 11.74	 21.42	 47.57	 46.83	 46.55	 49.78	 50.58	 54.57	 21.90	 24.22	 48.50	 50.42	 16.21	 49.64	192.81	 23.74		Bothrops_jararaca 10
											  0.00	211.66	207.97	284.33	-nan	242.76	-nan	332.90	246.02	-nan	228.58	217.20	236.39	340.33	243.08	-nan	-nan	-nan	219.90	228.27	-nan	260.52	246.67	232.63	207.07	215.99	-nan	-nan	-nan	218.18	-nan	-nan	-nan	207.27	285.92	249.49	-nan	351.43	-nan	-nan	239.83	-nan	-nan	234.07	284.38	234.45	251.62	-nan	 39.85	225.83		Bungarus_multicintus 11
												  0.00	180.15	155.86	211.67	197.75	190.76	154.20	178.04	197.44	159.92	194.34	198.39	192.64	195.61	178.16	177.94	192.92	186.33	187.12	216.66	187.14	182.33	177.53	185.13	174.88	164.78	197.01	195.31	190.15	194.18	191.49	179.45	 38.35	155.35	179.45	159.27	183.24	191.72	189.70	228.16	164.52	183.39	192.00	192.39	198.92	161.14	176.30	224.22	184.29		Calotes_versicolor 12
													  0.00	 23.37	 44.06	 80.42	 42.39	 25.49	 23.63	 47.95	 47.90	121.44	 63.88	 38.78	 22.81	 49.21	 46.74	 46.14	 24.39	119.07	 43.05	 14.90	 26.47	 23.32	 22.89	 50.64	 47.08	 43.25	 40.32	 25.47	 41.30	 46.14	 46.49	186.08	 25.28	 23.38	 51.14	 41.06	 41.11	 44.26	 50.03	 53.22	 26.22	 23.31	 48.35	 44.66	 24.87	 48.93	178.70	 26.13		Charina_bottae 13
														  0.00	 44.72	 74.38	 43.43	 16.75	 20.23	 48.62	 48.86	119.53	 69.47	 41.05	 20.26	 48.84	 47.31	 47.28	 21.50	113.10	 46.77	 25.00	 23.82	 21.01	 18.67	 52.16	 47.22	 45.53	 44.49	 21.26	 44.04	 44.67	 46.42	178.51	 10.22	 20.19	 49.88	 45.80	 44.68	 46.20	 51.08	 51.64	 21.81	 21.11	 48.20	 48.97	 15.30	 48.91	200.38	 22.47		Crotalus_tigris 14
															  0.00	 61.94	 27.32	 47.67	 48.70	 31.88	 38.11	105.73	 46.49	 26.62	 49.93	 36.46	 36.12	 35.60	 49.92	104.33	 20.67	 48.63	 51.17	 46.78	 46.57	 41.41	 44.71	 27.92	 27.48	 50.38	 18.42	 36.22	 36.15	344.79	 43.51	 47.64	 39.00	 27.52	 25.27	 36.69	 36.41	 42.91	 50.02	 49.70	 40.58	 38.70	 46.39	 39.02	195.05	 51.63		Cryptoblepharus_egeriae 15
																  0.00	 45.36	 84.57	 82.20	 68.28	 60.09	 72.72	 61.68	 43.19	 79.53	 65.43	 58.20	 59.18	 83.96	 74.34	 59.66	 81.70	 85.88	 83.56	 75.57	 78.80	 65.68	 50.40	 49.17	 80.53	 39.11	 59.83	 61.17	280.76	 75.55	 77.76	 63.44	 52.00	 50.86	 66.73	 61.93	 75.44	 82.57	 80.25	 71.08	 70.58	 79.43	 61.35	210.78	 83.25		Ctenosaura_bakeri 16
																	  0.00	 45.07	 49.83	 30.42	 35.51	 99.50	 51.47	 10.10	 46.78	 33.74	 28.62	 29.50	 50.10	101.82	 24.75	 45.59	 51.26	 45.66	 46.41	 44.20	 42.80	 17.56	 17.73	 46.77	 23.25	 30.54	 31.38	220.61	 43.12	 44.76	 35.54	 19.35	 18.30	 29.12	 36.11	 49.48	 48.29	 48.85	 37.10	 37.71	 44.68	 31.14	219.53	 49.48		Cyclura_pinguis 17
																		  0.00	 20.90	 47.47	 48.35	131.99	 68.39	 43.11	 23.47	 53.20	 48.82	 48.19	 23.38	117.01	 47.08	 25.55	 25.94	 21.49	 22.35	 50.82	 44.21	 45.34	 44.82	 23.85	 45.48	 50.35	 49.86	165.03	 16.78	 21.64	 48.50	 45.37	 44.25	 45.19	 51.59	 53.12	 22.69	 24.22	 49.09	 50.20	 10.75	 51.66	212.10	 24.90		Daboia_siamensis 18
																			  0.00	 44.86	 50.13	115.22	 64.55	 43.72	 13.43	 50.05	 50.01	 50.29	 20.51	108.02	 46.74	 22.15	 19.26	 16.62	 17.93	 54.29	 49.29	 46.75	 45.57	 14.14	 45.19	 49.16	 50.56	169.46	 20.48	 13.77	 47.79	 44.77	 43.08	 45.67	 52.11	 55.74	 10.85	 16.80	 49.46	 50.82	 22.15	 51.11	193.68	 13.95		Diadophis_punctatus 19
																				  0.00	 39.14	108.61	 54.66	 29.40	 47.94	 39.25	 34.93	 34.91	 49.18	103.76	 32.50	 49.22	 49.81	 49.56	 49.54	 46.77	 44.48	 32.15	 28.96	 49.76	 26.43	 35.80	 37.07	203.52	 46.35	 47.09	 37.92	 29.88	 29.93	 29.19	 38.78	 46.53	 49.74	 49.27	 38.90	 39.98	 49.60	 41.49	252.28	 51.01		Elgaria_multicarinata 20
																					  0.00	 99.43	 54.15	 31.71	 48.01	 38.42	 36.95	 37.19	 53.85	102.50	 36.61	 47.54	 52.28	 49.68	 47.53	 38.69	 43.50	 35.69	 36.19	 49.31	 30.11	 38.70	 37.16	183.50	 46.02	 46.29	 41.92	 36.02	 35.23	 38.11	 38.14	 48.59	 52.10	 49.67	 41.18	 39.53	 47.93	 40.89	187.85	 51.48		Eublepharis_macularius 21
																						  0.00	 89.59	 96.44	120.00	108.27	106.15	111.27	125.61	 20.07	104.48	120.13	120.28	117.64	122.24	101.29	103.01	 98.25	103.80	111.59	 90.02	105.81	102.07	186.98	114.31	116.86	104.61	107.37	101.87	112.88	103.31	103.81	115.06	117.09	109.97	105.47	124.75	105.00	206.66	116.48		Gekko_japonicus 22
																							  0.00	 46.74	 64.56	 58.46	 55.62	 54.60	 68.44	 92.61	 48.75	 65.75	 70.65	 65.19	 65.63	 66.13	 61.41	 50.16	 48.11	 67.85	 24.96	 58.23	 60.85	243.63	 65.86	 66.67	 54.78	 51.61	 50.73	 54.89	 58.39	 67.22	 69.69	 66.04	 56.14	 56.82	 63.00	 56.91	204.98	 69.93		Hemicordylus_capensis 23
																								  0.00	 42.52	 32.37	 27.56	 29.11	 44.83	 95.27	 24.96	 41.82	 45.27	 42.46	 41.09	 40.19	 41.28	 15.73	 16.08	 44.59	 20.76	 29.43	 30.01	204.14	 37.74	 40.55	 32.76	 16.01	 15.92	 27.93	 33.68	 45.75	 45.19	 42.95	 33.22	 32.61	 42.17	 31.91	189.67	 45.73		Iguana_delicatissima 24
																									  0.00	 49.61	 48.87	 49.14	 20.95	121.20	 45.70	 23.43	 22.05	 17.52	 18.53	 53.83	 47.20	 44.30	 45.43	 14.85	 43.50	 50.14	 51.53	180.64	 19.89	 14.56	 51.07	 44.37	 44.39	 45.78	 51.93	 55.08	 16.63	 16.78	 48.19	 48.53	 21.78	 53.81	200.05	 14.82		Imantodes_cenchoa 25
																										  0.00	 17.46	 17.67	 56.85	105.09	 34.11	 49.15	 55.56	 52.92	 52.41	 43.66	 50.29	 34.70	 34.98	 49.26	 30.76	 21.80	 21.26	234.77	 49.05	 51.48	 41.94	 33.28	 33.95	 41.88	 38.69	 52.33	 52.38	 51.02	 45.60	 42.75	 53.03	 23.63	191.84	 50.85		Lacerta_agilis 26
																											  0.00	  2.68	 51.43	100.87	 33.70	 44.45	 50.68	 47.82	 49.42	 42.35	 47.32	 31.32	 31.51	 47.66	 29.93	 17.69	 17.14	182.93	 46.63	 50.39	 38.26	 30.91	 30.88	 34.71	 36.71	 50.50	 49.02	 47.68	 39.68	 38.12	 49.08	 19.59	190.50	 48.37		Lacerta_bilineata 27
																												  0.00	 52.37	103.36	 32.95	 45.56	 51.58	 47.22	 48.78	 42.93	 48.18	 32.24	 31.04	 48.23	 29.58	 18.49	 17.93	193.74	 47.19	 51.61	 39.83	 31.36	 31.33	 35.43	 37.98	 50.79	 49.91	 48.86	 41.25	 38.87	 49.35	 20.44	199.80	 48.95		Lacerta_viridis 28
																													  0.00	125.83	 48.64	 24.92	 22.67	 15.52	 14.78	 54.08	 50.39	 48.84	 48.61	 23.51	 47.55	 52.37	 52.54	170.22	 21.50	 21.65	 53.00	 47.28	 46.70	 50.87	 53.84	 55.03	 19.64	 20.06	 50.01	 51.24	 22.55	 54.87	193.62	 21.99		Laticauda_colubrina 29
																														  0.00	107.55	130.86	114.86	110.66	111.25	 99.57	102.29	 96.58	 98.79	108.21	 90.13	101.36	101.41	181.52	110.73	106.92	108.37	103.56	 96.16	108.94	103.84	106.11	112.64	120.23	110.86	110.88	115.94	108.84	188.67	107.77		Lepidodactylus_listeri 30
																															  0.00	 44.48	 50.05	 48.19	 47.08	 43.83	 44.81	 26.07	 26.05	 48.07	 13.57	 33.43	 33.97	290.62	 44.24	 46.01	 41.02	 26.57	 25.27	 32.63	 38.90	 46.45	 47.94	 46.64	 36.12	 35.67	 46.36	 34.71	246.52	 47.23		Lerista_edwardsae 31
																																  0.00	 27.39	 22.98	 24.27	 54.59	 47.22	 45.74	 43.51	 24.15	 45.18	 46.42	 45.29	187.18	 24.34	 23.52	 50.69	 44.11	 44.47	 44.07	 53.50	 54.38	 24.26	 22.29	 44.97	 45.46	 25.39	 49.64	182.99	 24.78		Morelia_viridis 32
																																	  0.00	 18.71	 20.89	 53.90	 51.29	 50.01	 50.93	 20.67	 47.46	 51.47	 53.51	171.13	 23.80	 20.22	 53.23	 49.49	 50.06	 47.61	 58.41	 57.40	 20.54	 22.52	 51.30	 53.79	 26.55	 54.42	184.54	 21.63		Myanophis_thanlyinensis 33
																																		  0.00	  9.60	 51.93	 48.43	 45.70	 44.61	 17.93	 46.46	 49.50	 49.63	171.78	 20.11	 16.79	 52.21	 44.93	 44.94	 47.98	 52.60	 56.54	 19.12	 17.64	 48.56	 48.19	 22.38	 51.99	191.41	 19.37		Naja_naja 34
																																			  0.00	 52.00	 47.54	 48.28	 45.68	 18.15	 44.21	 48.02	 49.03	172.69	 18.72	 17.70	 54.69	 44.62	 43.79	 48.58	 51.14	 53.98	 20.25	 17.64	 50.34	 49.30	 21.57	 51.12	182.68	 20.18		Ophiophagus_hannah 35
																																				  0.00	 52.74	 45.52	 44.94	 50.91	 40.29	 40.34	 40.02	177.78	 49.22	 51.33	 48.88	 43.58	 43.51	 48.17	 34.86	 50.73	 57.58	 51.43	 50.30	 46.93	 52.08	 46.21	178.10	 53.37		Paroedura_picta 36
																																					  0.00	 46.82	 46.89	 45.34	 37.23	 47.07	 47.62	227.71	 42.17	 42.82	 46.63	 43.85	 45.21	 47.76	 51.32	 49.18	 51.15	 47.26	 47.46	 49.04	 43.85	 47.84	211.29	 45.51		Phrynocephalus_versicolor 37
																																						  0.00	  7.27	 46.89	 25.68	 32.10	 32.75	218.40	 43.42	 41.94	 36.31	 13.62	 13.30	 31.82	 36.45	 46.24	 48.13	 46.29	 38.13	 38.19	 44.68	 34.79	208.77	 48.19		Phrynosoma_blainvillii 38
																																							  0.00	 46.59	 21.87	 32.77	 32.95	204.93	 43.46	 41.39	 35.27	 14.13	 13.45	 31.62	 34.99	 46.63	 48.43	 46.06	 39.71	 37.16	 45.80	 35.99	216.74	 47.58		Phrynosoma_platyrhinos 39
																																								  0.00	 44.10	 46.59	 47.25	190.95	 21.67	 11.79	 50.08	 48.43	 45.47	 48.26	 56.89	 54.26	 15.21	 18.54	 47.84	 47.20	 23.62	 48.78	184.98	  6.15		Pituophis_catenifer 40
																																									  0.00	 29.23	 29.28	-nan	 41.36	 44.26	 37.86	 23.64	 22.46	 31.38	 31.54	 41.87	 48.37	 48.60	 37.14	 35.27	 46.91	 31.95	240.42	 44.43		Plestiodon_gilberti 41
																																										  0.00	  5.02	233.29	 44.62	 47.70	 39.60	 33.23	 32.01	 38.33	 36.99	 51.02	 52.46	 51.18	 44.77	 44.44	 49.87	 18.86	214.40	 49.00		Podarci_raffonei 42
																																											  0.00	232.77	 45.49	 48.07	 40.75	 34.11	 32.95	 39.80	 37.96	 48.07	 52.93	 51.58	 44.41	 44.07	 51.19	 20.12	203.10	 49.07		Podarcis_muralis 43
																																												  0.00	177.63	164.20	178.03	205.21	220.77	187.57	223.47	174.44	176.85	175.40	267.75	303.60	170.60	-nan	311.25	194.70		Pogona_vitticeps 44
																																													  0.00	 20.03	 45.37	 42.86	 43.97	 42.51	 48.69	 53.23	 23.08	 22.19	 47.95	 47.59	 14.77	 48.25	189.52	 22.26		Protobothrops_mucrosquamatus 45
																																														  0.00	 47.93	 42.78	 42.47	 46.21	 51.30	 52.24	 15.34	 19.45	 48.97	 47.98	 22.07	 50.12	194.83	 11.97		Ptyas_mucosa 46
																																															  0.00	 36.47	 36.73	 39.62	 45.67	 47.99	 50.08	 51.86	 46.42	 46.54	 47.45	 40.57	227.40	 52.51		Salvator_merianae 47
																																																  0.00	  4.70	 33.13	 34.22	 49.07	 47.34	 45.67	 37.70	 37.28	 46.36	 36.79	199.23	 48.84		Sceloporus_occidentalis 48
																																																	  0.00	 32.61	 35.08	 46.85	 46.76	 46.26	 36.94	 36.83	 44.07	 36.54	207.36	 47.24		Sceloporus_tristichus 49
																																																		  0.00	 41.25	 46.63	 46.90	 45.00	 36.88	 37.54	 45.68	 37.81	202.73	 49.79		Shinisaurus_crocodilurus 50
																																																			  0.00	 52.69	 55.02	 56.11	 48.29	 49.29	 52.98	 42.19	166.22	 56.21		Sphaerodactylus_townsendi 51
																																																				  0.00	 58.05	 56.56	 54.25	 55.22	 52.56	 55.47	223.98	 54.48		Sphenodon_punctatus 52
																																																					  0.00	 16.81	 51.87	 51.76	 22.50	 49.74	207.73	 14.64		Thermophis_baileyi 53
																																																						  0.00	 51.29	 49.50	 23.61	 51.82	190.48	 19.68		Tropidonophis_doriae 54
																																																							  0.00	 14.92	 47.63	 45.95	214.35	 49.99		Varanus_komodoensis 55
																																																								  0.00	 50.15	 45.86	183.18	 49.83		Varanus_salvator 56
																																																									  0.00	 52.23	203.96	 24.88		Vipera_latastei 57
																																																										  0.00	218.74	 50.40		Zootaca_vivipara 58
																																																											  0.00	188.84		Thamnophis_elegans 59
																																																												  0.00		Pantherophis_guttatus 60
