Distance Matrix
---------------

Uncorrected for Multiple Substitutions
Using base positions 12 in the codon
Gap weighting is 0.000000

	    1	    2	    3	    4	    5	    6	    7	    8	    9	    10	    11	    12	    13	    14	    15	    16	    17	    18	    19	    20	    21	    22	    23	    24	    25	    26	    27	    28	    29	    30	    31	    32	    33	    34	    35	    36	    37	    38	    39	    40	    41	    42	    43	    44	    45	    46	    47	    48	    49	    50	    51	    52	    53	    54	    55	    56	    57	    58	    59
	  0.00	 27.63	 29.39	 28.51	 17.98	 31.08	 31.25	 19.30	 20.61	 18.86	 18.75	 30.09	 14.04	 19.30	 28.44	 30.26	 29.39	 19.30	 16.67	 29.39	 30.70	 29.46	 31.25	 27.63	 18.86	 30.70	 31.58	 30.70	 19.30	 30.53	 30.80	  8.77	 16.23	 17.98	 21.05	 30.70	 29.02	 29.39	 31.14	 16.23	 28.95	 28.95	 32.02	 34.51	 17.11	 17.98	 25.27	 29.39	 31.58	 30.70	 29.82	 29.39	 16.67	 18.86	 25.00	 37.50	 27.19	 16.23	 16.23		Python_bivittatus 1
		  0.00	 26.75	 26.75	 26.32	 27.03	 27.23	 28.95	 28.51	 29.82	 27.68	 31.86	 25.88	 28.07	 25.69	 24.12	 25.44	 28.07	 28.07	 28.95	 26.32	 26.34	 24.11	 23.25	 25.44	 28.07	 28.07	 26.75	 29.82	 26.55	 30.36	 28.07	 28.95	 26.75	 29.82	 31.58	 29.02	 25.44	 26.75	 23.68	 28.51	 25.88	 26.75	 32.74	 27.19	 26.75	 21.43	 23.25	 25.44	 27.63	 29.82	 29.39	 25.88	 27.63	 24.12	 37.50	 25.44	 26.32	 26.75		Anilios_bituberculatus 2
			  0.00	 16.23	 31.14	 26.13	 26.79	 30.70	 28.51	 27.19	 29.46	 26.11	 27.19	 30.26	 19.27	 14.47	 15.35	 27.19	 31.58	 25.88	 25.88	 21.88	 20.09	 14.47	 30.70	 22.37	 24.12	 22.81	 30.70	 22.12	 19.20	 30.26	 27.19	 28.95	 30.26	 24.12	 29.46	 17.11	 20.18	 27.63	 21.49	 21.05	 22.37	 30.53	 26.32	 29.82	 23.63	 16.23	 18.86	 21.49	 24.56	 25.88	 29.82	 29.82	 22.37	 37.50	 22.81	 29.39	 28.07		Anolis_carolinensis 3
				  0.00	 27.63	 25.68	 26.79	 29.82	 28.95	 29.82	 27.23	 26.99	 29.39	 28.07	 22.48	 15.79	 16.23	 28.51	 26.75	 25.00	 21.93	 20.09	 23.66	 15.79	 27.19	 22.37	 24.56	 24.56	 28.95	 23.01	 25.00	 31.14	 26.32	 25.88	 26.75	 24.12	 29.46	 17.11	 18.86	 26.75	 23.25	 22.37	 24.12	 32.30	 29.39	 28.51	 21.98	 17.54	 19.74	 22.37	 27.63	 24.12	 26.75	 25.88	 19.30	 37.50	 23.25	 27.63	 26.75		Anolis_sagrei 4
					  0.00	 32.88	 32.59	 18.86	 14.91	 21.05	 15.62	 31.42	 18.42	 21.05	 30.28	 31.14	 30.26	 20.18	 11.40	 32.46	 31.58	 29.46	 28.12	 29.82	 12.72	 29.39	 27.63	 27.19	 17.11	 27.43	 28.12	 18.86	 15.35	 18.42	 20.18	 31.14	 29.46	 28.51	 31.14	 10.09	 30.26	 26.75	 29.39	 36.73	 20.18	  8.33	 26.92	 28.07	 28.51	 31.58	 28.95	 28.95	 13.16	 15.35	 31.14	 37.50	 28.95	 15.79	 13.16		Arizona_elegans 5
						  0.00	  2.70	 31.98	 28.83	 31.98	 31.98	 27.73	 29.73	 30.18	 25.23	 24.32	 23.87	 31.53	 30.18	 29.73	 24.32	 21.82	 23.64	 26.58	 33.33	 26.13	 26.58	 25.68	 30.18	 22.52	 23.42	 32.88	 28.83	 28.38	 30.63	 26.13	 26.61	 24.77	 24.77	 30.18	 25.68	 25.68	 25.68	 26.36	 28.38	 31.08	  8.24	 24.32	 25.68	 24.32	 25.23	 24.32	 31.98	 32.43	 20.27	  0.00	 21.62	 30.63	 28.83		Aspidocelis_tigris 6
							  0.00	 32.59	 29.91	 32.14	 31.25	 28.38	 29.91	 30.80	 25.69	 25.00	 25.45	 31.70	 29.91	 29.91	 23.66	 22.97	 23.64	 27.23	 33.04	 25.45	 27.68	 26.34	 30.36	 21.43	 22.77	 31.25	 28.57	 28.12	 30.36	 28.12	 26.82	 25.89	 25.89	 30.36	 25.89	 25.89	 25.00	 26.58	 28.12	 31.25	  9.34	 23.66	 26.34	 25.45	 26.79	 25.00	 31.70	 32.59	 21.43	 50.00	 21.43	 30.80	 29.46		Aspidoscelis_marmoratus 7
								  0.00	 16.23	 14.04	 15.18	 33.19	 17.98	 16.67	 28.44	 27.19	 28.95	 12.72	 17.11	 32.46	 32.89	 29.91	 31.70	 29.39	 17.11	 32.89	 32.89	 31.58	 21.49	 30.97	 31.70	 19.74	 15.79	 19.74	 18.86	 33.33	 30.80	 29.82	 31.14	 15.35	 32.46	 29.39	 30.26	 34.07	 12.72	 15.35	 26.37	 29.82	 31.58	 33.33	 32.46	 31.14	 15.79	 17.98	 29.39	 25.00	 29.82	 14.47	 16.23		Azemiops_feae 8
									  0.00	 21.05	 16.52	 32.74	 18.86	 21.49	 29.82	 27.19	 28.51	 21.05	 18.42	 30.70	 31.14	 29.46	 28.57	 27.63	 14.91	 31.14	 29.82	 29.82	 23.25	 28.32	 31.70	 21.93	 16.67	 17.54	 18.42	 30.70	 33.48	 24.12	 26.75	 13.60	 31.14	 27.63	 29.82	 34.51	 16.67	 13.16	 27.47	 25.00	 26.75	 32.46	 28.95	 28.95	 14.47	 16.23	 28.95	 25.00	 27.19	 11.84	 14.47		Boaedon_fuliginosus 9
										  0.00	 16.07	 31.42	 17.11	 14.04	 28.90	 27.63	 28.95	 13.16	 20.18	 32.89	 33.77	 30.36	 30.80	 30.26	 15.79	 32.02	 30.70	 28.95	 20.18	 29.65	 33.93	 18.42	 15.35	 17.98	 20.18	 32.02	 29.46	 30.70	 31.58	 17.98	 31.58	 28.51	 32.02	 33.63	  9.21	 16.23	 28.57	 29.82	 31.58	 32.02	 33.77	 34.21	 16.23	 17.98	 30.26	 25.00	 29.39	 14.91	 16.67		Bothrops_jararaca 10
											  0.00	 29.73	 19.20	 17.86	 29.82	 25.00	 26.34	 18.30	 16.52	 30.36	 33.93	 30.63	 29.09	 26.34	 15.18	 31.25	 29.02	 27.23	 16.07	 26.34	 30.80	 16.96	 15.62	 12.95	 14.29	 32.59	 33.18	 26.79	 25.00	 13.39	 27.68	 27.23	 29.46	 33.78	 15.62	 15.18	 25.82	 25.45	 26.79	 31.25	 32.14	 29.91	 11.61	 16.07	 29.02	 50.00	 29.02	 15.18	 16.07		Bungarus_multicintus 11
												  0.00	 32.74	 30.09	 26.39	 23.01	 25.22	 32.74	 31.42	 30.09	 29.65	 25.45	 24.32	 25.22	 31.42	 23.01	 26.11	 23.01	 32.30	 26.34	 27.03	 33.63	 31.42	 27.88	 30.97	 32.30	 20.98	 26.11	 26.99	 27.43	 26.55	 23.01	 26.11	 23.89	 27.88	 31.42	 22.78	 25.22	 26.11	 25.66	 26.99	 26.99	 27.43	 33.19	 25.22	 37.50	 25.22	 31.42	 28.76		Calotes_versicolor 12
													  0.00	 17.98	 27.06	 28.51	 28.51	 19.74	 18.86	 28.07	 31.58	 27.68	 27.68	 28.07	 18.42	 30.70	 31.14	 30.70	 19.30	 28.32	 31.25	 14.47	 16.67	 16.23	 20.18	 30.70	 29.46	 25.88	 27.19	 17.54	 28.95	 28.07	 27.63	 32.30	 16.23	 17.54	 26.92	 26.32	 28.07	 28.51	 29.82	 31.14	 19.30	 17.11	 26.32	 37.50	 27.63	 14.91	 17.98		Charina_bottae 13
														  0.00	 28.90	 28.07	 28.95	 14.91	 21.05	 32.02	 34.21	 28.57	 30.80	 29.82	 18.42	 31.14	 32.46	 31.14	 22.37	 28.32	 32.14	 18.42	 18.42	 17.98	 19.74	 33.77	 30.80	 27.19	 28.07	 17.11	 30.70	 27.63	 29.82	 30.53	 13.16	 21.05	 28.02	 27.19	 28.95	 30.26	 34.21	 30.70	 18.86	 21.05	 28.95	 25.00	 31.14	 18.86	 18.86		Crotalus_tigris 14
															  0.00	 17.89	 17.43	 28.90	 28.90	 24.77	 21.56	 17.59	 20.64	 18.35	 30.28	 20.18	 20.18	 19.27	 30.28	 17.89	 18.35	 30.28	 25.23	 27.98	 27.98	 22.48	 26.17	 17.89	 22.02	 26.15	 17.43	 22.94	 22.02	 29.17	 26.15	 27.52	 23.63	 19.27	 16.97	 18.81	 22.48	 23.85	 29.82	 31.65	 22.02	  0.00	 19.72	 28.44	 28.44		Cryptoblepharus_egeriae 15
																  0.00	  6.58	 26.75	 28.07	 26.32	 22.81	 20.09	 19.20	  6.58	 28.07	 19.30	 17.98	 16.67	 26.75	 19.47	 21.43	 31.58	 26.32	 26.75	 25.88	 27.63	 28.12	 11.40	 10.96	 25.88	 20.61	 17.98	 17.54	 26.11	 25.44	 27.19	 18.68	 10.09	 11.84	 17.54	 25.44	 21.49	 26.32	 27.19	 20.18	 12.50	 19.74	 26.75	 25.88		Ctenosaura_bakeri 16
																	  0.00	 26.32	 28.07	 26.75	 22.81	 18.30	 20.54	  7.46	 28.95	 20.61	 19.30	 17.98	 27.63	 19.03	 22.32	 30.70	 27.19	 27.63	 27.19	 26.75	 29.46	 11.40	 13.60	 26.32	 21.49	 20.18	 19.74	 30.53	 26.32	 27.63	 20.33	 11.84	 14.47	 20.18	 24.56	 22.81	 27.63	 27.63	 21.49	 12.50	 19.74	 26.32	 26.75		Cyclura_pinguis 17
																		  0.00	 17.98	 30.70	 32.02	 29.91	 30.36	 28.51	 16.67	 30.70	 31.58	 30.26	 21.05	 29.20	 32.59	 19.74	 17.54	 16.67	 18.86	 32.46	 30.36	 28.07	 28.51	 15.79	 32.02	 27.63	 30.26	 32.30	 13.16	 16.67	 28.57	 28.51	 31.14	 31.58	 35.53	 33.33	 17.54	 17.54	 29.82	 25.00	 28.51	 15.35	 19.30		Daboia_siamensis 18
																			  0.00	 28.95	 30.70	 25.00	 29.02	 26.75	 14.04	 29.39	 28.95	 27.63	 19.30	 26.99	 29.02	 20.18	 15.79	 16.23	 17.11	 31.58	 27.68	 28.07	 30.70	 10.53	 27.19	 28.51	 31.58	 34.96	 17.54	 10.96	 24.18	 27.63	 28.95	 29.39	 28.07	 28.95	 12.28	 15.79	 28.07	 25.00	 29.39	 13.16	 12.72		Diadophis_punctatus 19
																				  0.00	 28.07	 25.89	 26.34	 27.19	 32.02	 30.26	 28.95	 28.07	 33.77	 27.43	 30.80	 33.33	 31.14	 31.58	 29.82	 27.19	 32.59	 24.12	 25.00	 29.39	 26.32	 26.32	 26.75	 33.63	 31.14	 31.58	 24.73	 25.00	 25.00	 23.25	 25.44	 26.75	 31.14	 31.58	 24.56	 50.00	 25.88	 31.14	 30.70		Elgaria_multicarinata 20
																					  0.00	 20.98	 21.43	 21.93	 32.89	 19.74	 21.93	 21.05	 32.89	 21.24	 20.98	 33.33	 30.70	 29.82	 33.77	 22.37	 28.57	 23.25	 22.81	 30.70	 21.05	 21.49	 21.49	 33.63	 30.26	 30.70	 21.98	 22.37	 23.68	 23.68	 26.32	 25.00	 29.82	 31.14	 19.74	 50.00	 16.67	 32.46	 32.02		Eublepharis_macularius 21
																						  0.00	 21.36	 18.75	 29.91	 20.09	 22.32	 21.88	 28.12	 15.62	 22.07	 32.14	 26.79	 30.36	 30.36	 23.66	 24.77	 19.20	 20.98	 26.79	 18.30	 20.09	 21.43	 26.79	 28.12	 26.79	 19.44	 17.41	 20.54	 20.98	 23.66	 25.89	 29.02	 28.12	 22.77	 33.33	 18.75	 29.46	 28.57		Gekko_japonicus 22
																							  0.00	 20.09	 29.02	 16.96	 18.30	 16.52	 30.80	 19.37	 20.91	 32.14	 27.68	 27.23	 29.46	 23.21	 26.36	 19.20	 21.88	 26.79	 20.09	 15.62	 16.96	 27.93	 27.68	 27.23	 20.88	 18.30	 17.86	 20.98	 20.54	 25.00	 28.12	 29.46	 21.43	 33.33	 17.41	 28.57	 28.57		Hemicordylus_capensis 23
																								  0.00	 28.07	 17.98	 19.30	 18.86	 26.32	 19.03	 20.98	 30.26	 27.19	 26.32	 28.07	 26.32	 29.46	 13.60	 14.91	 24.56	 19.30	 17.98	 19.30	 29.20	 28.51	 27.19	 20.88	 11.40	 14.04	 18.86	 23.68	 22.37	 26.75	 26.75	 19.30	 25.00	 18.86	 25.88	 26.75		Iguana_delicatissima 24
																									  0.00	 30.70	 31.58	 30.26	 19.30	 30.09	 33.48	 20.61	 15.79	 15.79	 17.54	 31.14	 29.46	 28.51	 30.26	 10.96	 30.26	 30.26	 32.46	 34.51	 16.67	 10.96	 27.47	 27.63	 28.51	 32.89	 32.46	 31.58	 12.72	 13.16	 29.39	 37.50	 30.70	 10.53	 12.28		Imantodes_cenchoa 25
																										  0.00	  9.65	  9.21	 28.51	 16.81	 18.30	 32.89	 29.82	 29.39	 32.02	 27.63	 25.00	 19.74	 19.74	 27.63	 17.98	 12.72	 14.04	 29.65	 30.70	 27.63	 24.18	 17.98	 17.98	 18.86	 22.81	 23.25	 28.07	 30.26	 21.49	 37.50	 11.84	 29.82	 30.26		Lacerta_agilis 26
																											  0.00	  3.07	 28.51	 17.70	 20.54	 33.33	 28.51	 28.51	 31.58	 28.07	 25.89	 19.74	 20.18	 28.07	 16.67	 14.04	 12.72	 28.76	 30.70	 27.19	 20.88	 20.61	 20.18	 18.42	 21.93	 26.32	 28.51	 30.70	 24.56	 37.50	 12.72	 30.26	 31.14		Lacerta_bilineata 27
																												  0.00	 28.07	 17.70	 19.64	 31.14	 27.19	 27.63	 31.58	 28.07	 24.55	 18.42	 19.74	 26.32	 17.54	 12.72	 13.60	 28.76	 28.51	 25.44	 19.78	 18.86	 18.42	 17.98	 21.49	 24.56	 27.19	 29.39	 23.25	 37.50	 11.40	 28.51	 29.39		Lacerta_viridis 28
																													  0.00	 26.55	 29.02	 19.74	 17.54	 17.98	 19.74	 32.89	 32.59	 27.19	 28.51	 15.79	 27.19	 27.19	 26.75	 34.51	 19.74	 17.98	 24.73	 25.88	 28.95	 30.26	 30.70	 30.70	 18.42	 17.98	 30.26	 62.50	 27.63	 16.23	 17.54		Laticauda_colubrina 29
																														  0.00	 17.86	 32.74	 27.88	 27.43	 27.88	 24.34	 27.48	 18.58	 17.70	 25.22	 17.26	 19.03	 20.35	 26.79	 27.43	 26.11	 20.88	 17.26	 18.14	 16.81	 20.80	 24.34	 27.43	 28.76	 21.68	 16.67	 16.81	 28.32	 30.09		Lepidodactylus_listeri 30
																															  0.00	 32.59	 27.68	 33.48	 33.48	 27.68	 29.09	 20.98	 21.88	 30.36	 15.18	 20.09	 19.20	 31.53	 33.48	 29.91	 21.43	 20.54	 21.88	 18.30	 22.32	 25.89	 34.38	 31.70	 22.77	 50.00	 18.75	 33.04	 32.59		Lerista_edwardsae 31
																																  0.00	 15.79	 17.11	 21.49	 32.46	 29.91	 30.70	 31.14	 17.98	 30.26	 29.82	 32.02	 35.40	 17.54	 20.18	 27.47	 30.26	 32.46	 33.33	 31.14	 31.58	 18.86	 19.74	 28.95	 37.50	 28.51	 18.86	 18.86		Morelia_viridis 32
																																	  0.00	 17.11	 17.54	 27.63	 29.91	 24.12	 28.07	 14.47	 28.07	 28.51	 28.95	 33.19	 14.04	 12.72	 25.27	 24.56	 26.75	 29.39	 30.70	 31.58	 16.23	 17.98	 28.07	 37.50	 27.19	 16.23	 13.60		Myanophis_thanlyinensis 33
																																		  0.00	 12.72	 31.14	 29.02	 26.32	 27.63	 12.72	 28.51	 28.51	 28.95	 32.30	 15.35	 16.23	 25.27	 25.88	 27.63	 31.14	 32.02	 29.39	 11.84	 16.67	 25.44	 50.00	 28.07	 12.72	 15.35		Naja_naja 34
																																			  0.00	 32.46	 32.14	 27.63	 27.19	 16.67	 29.82	 30.26	 30.70	 30.97	 15.79	 18.86	 26.92	 25.88	 26.32	 32.46	 29.39	 29.82	 15.35	 15.79	 27.63	 37.50	 31.58	 16.23	 17.11		Ophiophagus_hannah 35
																																				  0.00	 27.68	 23.68	 27.19	 28.51	 23.25	 28.95	 29.39	 31.86	 30.70	 28.51	 23.08	 25.00	 26.75	 31.58	 21.93	 30.70	 28.95	 32.02	 25.44	 37.50	 26.32	 31.14	 28.95		Paroedura_picta 36
																																					  0.00	 29.91	 30.36	 28.12	 26.79	 27.68	 25.00	 25.45	 29.91	 29.02	 21.91	 29.46	 29.02	 28.12	 26.34	 29.02	 29.46	 31.70	 27.68	 37.50	 25.00	 28.57	 25.89		Phrynocephalus_versicolor 37
																																						  0.00	  9.65	 24.12	 21.05	 20.61	 20.61	 29.20	 26.32	 25.00	 21.98	  7.02	 10.53	 17.98	 25.00	 23.25	 27.19	 28.07	 20.61	 25.00	 17.11	 26.32	 25.88		Phrynosoma_blainvillii 38
																																							  0.00	 26.75	 23.25	 20.18	 20.18	 29.20	 28.51	 29.39	 23.63	 11.84	 11.40	 18.86	 28.95	 25.00	 28.51	 28.51	 21.93	 12.50	 18.42	 28.51	 29.39		Phrynosoma_platyrhinos 39
																																								  0.00	 26.75	 26.75	 30.26	 32.74	 15.35	  8.33	 23.08	 24.12	 24.56	 29.82	 30.26	 28.95	 10.09	 16.23	 27.63	 37.50	 28.07	 11.40	  8.33		Pituophis_catenifer 40
																																									  0.00	 18.86	 18.42	 30.53	 30.26	 30.26	 19.23	 19.74	 21.93	 17.54	 19.74	 27.63	 29.82	 30.70	 21.05	 50.00	 17.98	 30.26	 29.82		Plestiodon_gilberti 41
																																										  0.00	  7.02	 28.32	 25.44	 26.75	 20.88	 19.30	 21.05	 18.86	 21.05	 24.12	 26.75	 27.63	 21.05	 25.00	 11.40	 28.07	 29.39		Podarci_raffonei 42
																																											  0.00	 27.43	 29.82	 28.95	 20.88	 19.30	 21.49	 17.54	 22.81	 23.25	 29.82	 29.39	 22.81	 50.00	 13.60	 30.70	 30.70		Podarcis_muralis 43
																																												  0.00	 30.97	 34.96	 22.22	 29.65	 30.53	 27.88	 30.53	 32.74	 34.51	 32.74	 30.97	 50.00	 26.99	 33.19	 32.74		Pogona_vitticeps 44
																																													  0.00	 16.23	 26.37	 27.19	 28.95	 31.58	 31.14	 31.58	 13.16	 18.86	 28.51	 25.00	 25.44	 14.04	 14.04		Protobothrops_mucrosquamatus 45
																																														  0.00	 27.47	 25.44	 26.75	 28.95	 28.95	 29.82	  8.77	 15.35	 28.07	 37.50	 25.44	 10.53	  9.65		Ptyas_mucosa 46
																																															  0.00	 21.43	 23.63	 21.43	 19.78	 21.43	 25.82	 27.47	 17.58	-nan	 19.78	 25.27	 21.43		Salvator_merianae 47
																																																  0.00	  4.82	 19.30	 25.00	 22.81	 27.19	 25.88	 19.30	 50.00	 18.86	 27.19	 26.75		Sceloporus_occidentalis 48
																																																	  0.00	 18.86	 25.44	 24.12	 29.39	 28.07	 21.05	 50.00	 20.61	 28.51	 28.95		Sceloporus_tristichus 49
																																																		  0.00	 22.81	 25.44	 32.02	 32.02	 21.05	 37.50	 18.86	 31.14	 32.46		Shinisaurus_crocodilurus 50
																																																			  0.00	 25.44	 28.95	 32.46	 20.61	 25.00	 21.49	 30.70	 30.26		Sphaerodactylus_townsendi 51
																																																				  0.00	 28.51	 29.39	 24.56	 37.50	 22.81	 28.95	 28.51		Sphenodon_punctatus 52
																																																					  0.00	 14.47	 29.39	 37.50	 27.19	 11.40	  9.65		Thermophis_baileyi 53
																																																						  0.00	 29.82	 37.50	 28.51	 11.84	 18.86		Tropidonophis_doriae 54
																																																							  0.00	 50.00	 19.74	 28.51	 27.63		Varanus_salvator 55
																																																								  0.00	 37.50	 37.50	 50.00		Vipera_latastei 56
																																																									  0.00	 27.63	 29.39		Zootaca_vivipara 57
																																																										  0.00	 12.28		Thamnophis_elegans 58
																																																											  0.00		Pantherophis_guttatus 59
