Distance Matrix
---------------

Uncorrected for Multiple Substitutions
Using base positions 12 in the codon
Gap weighting is 0.000000

	    1	    2	    3	    4	    5	    6	    7	    8	    9	    10	    11	    12	    13	    14	    15	    16	    17	    18	    19	    20	    21	    22	    23	    24	    25	    26	    27	    28	    29	    30	    31	    32	    33	    34	    35	    36	    37	    38	    39	    40	    41	    42	    43	    44	    45	    46	    47	    48	    49	    50	    51	    52	    53	    54	    55	    56	    57	    58	    59	    60
	  0.00	 22.57	 26.69	 26.11	 13.29	 27.77	 28.22	 13.63	 17.23	 15.65	 15.09	 29.23	 11.37	 53.80	 25.11	 20.51	 24.32	 17.00	 13.96	 26.07	 27.99	 26.69	 25.28	 23.31	 15.32	 28.27	 26.58	 26.35	 15.54	 26.24	 23.87	  6.64	 16.55	 14.19	 14.08	 28.07	 28.73	 23.99	 24.32	 14.64	 56.45	 26.46	 27.14	 30.54	 13.29	 14.53	 27.98	 23.20	 23.09	 26.13	 28.49	 29.17	 14.75	 13.96	 27.93	 27.25	 16.50	 28.38	 15.75	 13.63		Python_bivittatus 1
		  0.00	 28.22	 27.35	 24.27	 31.45	 31.00	 24.72	 26.64	 25.85	 25.06	 31.33	 22.69	 58.15	 28.33	 23.97	 26.64	 25.96	 25.17	 26.02	 30.54	 31.15	 27.16	 25.17	 25.96	 28.33	 27.99	 28.10	 25.06	 30.47	 26.98	 23.02	 25.40	 23.93	 23.48	 30.75	 29.37	 26.52	 26.52	 25.06	 55.38	 28.22	 29.35	 31.18	 23.81	 25.06	 30.12	 25.51	 26.19	 28.89	 29.35	 32.62	 24.60	 23.59	 29.12	 29.23	 25.38	 29.35	 26.15	 25.06		Anilios_bituberculatus 2
			  0.00	 14.52	 28.94	 26.52	 26.41	 29.17	 29.73	 28.83	 28.72	 27.43	 26.58	 59.78	 20.61	 16.50	 18.47	 28.60	 29.50	 21.90	 25.85	 25.90	 24.49	 18.69	 29.62	 24.44	 23.42	 23.31	 28.60	 25.11	 20.27	 26.24	 29.84	 28.60	 27.48	 27.50	 26.70	 16.44	 16.44	 28.15	 53.23	 22.18	 22.52	 27.94	 28.49	 28.94	 26.03	 17.45	 17.68	 21.85	 26.69	 27.36	 29.05	 27.70	 23.76	 24.21	 28.21	 23.76	 28.16	 28.49		Anolis_carolinensis 3
				  0.00	 26.46	 25.70	 25.59	 27.28	 28.22	 27.99	 26.58	 25.82	 26.35	 50.67	 19.79	 14.93	 17.45	 28.34	 27.75	 20.77	 24.65	 24.24	 20.99	 16.86	 27.99	 24.36	 23.19	 23.19	 27.05	 24.59	 19.32	 26.00	 27.75	 27.40	 26.35	 24.47	 26.35	 15.22	 16.16	 27.40	 50.00	 22.60	 22.72	 26.82	 27.17	 28.10	 25.91	 16.98	 16.98	 22.37	 25.06	 25.64	 27.40	 26.81	 23.65	 23.54	 28.84	 23.19	 28.10	 27.05		Anolis_sagrei 4
					  0.00	 29.01	 29.57	 11.94	 14.86	 12.73	 13.96	 29.68	 14.64	 54.35	 26.69	 22.94	 25.68	 14.75	 10.59	 25.28	 31.26	 28.72	 25.74	 25.56	 11.60	 29.28	 26.80	 27.59	 15.65	 28.94	 25.56	 14.53	 12.84	 12.39	 11.37	 30.23	 30.43	 26.69	 26.91	  6.31	 53.23	 26.91	 27.36	 31.56	 12.39	  7.88	 28.83	 25.11	 25.56	 26.80	 30.18	 30.29	 10.02	 11.82	 28.49	 28.27	 14.86	 29.62	 13.33	  5.29		Arizona_elegans 5
						  0.00	  3.27	 28.44	 30.36	 29.68	 30.02	 27.71	 28.89	 56.52	 24.04	 23.97	 25.62	 29.57	 30.47	 24.10	 27.26	 25.96	 22.95	 25.51	 30.47	 27.20	 25.40	 25.96	 30.02	 26.52	 23.81	 28.33	 28.78	 29.80	 29.01	 28.13	 28.46	 25.28	 26.41	 29.01	 54.30	 25.28	 25.96	 30.05	 29.12	 29.68	 12.32	 26.19	 26.75	 24.94	 28.22	 28.56	 29.01	 28.67	 26.30	 26.41	 30.43	 25.17	 29.84	 28.78		Aspidocelis_tigris 6
							  0.00	 28.78	 30.81	 30.14	 30.81	 28.62	 29.23	 57.07	 24.49	 23.84	 25.51	 29.91	 30.47	 25.00	 26.92	 26.19	 22.61	 25.06	 30.70	 26.98	 25.40	 25.96	 30.47	 27.20	 24.27	 28.44	 29.35	 30.36	 29.80	 27.90	 28.34	 25.06	 26.19	 30.02	 54.30	 25.17	 25.73	 30.27	 29.35	 29.91	 12.20	 26.30	 26.98	 25.17	 28.56	 29.01	 29.12	 29.35	 26.86	 25.96	 30.81	 25.51	 30.18	 29.46		Aspidoscelis_marmoratus 7
								  0.00	 17.00	  9.23	 14.75	 30.70	 14.75	 55.43	 26.80	 22.69	 26.58	 11.94	 13.51	 25.51	 29.68	 27.14	 25.74	 25.23	 14.64	 29.28	 27.48	 27.82	 15.43	 27.36	 26.01	 14.53	 15.20	 14.86	 13.51	 28.41	 30.43	 26.58	 26.69	 13.29	 55.91	 27.14	 27.70	 32.01	  7.66	 13.63	 28.71	 26.01	 26.24	 26.58	 29.28	 30.18	 13.63	 13.85	 28.04	 28.15	 13.35	 29.50	 14.48	 12.95		Azemiops_feae 8
									  0.00	 16.33	 16.67	 31.72	 17.45	 53.26	 28.60	 25.73	 28.04	 16.78	 14.30	 28.78	 31.04	 30.41	 28.57	 27.70	 14.53	 30.52	 29.95	 30.29	 18.81	 29.50	 27.70	 16.67	 14.64	 14.98	 15.54	 31.93	 31.90	 27.82	 28.15	 13.74	 53.23	 29.17	 29.50	 32.35	 16.10	 15.77	 30.17	 27.14	 27.14	 27.70	 30.74	 31.87	 13.74	 14.86	 29.17	 29.73	 16.25	 31.42	 13.10	 14.53		Boaedon_fuliginosus 9
										  0.00	 15.88	 30.02	 15.43	 52.72	 27.14	 23.67	 26.24	 11.82	 12.73	 26.52	 30.59	 27.93	 26.64	 25.90	 13.85	 29.05	 28.15	 28.27	 17.12	 28.04	 26.69	 15.32	 14.53	 14.86	 13.96	 29.09	 29.19	 27.93	 27.93	 13.63	 55.91	 28.15	 28.72	 31.00	  6.76	 14.30	 28.59	 27.14	 26.91	 27.82	 30.41	 30.74	 12.95	 14.86	 28.83	 29.17	 13.10	 30.63	 15.17	 12.95		Bothrops_jararaca 10
											  0.00	 30.93	 15.65	 51.63	 26.58	 23.79	 26.80	 16.67	 14.86	 26.41	 30.02	 28.49	 27.66	 26.58	 14.64	 28.60	 28.27	 28.27	 12.05	 27.59	 25.79	 15.77	 14.19	  9.80	  8.90	 29.32	 30.20	 26.80	 26.69	 15.43	 53.76	 27.82	 28.60	 32.81	 13.74	 15.09	 30.29	 26.35	 26.46	 26.80	 30.07	 30.63	 14.30	 11.82	 28.15	 28.49	 17.13	 29.73	 15.86	 14.53		Bungarus_multicintus 11
												  0.00	 29.68	 53.26	 26.86	 25.30	 26.86	 32.05	 30.47	 27.94	 28.93	 27.77	 26.82	 26.86	 30.36	 29.23	 27.65	 27.77	 30.36	 28.44	 28.22	 29.35	 30.14	 30.14	 30.81	 29.16	 22.00	 27.77	 27.99	 30.59	 54.84	 27.54	 28.78	 25.74	 29.91	 31.04	 30.12	 26.64	 26.98	 28.78	 29.12	 30.25	 30.47	 31.72	 29.68	 29.12	 31.19	 29.23	 30.18	 31.04		Calotes_versicolor 12
													  0.00	 53.26	 24.32	 22.21	 25.68	 16.33	 16.22	 25.85	 28.89	 27.36	 25.17	 24.55	 15.77	 27.93	 26.13	 26.24	 17.00	 26.91	 24.55	 11.04	 17.12	 17.00	 15.43	 29.32	 28.85	 25.79	 25.68	 15.20	 55.38	 25.68	 26.69	 30.32	 13.63	 15.88	 27.37	 24.77	 25.00	 27.03	 28.04	 28.94	 15.43	 16.33	 27.48	 28.04	 17.51	 28.27	 16.90	 15.20		Charina_bottae 13
														  0.00	 59.24	 56.67	 57.61	 53.80	 53.26	 57.07	 57.07	 55.43	 57.61	 57.07	 52.17	 57.61	 54.35	 55.43	 55.43	 50.54	 60.33	 55.98	 53.26	 53.26	 54.89	 55.43	 54.89	 53.80	 55.98	 55.98	 34.78	 57.07	 57.07	 54.89	 52.17	 58.15	 60.71	 58.15	 58.70	 54.35	 54.89	 59.78	 53.80	 56.52	 53.80	 59.24	 61.47	 55.43	 54.82	 55.43		Crotalus_tigris 14
															  0.00	 17.48	 19.03	 26.80	 27.36	 20.77	 25.40	 23.65	 20.75	 18.47	 26.24	 22.86	 21.73	 21.73	 29.17	 22.52	 15.43	 25.11	 27.14	 27.03	 26.69	 26.25	 26.92	 19.03	 19.37	 26.01	 55.38	 20.61	 21.85	 28.28	 26.80	 27.59	 25.30	 17.91	 18.47	 21.85	 26.24	 25.68	 26.13	 25.79	 24.89	 25.11	 27.58	 22.64	 25.52	 26.01		Cryptoblepharus_egeriae 15
																  0.00	  7.16	 24.76	 23.79	 18.25	 21.29	 23.54	 19.68	  5.22	 24.27	 21.00	 20.51	 19.78	 24.39	 20.87	 16.63	 21.97	 25.24	 23.30	 22.94	 22.92	 24.88	 11.41	 12.14	 23.30	 54.10	 20.39	 21.72	 24.27	 22.57	 25.12	 22.32	 10.68	 11.77	 18.69	 22.09	 23.42	 23.54	 23.06	 22.94	 21.48	 25.44	 22.57	 24.03	 23.42		Ctenosaura_bakeri 16
																	  0.00	 27.93	 26.01	 21.22	 24.60	 24.89	 22.90	  8.22	 26.58	 23.31	 23.20	 22.52	 26.24	 22.64	 19.26	 24.66	 27.36	 25.56	 24.32	 26.14	 25.90	 14.75	 14.98	 25.23	 53.23	 22.75	 23.42	 28.17	 25.00	 27.14	 23.72	 14.53	 14.86	 21.62	 24.89	 26.13	 24.55	 24.89	 24.55	 23.42	 26.70	 24.89	 25.98	 25.45		Cyclura_pinguis 17
																		  0.00	 15.20	 27.09	 30.47	 28.38	 27.44	 27.25	 16.10	 31.42	 29.62	 29.62	 18.24	 29.05	 27.25	 17.45	 15.20	 16.67	 15.43	 30.57	 30.66	 27.70	 28.72	 14.19	 53.76	 28.60	 29.28	 32.35	 12.16	 14.98	 29.68	 27.93	 28.27	 26.35	 29.95	 29.28	 15.20	 15.77	 30.07	 29.95	  9.07	 31.08	 15.86	 14.64		Daboia_siamensis 18
																			  0.00	 27.54	 32.84	 28.49	 25.62	 25.90	  9.01	 30.97	 28.27	 28.72	 15.88	 29.05	 25.56	 14.75	 12.39	 11.37	 10.25	 29.77	 29.30	 27.25	 27.70	 11.82	 56.45	 28.38	 28.60	 31.67	 12.16	 11.60	 28.95	 26.24	 26.80	 27.48	 29.39	 31.42	  8.11	 11.71	 28.49	 29.39	 15.62	 30.07	 11.84	 10.59		Diadophis_punctatus 19
																				  0.00	 25.23	 25.96	 23.75	 19.30	 27.88	 24.15	 24.27	 24.60	 27.20	 25.28	 20.65	 25.51	 28.10	 26.64	 26.19	 26.65	 26.53	 19.98	 20.77	 25.96	 54.30	 23.93	 24.49	 27.55	 24.83	 26.75	 24.82	 20.77	 20.77	 18.74	 25.85	 26.75	 25.96	 26.30	 21.78	 20.20	 27.53	 23.81	 26.96	 25.96		Elgaria_multicarinata 20
																					  0.00	 24.83	 27.16	 23.02	 31.83	 27.54	 26.30	 25.62	 30.59	 22.57	 26.52	 28.89	 31.83	 30.81	 30.93	 26.65	 28.34	 24.27	 23.48	 30.59	 55.38	 25.40	 26.30	 28.68	 29.46	 30.81	 26.46	 24.49	 24.15	 24.94	 25.17	 27.99	 30.93	 30.02	 27.43	 26.98	 29.80	 26.86	 30.18	 31.38		Eublepharis_macularius 21
																						  0.00	 24.72	 24.32	 29.95	 25.11	 25.23	 25.34	 30.52	 16.22	 23.65	 27.48	 28.15	 29.39	 29.28	 23.52	 28.28	 24.66	 24.66	 29.28	 53.76	 24.44	 24.89	 30.20	 26.91	 28.83	 26.16	 24.32	 24.44	 24.44	 21.85	 28.94	 29.28	 28.38	 26.91	 27.36	 29.35	 26.24	 28.28	 29.17		Gekko_japonicus 22
																							  0.00	 21.66	 26.64	 24.72	 22.22	 22.45	 27.10	 23.70	 20.29	 25.06	 26.53	 26.53	 26.08	 24.89	 26.77	 21.43	 21.09	 26.08	 56.99	 23.13	 23.58	 27.68	 25.74	 27.32	 24.88	 22.56	 23.36	 23.47	 23.58	 26.53	 27.32	 26.30	 26.30	 25.51	 27.66	 23.70	 27.08	 25.17		Hemicordylus_capensis 23
																								  0.00	 26.58	 21.73	 21.85	 21.85	 27.03	 23.31	 18.81	 24.10	 27.14	 25.68	 25.68	 23.75	 25.45	 13.06	 12.95	 25.56	 52.15	 20.95	 22.52	 27.15	 24.21	 27.03	 23.11	 12.39	 12.84	 20.83	 23.20	 25.11	 25.68	 25.68	 23.42	 22.64	 25.94	 23.42	 25.86	 25.90		Iguana_delicatissima 24
																									  0.00	 29.62	 28.27	 28.27	 15.77	 28.38	 26.35	 16.44	 13.40	 12.73	 12.05	 30.68	 30.32	 27.70	 27.36	 11.82	 55.38	 28.72	 29.05	 31.79	 13.63	 12.39	 29.20	 26.69	 26.91	 27.82	 30.63	 30.52	  9.46	 12.95	 28.04	 28.72	 16.75	 31.08	 11.84	 10.59		Imantodes_cenchoa 25
																										  0.00	 11.94	 11.26	 30.18	 25.34	 23.20	 28.94	 30.29	 29.73	 29.73	 28.98	 27.94	 22.64	 21.73	 29.28	 52.15	 13.29	 14.08	 30.66	 28.60	 29.95	 26.40	 23.09	 22.52	 23.20	 26.69	 27.36	 29.05	 28.15	 27.25	 27.36	 31.11	 14.64	 29.20	 29.84		Lacerta_agilis 26
																											  0.00	  3.15	 29.62	 25.45	 21.62	 27.14	 29.17	 29.62	 27.70	 28.52	 27.49	 22.75	 22.30	 27.36	 52.69	 11.49	 12.16	 29.86	 27.25	 28.49	 26.03	 22.18	 22.86	 23.09	 26.58	 27.93	 27.93	 27.03	 26.13	 26.13	 29.47	 13.51	 28.28	 27.82		Lacerta_bilineata 27
																												  0.00	 29.84	 25.00	 21.85	 27.25	 29.50	 29.28	 27.59	 28.98	 27.15	 22.52	 22.18	 27.59	 54.30	 11.82	 11.82	 30.20	 27.59	 28.38	 26.40	 22.18	 22.64	 22.64	 26.46	 27.82	 28.04	 26.91	 26.69	 26.46	 29.22	 13.51	 28.28	 27.93		Lacerta_viridis 28
																													  0.00	 30.07	 26.91	 16.10	 16.22	 10.81	 10.14	 28.64	 31.79	 27.70	 27.48	 16.44	 57.53	 29.84	 30.52	 32.92	 16.10	 17.34	 30.05	 27.59	 28.49	 28.38	 31.08	 31.76	 15.43	 12.05	 28.49	 28.94	 18.14	 32.32	 17.13	 15.32		Laticauda_colubrina 29
																														  0.00	 22.30	 27.03	 28.72	 29.05	 28.94	 24.55	 27.15	 24.21	 25.23	 28.83	 52.69	 24.21	 24.32	 27.60	 27.03	 29.05	 25.67	 23.20	 23.31	 22.30	 22.86	 29.39	 28.60	 27.36	 27.03	 27.25	 29.47	 24.89	 27.36	 28.04		Lepidodactylus_listeri 30
																															  0.00	 23.99	 26.91	 26.58	 25.90	 26.36	 25.11	 18.02	 19.37	 25.68	 56.99	 19.14	 20.27	 28.17	 25.23	 25.34	 24.09	 17.91	 18.13	 20.27	 25.00	 24.10	 25.90	 24.10	 24.10	 23.20	 28.09	 23.09	 25.75	 25.00		Lerista_edwardsae 31
																																  0.00	 16.67	 14.64	 14.41	 27.95	 29.30	 24.55	 24.32	 14.30	 55.91	 26.35	 26.69	 31.22	 14.19	 15.32	 26.89	 23.65	 23.42	 26.46	 28.83	 30.29	 15.43	 14.98	 27.48	 27.14	 17.25	 28.94	 16.09	 14.30		Morelia_viridis 32
																																	  0.00	 14.19	 13.06	 29.66	 29.86	 28.72	 28.60	 12.27	 53.76	 28.72	 29.62	 32.35	 13.74	 13.51	 28.83	 27.48	 28.04	 27.03	 29.95	 31.08	 12.05	 13.29	 28.94	 30.29	 16.12	 30.97	 14.37	 11.37		Myanophis_thanlyinensis 33
																																		  0.00	  8.22	 27.95	 30.66	 26.69	 26.69	 12.95	 54.30	 28.72	 29.39	 32.69	 14.41	 14.53	 28.83	 25.79	 26.80	 26.46	 29.62	 32.43	 11.60	 10.59	 29.39	 28.94	 17.25	 30.74	 14.02	 12.61		Naja_naja 34
																																			  0.00	 29.09	 29.86	 26.35	 26.24	 12.39	 53.76	 27.14	 27.48	 32.35	 12.39	 12.95	 28.95	 25.68	 26.46	 26.01	 30.74	 30.86	 10.70	  8.90	 28.04	 28.60	 16.12	 30.07	 12.87	 11.60		Ophiophagus_hannah 35
																																				  0.00	 28.88	 25.57	 25.23	 29.66	 55.38	 28.86	 29.89	 31.62	 28.18	 30.34	 28.13	 24.09	 24.32	 27.50	 25.68	 31.48	 30.34	 28.75	 29.43	 30.11	 28.37	 30.00	 29.00	 29.89		Paroedura_picta 36
																																					  0.00	 25.90	 26.70	 30.32	 54.30	 28.05	 28.17	 25.68	 29.19	 31.22	 28.36	 25.90	 26.81	 26.81	 29.41	 29.30	 30.32	 28.73	 27.94	 27.04	 29.87	 28.28	 29.45	 30.77		Phrynocephalus_versicolor 37
																																						  0.00	  6.08	 27.14	 51.08	 21.17	 21.62	 28.96	 26.35	 28.15	 24.70	 10.14	 10.47	 20.72	 25.23	 25.90	 26.69	 25.79	 24.55	 23.54	 27.08	 22.18	 26.09	 26.58		Phrynosoma_blainvillii 38
																																							  0.00	 27.03	 50.00	 21.51	 21.96	 29.19	 26.46	 27.82	 25.18	 11.60	 11.37	 20.61	 24.55	 25.56	 26.91	 25.79	 24.32	 23.42	 28.09	 22.86	 26.67	 26.58		Phrynosoma_platyrhinos 39
																																								  0.00	 55.91	 26.46	 27.59	 31.56	 13.29	  9.46	 28.83	 25.45	 25.79	 25.68	 30.07	 29.05	 10.92	 11.60	 29.39	 29.17	 15.24	 30.18	 13.22	  4.62		Pituophis_catenifer 40
																																									  0.00	 53.76	 53.76	 56.45	 53.23	 53.76	 53.52	 52.69	 55.91	 51.08	 52.15	 58.60	 52.69	 55.91	 52.15	 53.23	 62.16	 53.23	 55.95	 54.30		Plestiodon_gilberti 41
																																										  0.00	  4.62	 28.85	 27.25	 27.36	 25.06	 20.50	 20.72	 21.73	 25.90	 27.14	 27.59	 26.80	 26.80	 25.90	 29.47	 12.73	 28.05	 27.03		Podarci_raffonei 42
																																											  0.00	 28.96	 27.82	 28.49	 25.43	 21.51	 21.73	 22.75	 27.25	 28.27	 28.49	 27.14	 27.48	 27.03	 30.98	 13.40	 28.28	 27.25		Podarcis_muralis 43
																																												  0.00	 30.66	 32.13	 29.22	 30.54	 30.20	 29.52	 29.41	 31.45	 33.14	 32.69	 30.32	 28.62	 33.16	 29.98	 32.45	 32.01		Pogona_vitticeps 44
																																													  0.00	 13.63	 28.35	 26.13	 25.79	 27.03	 29.05	 29.17	 11.60	 13.51	 28.38	 28.38	 12.59	 30.07	 14.83	 12.27		Protobothrops_mucrosquamatus 45
																																														  0.00	 29.56	 26.91	 26.69	 27.59	 30.18	 29.73	 10.92	 13.51	 29.62	 29.05	 15.37	 30.29	 14.02	  7.32		Ptyas_mucosa 46
																																															  0.00	 25.67	 25.91	 25.30	 28.71	 29.08	 28.47	 27.49	 26.03	 25.43	 29.15	 26.64	 29.08	 28.71		Salvator_merianae 47
																																																  0.00	  3.94	 19.82	 25.00	 25.23	 25.56	 25.00	 22.97	 23.31	 26.45	 22.86	 25.86	 25.23		Sceloporus_occidentalis 48
																																																	  0.00	 20.16	 25.79	 26.13	 26.46	 26.01	 22.86	 23.76	 26.07	 23.09	 25.98	 25.79		Sceloporus_tristichus 49
																																																		  0.00	 25.56	 27.25	 26.01	 25.90	 22.52	 21.40	 27.08	 23.99	 24.60	 26.01		Shinisaurus_crocodilurus 50
																																																			  0.00	 30.63	 30.63	 29.28	 27.36	 27.03	 30.23	 27.14	 29.31	 30.52		Sphaerodactylus_townsendi 51
																																																				  0.00	 30.97	 30.29	 27.93	 27.93	 28.21	 28.04	 30.69	 28.60		Sphenodon_punctatus 52
																																																					  0.00	 11.26	 28.83	 27.93	 14.61	 30.86	 11.95	  9.23		Thermophis_baileyi 53
																																																						  0.00	 27.82	 27.59	 15.49	 28.49	 13.56	 12.16		Tropidonophis_doriae 54
																																																							  0.00	 10.25	 29.97	 26.91	 27.70	 29.28		Varanus_komodoensis 55
																																																								  0.00	 30.23	 27.14	 28.39	 28.94		Varanus_salvator 56
																																																									  0.00	 31.36	 15.37	 15.49		Vipera_latastei 57
																																																										  0.00	 29.08	 30.07		Zootaca_vivipara 58
																																																											  0.00	 12.99		Thamnophis_elegans 59
																																																												  0.00		Pantherophis_guttatus 60
