Distance Matrix
---------------

Uncorrected for Multiple Substitutions
Using base positions 12 in the codon
Gap weighting is 0.000000

	    1	    2	    3	    4	    5	    6	    7	    8	    9	    10	    11	    12	    13	    14	    15	    16	    17	    18	    19	    20	    21	    22	    23	    24	    25	    26	    27	    28	    29	    30	    31	    32	    33	    34	    35	    36	    37	    38	    39	    40	    41	    42	    43	    44	    45	    46	    47	    48	    49	    50	    51	    52	    53	    54	    55	    56	    57	    58	    59	    60
	  0.00	 32.28	 33.63	 35.89	 20.57	 32.98	 33.93	 20.12	 19.13	 18.17	 20.48	 34.08	 13.36	 18.77	 33.63	 33.13	 33.03	 19.97	 18.02	 33.93	 33.33	 34.79	 30.76	 32.58	 18.62	 35.29	 32.28	 32.43	 19.22	 33.28	 31.68	  7.51	 22.07	 19.37	 18.92	 37.24	 32.58	 32.28	 31.08	 19.82	 32.63	 34.08	 33.48	 34.83	 18.77	 18.62	 34.98	 31.38	 31.83	 31.38	 34.98	 36.49	 19.22	 19.07	 33.63	 32.88	 21.32	 35.14	 18.83	 20.57		Python_bivittatus 1
		  0.00	 32.88	 32.58	 32.43	 31.63	 32.43	 32.73	 32.68	 31.83	 32.38	 35.59	 30.78	 31.83	 32.43	 31.78	 29.73	 31.68	 30.93	 32.43	 34.08	 32.23	 31.21	 31.83	 31.68	 33.33	 32.88	 32.73	 32.58	 32.83	 31.38	 32.13	 33.78	 31.08	 31.98	 34.83	 34.68	 31.08	 30.48	 32.73	 28.81	 31.83	 31.83	 36.04	 31.83	 31.38	 34.08	 31.53	 31.08	 34.68	 33.93	 36.79	 34.38	 33.63	 34.83	 33.48	 34.38	 35.14	 33.43	 32.73		Anilios_bituberculatus 2
			  0.00	 18.02	 35.14	 27.26	 27.03	 34.23	 34.94	 34.68	 35.09	 34.38	 33.48	 32.43	 25.68	 19.88	 19.82	 34.68	 34.23	 26.28	 27.63	 28.92	 26.52	 19.82	 33.48	 27.93	 25.98	 27.18	 34.53	 30.12	 23.87	 34.68	 36.34	 33.93	 34.08	 33.03	 33.48	 21.32	 21.32	 34.83	 22.88	 27.93	 27.33	 30.48	 32.58	 33.48	 30.18	 21.92	 21.32	 27.03	 29.13	 34.53	 34.98	 35.29	 28.38	 29.73	 34.68	 28.38	 32.68	 35.14		Anolis_carolinensis 3
				  0.00	 37.09	 28.31	 28.53	 35.29	 35.39	 35.44	 35.84	 33.18	 33.33	 34.98	 23.27	 19.43	 19.97	 34.83	 34.68	 26.28	 28.38	 29.37	 25.15	 21.17	 35.14	 27.48	 25.98	 27.03	 36.64	 30.12	 21.47	 35.59	 36.64	 35.14	 36.04	 31.53	 33.03	 20.72	 20.27	 35.89	 21.40	 25.83	 26.43	 30.93	 34.23	 34.53	 27.63	 20.27	 19.52	 25.23	 27.93	 34.08	 36.49	 36.49	 27.78	 28.98	 36.64	 27.93	 33.89	 36.64		Anolis_sagrei 4
					  0.00	 35.09	 35.74	 20.87	 15.96	 18.77	 17.62	 34.98	 21.32	 18.47	 36.34	 35.54	 35.89	 19.37	 12.16	 36.34	 36.04	 34.19	 34.70	 35.44	 11.71	 37.69	 36.34	 36.34	 17.42	 33.28	 35.29	 22.37	 17.87	 16.07	 16.82	 37.69	 34.23	 33.48	 33.63	  9.16	 33.47	 35.89	 35.74	 36.19	 19.67	 11.41	 35.74	 34.68	 34.23	 34.98	 37.99	 36.49	 13.66	 17.57	 36.19	 36.34	 21.62	 36.49	 13.40	  7.81		Arizona_elegans 5
						  0.00	  4.52	 34.49	 34.89	 34.19	 33.08	 32.83	 33.73	 35.69	 27.86	 26.44	 27.26	 34.49	 34.19	 28.16	 29.67	 28.70	 27.51	 27.11	 33.43	 30.42	 29.22	 29.37	 34.04	 31.42	 29.22	 32.98	 35.09	 34.49	 35.54	 34.04	 31.33	 27.11	 26.96	 34.34	 26.27	 30.27	 29.82	 31.93	 32.08	 34.34	 13.40	 27.41	 27.86	 28.92	 32.68	 33.43	 35.84	 35.24	 32.08	 32.68	 35.84	 31.78	 33.23	 34.64		Aspidocelis_tigris 6
							  0.00	 34.83	 35.54	 34.53	 33.73	 34.53	 34.68	 35.74	 28.38	 27.11	 27.18	 35.74	 34.53	 28.38	 30.63	 30.27	 28.33	 27.78	 34.23	 31.68	 29.28	 30.03	 34.23	 32.38	 30.78	 33.78	 35.29	 34.38	 35.14	 34.98	 31.98	 27.18	 26.73	 34.98	 27.33	 29.73	 29.88	 32.43	 32.73	 33.93	 13.81	 28.38	 28.38	 30.03	 34.23	 33.63	 36.19	 35.44	 32.43	 34.23	 36.49	 31.83	 33.28	 35.74		Aspidoscelis_marmoratus 7
								  0.00	 20.63	 13.21	 20.18	 36.64	 21.47	 13.06	 33.78	 32.38	 32.28	 14.86	 19.07	 33.93	 34.68	 34.79	 33.48	 32.13	 19.97	 36.19	 33.63	 33.33	 18.77	 32.38	 33.18	 20.57	 22.37	 18.77	 18.92	 36.94	 31.83	 33.48	 32.43	 20.27	 31.78	 33.33	 33.33	 37.69	 11.26	 18.77	 34.83	 32.73	 32.73	 33.18	 36.04	 36.19	 20.42	 20.42	 35.59	 35.59	 16.52	 34.68	 19.28	 21.17		Azemiops_feae 8
									  0.00	 19.73	 19.49	 34.04	 19.73	 19.73	 36.14	 34.44	 34.79	 20.03	 14.61	 34.64	 35.99	 34.29	 32.98	 33.89	 16.27	 37.35	 34.49	 35.39	 19.43	 33.38	 35.39	 20.78	 20.48	 17.32	 18.98	 37.95	 32.23	 33.43	 33.73	 16.72	 33.19	 35.39	 35.54	 35.54	 19.43	 16.87	 36.30	 34.04	 34.04	 34.04	 37.20	 37.05	 17.62	 17.92	 35.09	 34.94	 23.19	 36.45	 14.61	 16.57		Boaedon_fuliginosus 9
										  0.00	 18.67	 35.44	 20.12	 11.71	 33.93	 33.58	 32.58	 14.26	 17.42	 35.74	 36.34	 33.73	 35.00	 32.43	 18.47	 36.79	 35.29	 35.59	 18.77	 33.43	 34.23	 18.32	 21.77	 18.02	 18.02	 37.84	 32.13	 33.63	 33.78	 18.47	 33.05	 33.78	 33.63	 36.19	 10.66	 18.17	 34.38	 34.23	 34.08	 35.74	 35.29	 37.39	 18.17	 20.12	 34.98	 36.19	 16.37	 34.83	 17.92	 19.67		Bothrops_jararaca 10
											  0.00	 36.60	 21.08	 19.43	 33.89	 32.93	 34.04	 19.13	 15.51	 35.99	 34.49	 36.71	 32.67	 33.13	 17.32	 37.80	 34.79	 34.94	 13.86	 34.14	 34.19	 20.93	 19.28	 10.69	 12.65	 35.69	 33.43	 34.64	 33.58	 16.72	 32.98	 35.24	 35.24	 35.99	 18.37	 15.66	 33.89	 34.04	 33.89	 35.09	 38.10	 38.25	 17.32	 16.87	 36.14	 35.69	 19.88	 36.90	 16.92	 17.17		Bungarus_multicintus 11
												  0.00	 34.83	 37.39	 34.53	 34.64	 34.53	 36.04	 35.74	 35.44	 34.23	 36.30	 32.27	 33.18	 33.93	 35.29	 34.53	 34.68	 36.79	 34.94	 34.08	 34.83	 36.64	 37.09	 37.39	 36.79	 27.03	 34.98	 34.38	 34.68	 29.24	 35.89	 35.14	 28.98	 35.59	 34.98	 34.23	 34.98	 35.59	 35.74	 35.44	 38.14	 35.74	 35.29	 32.88	 31.83	 37.39	 37.39	 36.30	 34.68		Calotes_versicolor 12
													  0.00	 19.82	 33.18	 31.48	 31.53	 21.32	 20.27	 34.53	 34.23	 34.19	 29.85	 31.23	 19.67	 36.04	 33.48	 33.18	 20.12	 33.13	 32.13	 12.91	 21.92	 19.67	 19.67	 35.74	 34.38	 32.28	 30.48	 21.47	 31.36	 33.48	 33.03	 34.68	 20.87	 20.12	 35.74	 31.23	 31.23	 32.43	 35.74	 36.49	 21.77	 20.12	 34.98	 33.33	 23.12	 34.98	 17.77	 21.77		Charina_bottae 13
														  0.00	 33.18	 32.68	 32.13	 14.41	 17.27	 34.98	 34.53	 32.68	 34.39	 32.43	 17.42	 34.83	 33.78	 33.78	 17.87	 32.83	 34.23	 20.57	 19.67	 17.72	 16.07	 36.64	 34.23	 33.48	 32.88	 18.02	 32.63	 32.58	 33.18	 37.09	  9.16	 17.42	 35.59	 33.63	 33.03	 33.78	 35.74	 36.19	 18.32	 18.02	 34.98	 35.59	 15.47	 34.68	 17.02	 18.92		Crotalus_tigris 14
															  0.00	 22.59	 22.37	 35.14	 35.14	 25.83	 28.38	 29.22	 24.09	 23.12	 35.89	 29.13	 27.93	 27.63	 35.59	 30.57	 17.42	 34.68	 36.04	 34.23	 34.08	 30.33	 32.73	 22.82	 22.37	 35.89	 16.10	 28.08	 27.78	 31.53	 32.58	 34.68	 29.58	 22.67	 21.32	 28.53	 28.23	 31.08	 35.74	 35.74	 30.63	 29.73	 36.34	 29.58	 33.73	 36.49		Cryptoblepharus_egeriae 15
																  0.00	 10.54	 34.34	 34.94	 25.15	 25.15	 29.61	 22.19	  9.49	 32.68	 27.56	 23.80	 24.10	 34.04	 29.46	 21.08	 32.08	 36.14	 33.13	 32.83	 31.33	 32.23	 14.46	 14.01	 34.49	 19.36	 24.10	 24.10	 32.08	 31.48	 32.53	 27.26	 15.66	 14.91	 23.49	 28.46	 33.43	 34.79	 34.79	 28.01	 27.71	 35.54	 27.11	 32.93	 35.09		Ctenosaura_bakeri 16
																	  0.00	 33.33	 35.59	 25.08	 25.83	 30.27	 22.73	  9.91	 33.93	 26.73	 22.52	 23.12	 35.14	 30.27	 20.72	 33.18	 36.19	 33.33	 33.48	 31.83	 31.98	 15.17	 15.17	 34.08	 19.70	 23.72	 24.02	 30.93	 32.13	 32.88	 27.33	 16.67	 15.92	 23.27	 27.93	 34.08	 34.83	 35.14	 28.53	 28.98	 35.14	 24.32	 33.43	 35.44		Cyclura_pinguis 17
																		  0.00	 17.72	 34.68	 34.23	 35.54	 33.64	 33.63	 19.52	 37.69	 34.98	 34.68	 19.07	 33.73	 34.38	 21.02	 21.02	 18.17	 18.92	 36.04	 33.03	 33.78	 33.48	 19.67	 33.90	 35.44	 34.98	 37.39	 14.41	 18.32	 35.14	 33.78	 33.18	 33.33	 36.49	 36.94	 18.77	 20.27	 35.14	 35.89	 11.86	 36.04	 18.67	 20.42		Daboia_siamensis 18
																			  0.00	 32.88	 35.74	 34.04	 33.64	 33.63	 12.31	 36.34	 35.14	 35.29	 17.12	 32.38	 34.38	 19.37	 16.97	 14.56	 15.62	 37.84	 34.98	 33.78	 33.18	 12.76	 33.26	 34.83	 34.83	 37.39	 17.42	 12.61	 34.08	 32.73	 31.83	 33.33	 36.19	 37.84	 10.06	 15.32	 35.74	 36.49	 21.02	 36.04	 12.20	 12.46		Diadophis_punctatus 19
																				  0.00	 29.13	 32.23	 26.52	 25.38	 34.68	 30.48	 27.63	 27.63	 34.98	 32.08	 26.28	 35.14	 35.44	 35.59	 35.29	 33.18	 31.98	 26.13	 24.02	 35.74	 22.25	 27.93	 28.23	 33.18	 34.08	 34.23	 29.43	 24.62	 24.62	 23.72	 30.18	 33.63	 35.44	 35.29	 30.18	 30.63	 37.69	 30.48	 34.04	 36.34		Elgaria_multicarinata 20
																					  0.00	 28.61	 27.73	 24.92	 34.38	 29.88	 29.13	 29.28	 36.94	 27.41	 28.23	 33.78	 35.89	 35.14	 34.08	 29.73	 31.98	 26.73	 26.58	 34.98	 25.00	 29.88	 29.13	 33.33	 33.33	 33.63	 31.53	 26.73	 26.43	 28.08	 29.13	 35.44	 36.34	 35.59	 31.23	 29.73	 36.34	 31.38	 34.34	 36.19		Eublepharis_macularius 21
																						  0.00	 29.94	 28.61	 33.58	 31.02	 30.27	 30.57	 35.09	 17.32	 30.57	 34.94	 36.14	 34.34	 35.24	 27.41	 36.45	 28.77	 29.37	 34.64	 27.66	 30.87	 30.72	 34.79	 32.53	 33.43	 32.23	 28.31	 28.61	 32.23	 25.15	 36.60	 35.54	 35.84	 36.14	 34.94	 37.80	 33.43	 32.93	 34.34		Gekko_japonicus 22
																							  0.00	 23.33	 32.27	 28.79	 25.76	 25.15	 33.33	 28.57	 23.03	 31.67	 34.85	 32.27	 32.27	 31.67	 29.85	 23.79	 22.73	 35.30	 19.23	 27.58	 28.33	 30.91	 33.18	 32.27	 28.79	 23.18	 22.58	 25.91	 29.85	 31.06	 35.45	 33.79	 28.33	 27.58	 35.45	 29.70	 32.22	 35.91		Hemicordylus_capensis 23
																								  0.00	 33.18	 26.43	 22.67	 23.72	 34.23	 28.61	 21.92	 32.28	 34.53	 33.18	 32.43	 30.63	 31.53	 15.02	 15.17	 34.53	 19.07	 24.32	 24.47	 31.98	 30.63	 32.13	 26.73	 15.17	 15.32	 23.87	 27.33	 33.93	 34.38	 33.33	 27.93	 27.63	 35.44	 25.53	 32.83	 34.98		Iguana_delicatissima 24
																									  0.00	 35.89	 34.08	 34.23	 17.57	 32.68	 33.78	 19.82	 19.07	 15.62	 16.22	 37.69	 33.63	 32.73	 33.33	 13.51	 32.63	 35.14	 35.14	 36.64	 17.27	 13.51	 35.44	 32.58	 32.58	 33.33	 36.34	 37.39	 14.86	 15.17	 35.14	 35.59	 20.87	 37.09	 13.86	 13.36		Imantodes_cenchoa 25
																										  0.00	 15.02	 15.17	 38.59	 30.87	 28.08	 35.44	 37.84	 37.69	 37.24	 32.88	 35.44	 26.43	 27.03	 35.29	 25.85	 18.47	 18.17	 33.33	 35.44	 37.24	 31.83	 26.73	 27.03	 30.78	 30.18	 37.09	 37.09	 36.79	 32.88	 31.98	 39.19	 19.82	 34.94	 36.19		Lacerta_agilis 26
																											  0.00	  2.70	 34.98	 29.97	 26.13	 31.98	 34.98	 34.23	 34.68	 31.98	 34.08	 24.17	 24.47	 33.93	 24.79	 14.86	 14.71	 33.48	 33.48	 35.74	 29.88	 24.02	 24.17	 26.43	 28.53	 36.34	 34.68	 34.23	 29.43	 29.28	 36.79	 16.52	 33.13	 34.08		Lacerta_bilineata 27
																												  0.00	 35.44	 30.57	 25.68	 32.58	 35.44	 33.93	 34.38	 32.28	 34.53	 24.77	 24.17	 34.23	 24.58	 15.47	 15.32	 34.08	 33.78	 36.34	 30.78	 24.32	 24.47	 26.88	 29.28	 36.49	 35.14	 34.83	 30.33	 29.73	 36.94	 17.12	 33.58	 34.38		Lacerta_viridis 28
																													  0.00	 34.94	 34.83	 20.42	 18.92	 13.21	 12.76	 37.09	 34.38	 34.68	 34.53	 19.22	 34.32	 36.04	 35.44	 36.79	 17.72	 18.17	 35.89	 33.78	 33.48	 35.59	 36.79	 37.69	 16.22	 16.82	 36.04	 36.49	 21.02	 36.64	 17.77	 18.32		Laticauda_colubrina 29
																														  0.00	 29.82	 33.58	 35.69	 33.28	 33.89	 24.10	 34.64	 29.82	 28.92	 34.19	 26.81	 29.67	 29.67	 34.94	 32.23	 32.08	 34.04	 28.16	 28.92	 31.48	 25.15	 33.58	 33.58	 34.04	 34.34	 33.43	 36.30	 31.48	 30.97	 33.13		Lepidodactylus_listeri 30
																															  0.00	 32.88	 35.74	 34.83	 34.23	 31.98	 32.73	 21.32	 21.47	 34.83	 12.29	 26.13	 26.13	 31.53	 32.88	 33.93	 30.33	 21.62	 20.72	 25.68	 29.58	 33.63	 34.83	 34.38	 28.53	 28.23	 36.19	 26.88	 33.43	 34.53		Lerista_edwardsae 31
																																  0.00	 22.97	 19.52	 20.42	 37.39	 33.93	 32.88	 31.83	 20.27	 33.26	 32.88	 31.68	 35.74	 19.97	 19.97	 35.29	 31.98	 32.13	 32.13	 36.64	 36.49	 20.42	 19.52	 33.18	 33.33	 23.12	 34.98	 18.37	 20.57		Morelia_viridis 32
																																	  0.00	 16.52	 18.02	 37.84	 35.89	 35.59	 36.04	 18.02	 34.53	 35.44	 36.04	 36.94	 19.82	 17.72	 36.34	 35.14	 35.44	 34.23	 38.89	 38.59	 17.87	 19.52	 36.64	 37.99	 24.17	 37.69	 17.47	 18.62		Myanophis_thanlyinensis 33
																																		  0.00	  8.71	 36.64	 34.38	 33.48	 32.88	 15.77	 34.11	 34.68	 34.23	 36.64	 17.42	 15.02	 36.19	 32.88	 32.88	 34.53	 36.64	 37.69	 16.37	 15.47	 35.14	 35.14	 21.32	 36.19	 14.76	 16.67		Naja_naja 34
																																			  0.00	 36.64	 33.93	 34.83	 33.48	 15.77	 32.63	 33.93	 33.78	 37.99	 15.92	 15.62	 37.09	 32.73	 32.28	 34.68	 35.74	 37.09	 17.12	 15.47	 36.04	 35.74	 20.57	 35.74	 16.72	 17.12		Ophiophagus_hannah 35
																																				  0.00	 36.79	 32.58	 31.83	 36.34	 31.14	 30.78	 30.78	 37.54	 35.29	 35.89	 35.29	 31.53	 31.68	 33.93	 27.03	 35.59	 39.04	 36.64	 35.89	 33.93	 38.89	 34.08	 34.49	 37.69		Paroedura_picta 36
																																					  0.00	 33.78	 33.78	 32.28	 28.18	 33.93	 34.38	 26.73	 31.38	 31.38	 33.93	 32.28	 33.03	 33.63	 36.34	 35.14	 35.74	 34.23	 33.63	 34.08	 34.38	 34.08	 31.93	 32.43		Phrynocephalus_versicolor 37
																																						  0.00	  6.91	 34.23	 21.19	 24.47	 24.77	 32.58	 32.58	 31.38	 28.08	 12.61	 12.31	 25.23	 28.08	 33.63	 34.68	 33.63	 28.98	 29.28	 35.44	 25.68	 32.68	 34.68		Phrynosoma_blainvillii 38
																																							  0.00	 34.08	 18.43	 25.08	 24.92	 32.73	 32.58	 31.08	 27.33	 12.91	 12.31	 24.92	 27.33	 33.18	 34.83	 33.48	 30.03	 28.53	 36.04	 26.43	 32.53	 34.38		Phrynosoma_platyrhinos 39
																																								  0.00	 32.84	 33.33	 33.03	 36.19	 18.47	 10.96	 35.29	 34.83	 33.33	 34.83	 38.29	 37.24	 13.51	 16.37	 35.14	 34.98	 22.07	 34.53	 14.31	  5.71		Pituophis_catenifer 40
																																									  0.00	 23.94	 23.94	 27.75	 31.36	 33.05	 29.66	 19.70	 18.86	 25.00	 25.64	 31.99	 34.75	 35.17	 29.24	 27.97	 36.23	 26.06	 31.91	 33.26		Plestiodon_gilberti 41
																																										  0.00	  4.95	 34.68	 32.73	 34.23	 30.33	 25.23	 24.77	 29.13	 28.83	 36.79	 36.19	 35.89	 32.28	 32.58	 37.09	 16.22	 32.38	 34.53		Podarci_raffonei 42
																																											  0.00	 34.38	 33.03	 33.78	 30.93	 25.68	 25.08	 29.73	 29.43	 35.44	 35.74	 35.44	 31.83	 31.98	 37.24	 17.27	 32.98	 34.08		Podarcis_muralis 43
																																												  0.00	 35.89	 34.53	 32.13	 32.28	 32.43	 33.93	 36.64	 39.64	 37.84	 38.89	 33.18	 31.83	 38.59	 35.29	 35.09	 36.04		Pogona_vitticeps 44
																																													  0.00	 17.42	 33.33	 32.13	 32.73	 32.13	 34.53	 37.09	 19.37	 18.77	 34.98	 34.98	 15.32	 34.38	 18.52	 18.92		Protobothrops_mucrosquamatus 45
																																														  0.00	 34.23	 31.68	 31.53	 33.63	 35.89	 36.04	 13.81	 17.27	 35.59	 35.29	 21.17	 35.44	 14.61	 10.96		Ptyas_mucosa 46
																																															  0.00	 28.23	 28.38	 29.73	 33.78	 35.14	 35.29	 35.89	 33.93	 34.38	 36.04	 30.93	 34.34	 36.49		Salvator_merianae 47
																																																  0.00	  4.65	 25.98	 26.73	 34.68	 34.08	 33.33	 28.68	 28.68	 36.19	 27.03	 32.53	 34.83		Sceloporus_occidentalis 48
																																																	  0.00	 25.83	 27.18	 33.93	 33.78	 33.63	 28.38	 28.53	 34.98	 27.18	 31.48	 34.08		Sceloporus_tristichus 49
																																																		  0.00	 30.48	 33.78	 33.78	 33.03	 28.53	 28.98	 35.74	 28.53	 33.89	 35.29		Shinisaurus_crocodilurus 50
																																																			  0.00	 37.09	 37.39	 38.29	 34.53	 34.98	 38.74	 31.83	 35.84	 37.99		Sphaerodactylus_townsendi 51
																																																				  0.00	 38.59	 37.99	 37.69	 37.84	 38.74	 38.74	 36.90	 37.39		Sphenodon_punctatus 52
																																																					  0.00	 15.17	 36.79	 36.94	 21.32	 35.14	 13.55	 12.91		Thermophis_baileyi 53
																																																						  0.00	 36.79	 35.89	 22.22	 36.49	 16.27	 17.12		Tropidonophis_doriae 54
																																																							  0.00	 13.36	 36.64	 33.03	 34.49	 36.04		Varanus_komodoensis 55
																																																								  0.00	 38.14	 33.18	 34.79	 36.19		Varanus_salvator 56
																																																									  0.00	 38.14	 20.18	 22.97		Vipera_latastei 57
																																																										  0.00	 34.64	 35.29		Zootaca_vivipara 58
																																																											  0.00	 14.01		Thamnophis_elegans 59
																																																												  0.00		Pantherophis_guttatus 60
