Distance Matrix
---------------

Uncorrected for Multiple Substitutions
Using base positions 12 in the codon
Gap weighting is 0.000000

	    1	    2	    3	    4	    5	    6	    7	    8	    9	    10	    11	    12	    13	    14	    15	    16	    17	    18	    19	    20	    21	    22	    23	    24	    25	    26	    27	    28	    29	    30	    31	    32	    33	    34	    35	    36	    37	    38	    39	    40	    41	    42	    43	    44	    45	    46	    47	    48	    49	    50	    51	    52	    53	    54	    55	    56	    57	    58	    59	    60
	  0.00	 44.61	 48.36	 48.96	 29.81	 47.83	 46.89	 30.72	 31.40	 29.82	 30.50	 51.42	 18.13	 31.33	 48.66	 46.87	 46.27	 33.54	 28.96	 45.78	 48.96	 47.46	 46.87	 45.67	 30.12	 48.64	 47.73	 48.04	 29.01	 52.42	 49.25	 11.48	 31.33	 29.01	 28.09	 50.45	 51.27	 47.46	 47.16	 28.66	 45.97	 47.43	 46.83	 49.22	 28.10	 28.35	 47.22	 47.76	 47.16	 47.46	 48.36	 49.25	 28.40	 26.83	 48.66	 46.57	 17.86	 48.64	 30.18	 28.35		Python_bivittatus 1
		  0.00	 41.76	 39.41	 40.81	 41.05	 41.67	 43.07	 40.67	 41.87	 43.22	 43.96	 40.91	 41.27	 41.18	 39.12	 39.41	 43.12	 41.59	 41.67	 42.26	 45.99	 40.59	 39.41	 42.30	 42.56	 41.96	 41.96	 42.41	 43.45	 38.17	 43.64	 41.39	 43.65	 41.18	 44.12	 39.49	 39.71	 40.00	 42.81	 40.29	 40.48	 40.18	 44.17	 40.48	 40.67	 42.02	 38.82	 39.71	 42.94	 39.71	 41.76	 41.80	 41.28	 43.24	 41.18	 30.36	 41.07	 41.59	 41.28		Anilios_bituberculatus 2
			  0.00	 16.18	 45.34	 37.65	 38.27	 48.20	 47.87	 47.60	 45.28	 37.46	 48.64	 50.00	 27.46	 21.68	 21.39	 47.87	 47.26	 31.29	 31.87	 33.43	 30.64	 20.81	 49.10	 23.68	 24.56	 25.44	 51.23	 31.55	 27.33	 48.04	 46.39	 48.15	 46.91	 39.60	 34.69	 21.10	 21.39	 46.65	 25.43	 26.02	 26.61	 37.05	 48.05	 48.17	 36.20	 21.68	 20.23	 26.01	 33.53	 32.95	 47.84	 44.51	 35.26	 32.95	 37.50	 28.65	 47.26	 46.04		Anolis_carolinensis 3
				  0.00	 45.03	 35.49	 35.49	 49.70	 48.17	 48.20	 45.28	 37.15	 47.73	 48.80	 25.43	 18.21	 19.08	 49.70	 46.34	 30.12	 27.49	 29.88	 30.06	 20.23	 48.19	 22.51	 23.98	 23.98	 49.69	 27.68	 25.58	 47.43	 46.08	 48.46	 46.60	 37.28	 32.50	 18.79	 19.65	 47.26	 23.99	 24.85	 25.15	 35.54	 48.05	 46.95	 35.89	 19.08	 18.50	 24.86	 29.19	 32.37	 45.68	 46.04	 35.26	 32.37	 39.29	 27.49	 45.73	 46.34		Anolis_sagrei 4
					  0.00	 43.69	 43.37	 22.98	 20.19	 23.29	 15.82	 48.86	 26.09	 24.22	 46.27	 42.86	 43.17	 23.91	 16.46	 43.17	 42.86	 44.41	 45.03	 41.61	 17.39	 40.25	 41.82	 42.14	 22.33	 50.16	 44.06	 29.50	 20.19	 18.87	 16.67	 48.76	 46.51	 43.48	 42.24	 10.25	 43.17	 42.14	 42.14	 45.78	 23.36	  9.63	 45.02	 43.79	 43.48	 45.34	 45.34	 47.83	 12.70	 17.39	 46.89	 47.20	  8.93	 44.97	 15.53	  8.07		Arizona_elegans 5
						  0.00	  1.85	 51.56	 49.21	 50.00	 48.85	 42.07	 47.80	 49.06	 33.95	 31.48	 31.48	 49.52	 47.30	 38.13	 33.33	 30.25	 37.35	 31.79	 46.71	 33.44	 33.12	 34.38	 47.27	 34.38	 33.54	 47.80	 46.39	 46.62	 47.59	 39.51	 37.01	 33.33	 32.41	 48.25	 34.57	 33.75	 34.69	 37.50	 49.22	 46.03	 14.81	 33.95	 33.95	 35.49	 33.64	 40.43	 47.59	 46.03	 44.75	 40.74	 39.29	 35.62	 47.62	 45.71		Aspidocelis_tigris 6
							  0.00	 51.88	 48.89	 49.69	 48.52	 42.07	 46.86	 49.69	 33.64	 32.10	 32.10	 50.16	 47.30	 37.81	 33.64	 30.56	 36.73	 32.10	 46.08	 33.75	 33.12	 34.38	 46.95	 34.69	 33.54	 47.48	 46.08	 45.98	 47.91	 40.12	 37.34	 33.33	 33.02	 47.94	 34.57	 34.06	 34.69	 37.18	 48.90	 46.03	 14.20	 34.26	 34.26	 35.80	 33.64	 40.12	 45.98	 45.08	 44.75	 40.43	 39.29	 35.31	 48.25	 45.40		Aspidoscelis_marmoratus 7
								  0.00	 27.74	 14.97	 24.21	 52.70	 29.57	 15.27	 48.50	 50.60	 50.60	 20.12	 25.91	 49.70	 48.50	 50.15	 47.31	 49.10	 22.89	 47.27	 47.58	 47.58	 26.85	 50.30	 45.78	 28.66	 25.30	 23.46	 23.77	 50.90	 50.00	 47.90	 47.01	 23.17	 47.31	 48.48	 47.88	 51.56	 14.11	 21.65	 51.24	 49.10	 50.00	 47.31	 47.60	 51.50	 25.62	 22.26	 48.50	 46.71	  3.57	 50.61	 22.56	 23.48		Azemiops_feae 8
									  0.00	 26.83	 20.44	 50.16	 28.05	 28.05	 47.87	 47.87	 49.09	 29.88	 19.82	 46.63	 46.65	 49.70	 46.34	 46.34	 19.82	 46.30	 45.68	 46.30	 24.69	 51.38	 47.55	 30.79	 23.17	 20.63	 19.06	 49.39	 50.16	 47.56	 48.17	 19.44	 47.26	 46.91	 47.22	 50.32	 25.38	 21.60	 49.53	 51.22	 50.00	 51.52	 45.73	 48.48	 18.12	 18.60	 48.17	 49.70	 10.71	 48.77	 15.24	 18.83		Boaedon_fuliginosus 9
										  0.00	 23.58	 48.89	 27.44	 12.57	 47.31	 48.50	 48.80	 20.12	 23.48	 48.80	 47.31	 48.95	 46.71	 46.71	 21.99	 46.97	 48.18	 48.18	 26.54	 50.00	 45.18	 28.66	 22.29	 23.15	 23.15	 48.50	 48.08	 47.60	 47.01	 25.00	 46.11	 47.88	 47.27	 47.50	 11.71	 22.26	 48.45	 47.01	 47.90	 46.41	 45.81	 48.50	 22.84	 23.17	 47.60	 46.71	  3.57	 51.82	 21.65	 22.87		Bothrops_jararaca 10
											  0.00	 53.47	 27.99	 24.53	 47.80	 46.54	 47.80	 28.30	 18.55	 47.47	 45.28	 45.91	 46.23	 44.97	 16.98	 43.31	 44.59	 45.22	 22.64	 52.05	 46.37	 30.82	 21.70	 16.98	 15.72	 48.43	 48.50	 46.86	 46.23	 17.30	 45.91	 44.27	 44.27	 49.34	 22.71	 17.92	 47.56	 48.74	 48.43	 48.43	 44.97	 50.00	 16.61	 17.61	 47.48	 47.17	  5.36	 46.82	 16.67	 17.61		Bungarus_multicintus 11
												  0.00	 51.27	 50.16	 36.53	 33.75	 31.89	 50.16	 49.84	 35.42	 37.62	 39.38	 38.08	 32.51	 49.68	 36.05	 34.80	 35.42	 50.33	 39.75	 34.58	 51.27	 48.41	 50.00	 49.35	 44.58	 28.67	 35.91	 35.29	 50.00	 35.91	 34.17	 34.80	 27.73	 50.96	 50.00	 42.07	 34.37	 33.44	 36.53	 38.70	 38.08	 48.37	 48.88	 43.96	 42.11	 33.93	 36.36	 50.16	 48.71		Calotes_versicolor 12
													  0.00	 29.88	 49.24	 48.34	 47.43	 29.88	 27.13	 46.34	 48.64	 47.73	 48.04	 46.53	 28.66	 47.71	 46.18	 46.79	 27.19	 50.61	 48.02	 19.03	 28.96	 27.81	 26.56	 51.06	 50.97	 47.73	 46.83	 29.32	 47.13	 46.48	 47.09	 48.90	 27.83	 27.47	 47.19	 48.34	 46.53	 47.73	 46.22	 50.45	 26.56	 27.13	 49.85	 46.53	 12.50	 48.93	 25.00	 26.23		Charina_bottae 13
														  0.00	 48.80	 48.80	 48.50	 19.82	 23.17	 50.00	 46.11	 48.95	 48.20	 47.60	 21.69	 46.97	 48.48	 47.88	 24.69	 50.00	 46.69	 31.10	 21.39	 24.38	 24.07	 49.40	 48.40	 49.10	 48.20	 25.00	 49.10	 47.88	 47.27	 49.06	 11.11	 22.26	 48.76	 49.70	 49.40	 47.60	 46.71	 52.10	 22.84	 22.87	 47.90	 48.20	  0.00	 51.82	 21.95	 24.09		Crotalus_tigris 14
															  0.00	 21.39	 21.68	 49.09	 45.12	 33.04	 28.36	 26.63	 30.64	 21.97	 45.48	 25.15	 24.56	 25.44	 46.30	 26.49	 16.57	 48.34	 45.78	 45.99	 46.91	 37.86	 31.88	 21.10	 22.25	 48.17	 16.18	 24.27	 25.15	 35.84	 48.05	 48.48	 34.05	 22.25	 23.70	 22.83	 26.59	 30.06	 45.99	 45.12	 35.26	 35.26	 35.71	 30.41	 45.12	 45.43		Cryptoblepharus_egeriae 15
																  0.00	  6.65	 49.70	 45.12	 25.15	 25.44	 27.22	 25.43	  7.51	 45.78	 21.05	 19.30	 20.47	 47.84	 24.11	 18.31	 47.43	 44.88	 45.37	 46.30	 34.97	 31.88	 12.43	 13.87	 45.73	 17.34	 21.35	 21.93	 29.82	 49.55	 44.51	 34.66	 14.45	 14.16	 19.36	 26.59	 27.75	 45.06	 45.12	 34.39	 32.66	 37.50	 25.15	 46.65	 43.60		Ctenosaura_bakeri 16
																	  0.00	 48.48	 45.73	 26.32	 26.32	 26.92	 27.17	  7.51	 47.59	 20.76	 19.88	 21.05	 47.84	 25.30	 18.60	 47.73	 44.58	 46.30	 45.99	 36.71	 32.19	 13.01	 13.87	 46.65	 18.79	 21.93	 21.93	 29.22	 49.85	 45.73	 33.74	 15.32	 14.74	 20.81	 26.59	 28.03	 45.37	 45.43	 34.39	 32.66	 35.71	 23.68	 46.34	 44.51		Cyclura_pinguis 17
																		  0.00	 27.74	 49.69	 47.87	 49.39	 48.17	 48.78	 26.52	 48.15	 46.60	 46.60	 27.50	 49.24	 48.16	 32.93	 26.83	 25.94	 25.00	 52.13	 48.86	 49.39	 48.17	 25.31	 47.56	 46.91	 45.68	 49.68	 19.88	 22.53	 48.26	 50.30	 50.00	 46.65	 48.78	 51.83	 25.31	 25.91	 49.09	 46.04	  1.79	 50.93	 25.61	 23.15		Daboia_siamensis 18
																			  0.00	 44.79	 44.51	 46.34	 45.73	 43.60	 13.11	 45.06	 44.75	 44.44	 21.88	 49.24	 47.24	 27.44	 20.12	 19.69	 19.06	 48.17	 48.86	 44.82	 44.82	 16.98	 45.12	 45.37	 45.68	 45.54	 23.85	 17.90	 45.74	 46.95	 46.04	 48.17	 42.99	 49.09	 12.50	 17.99	 48.17	 47.56	 10.71	 46.91	 12.80	 15.74		Diadophis_punctatus 19
																				  0.00	 31.07	 33.23	 33.63	 26.90	 45.15	 26.63	 26.63	 27.22	 48.14	 32.53	 30.29	 45.73	 45.76	 47.52	 45.03	 42.11	 35.13	 26.02	 26.61	 46.63	 26.02	 27.22	 27.81	 34.15	 49.85	 46.63	 38.82	 29.24	 28.65	 28.65	 33.33	 31.58	 43.79	 46.01	 39.77	 35.09	 37.50	 26.92	 47.24	 44.48		Elgaria_multicarinata 20
																					  0.00	 29.08	 31.29	 24.85	 44.58	 28.99	 29.29	 29.59	 45.68	 30.12	 27.94	 48.64	 43.98	 46.60	 45.06	 39.47	 30.62	 23.98	 23.39	 44.21	 26.61	 29.59	 29.29	 32.93	 49.55	 42.68	 35.58	 25.15	 26.32	 29.82	 29.82	 31.58	 43.52	 43.90	 35.67	 33.92	 37.50	 30.47	 42.68	 42.68		Eublepharis_macularius 21
																						  0.00	 29.29	 26.92	 45.48	 28.14	 28.74	 30.24	 45.99	 20.72	 29.46	 47.73	 46.99	 47.84	 46.60	 31.66	 34.29	 28.11	 29.59	 47.56	 26.33	 26.95	 28.14	 33.33	 50.30	 45.73	 33.13	 28.70	 27.81	 29.29	 26.04	 31.36	 47.53	 45.43	 40.24	 37.28	 42.86	 31.14	 46.34	 46.34		Gekko_japonicus 22
																							  0.00	 24.86	 44.58	 28.36	 28.07	 28.65	 45.06	 31.85	 29.07	 46.22	 45.78	 45.37	 45.99	 37.28	 33.75	 26.30	 27.46	 46.95	 26.59	 28.95	 29.53	 34.64	 48.65	 45.43	 36.20	 28.32	 28.03	 32.37	 31.21	 30.92	 45.68	 44.21	 37.28	 36.99	 37.50	 29.53	 46.95	 45.43		Hemicordylus_capensis 23
																								  0.00	 44.28	 20.76	 18.71	 19.59	 46.60	 26.19	 17.73	 45.32	 42.47	 44.14	 44.44	 35.26	 30.00	 12.43	 13.29	 44.21	 17.34	 21.93	 21.93	 28.92	 48.05	 43.29	 31.90	 15.32	 14.45	 21.10	 26.01	 27.17	 44.14	 43.29	 33.53	 32.37	 35.71	 22.51	 44.21	 42.38		Iguana_delicatissima 24
																									  0.00	 46.34	 45.43	 46.04	 19.75	 48.93	 47.27	 27.74	 18.98	 18.21	 15.43	 48.19	 45.98	 45.48	 46.08	 17.38	 46.69	 45.12	 45.43	 47.17	 22.36	 15.55	 46.42	 47.89	 46.99	 48.80	 45.48	 48.49	 12.65	 16.46	 50.00	 49.40	 10.71	 48.17	 14.63	 15.24		Imantodes_cenchoa 25
																										  0.00	  5.85	  6.73	 46.56	 31.63	 22.94	 47.40	 43.90	 45.31	 44.69	 36.26	 34.18	 19.01	 20.76	 45.68	 21.35	 10.23	 10.82	 34.45	 46.81	 44.75	 34.16	 20.76	 20.76	 25.15	 26.90	 31.58	 43.44	 44.75	 33.63	 33.63	 37.50	 14.33	 43.52	 43.83		Lacerta_agilis 26
																											  0.00	  2.05	 46.56	 30.72	 22.06	 46.48	 42.38	 44.06	 44.06	 37.72	 33.86	 17.84	 19.88	 45.06	 21.05	  9.65	 10.23	 32.93	 48.02	 44.44	 33.54	 20.76	 20.76	 24.85	 26.02	 30.99	 43.44	 44.75	 34.50	 33.33	 37.50	 16.08	 45.37	 43.52		Lacerta_bilineata 27
																												  0.00	 46.56	 32.23	 21.47	 46.79	 42.99	 44.38	 44.69	 38.30	 34.49	 19.01	 20.76	 45.68	 21.35	 10.23	 10.82	 33.84	 48.63	 44.75	 34.47	 21.64	 22.22	 25.44	 26.90	 31.87	 43.75	 45.37	 34.80	 34.21	 37.50	 16.96	 45.06	 44.44		Lacerta_viridis 28
																													  0.00	 52.04	 46.44	 31.25	 27.47	 18.21	 16.67	 50.93	 48.21	 48.15	 48.15	 22.53	 45.68	 47.19	 46.88	 48.06	 26.01	 19.75	 49.20	 49.69	 48.77	 49.38	 45.06	 48.77	 17.67	 20.00	 52.47	 51.85	 10.71	 46.25	 20.63	 21.91		Laticauda_colubrina 29
																														  0.00	 27.54	 48.79	 47.09	 51.72	 52.04	 36.01	 31.61	 25.60	 28.27	 51.08	 27.98	 31.63	 32.83	 34.78	 50.76	 50.46	 34.78	 27.68	 28.87	 27.68	 25.60	 33.33	 49.22	 50.15	 36.31	 35.12	 39.29	 32.83	 48.01	 48.92		Lepidodactylus_listeri 30
																															  0.00	 48.63	 44.55	 45.20	 47.06	 39.83	 29.69	 20.06	 20.35	 46.63	 12.50	 22.06	 22.35	 30.61	 46.53	 46.01	 33.33	 20.06	 20.93	 23.55	 24.71	 28.20	 45.65	 46.63	 38.08	 34.01	 35.71	 27.06	 45.71	 43.87		Lerista_edwardsae 31
																																  0.00	 28.66	 29.69	 28.12	 50.15	 51.29	 46.83	 45.92	 29.32	 46.22	 47.40	 47.71	 47.63	 28.75	 27.47	 45.94	 46.22	 46.22	 46.83	 47.43	 47.73	 27.50	 28.96	 47.43	 46.83	 19.64	 47.40	 28.96	 28.09		Morelia_viridis 32
																																	  0.00	 23.15	 23.46	 49.40	 45.66	 43.98	 44.28	 20.43	 45.48	 43.60	 43.90	 44.03	 22.05	 20.43	 44.55	 45.48	 45.18	 45.18	 45.78	 44.88	 20.37	 20.12	 46.39	 47.29	  3.57	 47.26	 19.51	 18.90		Myanophis_thanlyinensis 33
																																		  0.00	 12.35	 49.69	 49.51	 45.99	 45.99	 20.06	 44.44	 43.75	 43.75	 48.71	 22.60	 19.14	 46.96	 46.91	 46.60	 49.07	 43.52	 50.31	 15.14	 15.94	 49.38	 50.31	 10.71	 46.88	 17.19	 17.59		Naja_naja 34
																																			  0.00	 49.07	 47.88	 46.60	 45.68	 17.59	 45.99	 42.50	 42.81	 48.71	 24.46	 17.28	 46.33	 47.53	 46.91	 48.77	 46.30	 49.69	 14.51	 17.81	 47.84	 48.77	  8.93	 47.19	 16.87	 16.05		Ophiophagus_hannah 35
																																				  0.00	 41.88	 36.13	 38.15	 51.22	 38.15	 37.72	 39.18	 42.17	 48.35	 49.39	 39.26	 35.55	 37.57	 41.33	 36.71	 40.17	 48.77	 48.17	 44.51	 44.51	 41.07	 39.77	 49.09	 49.39		Paroedura_picta 36
																																					  0.00	 32.50	 30.94	 48.53	 29.69	 33.86	 33.86	 28.48	 49.52	 46.91	 37.34	 32.81	 30.62	 30.62	 33.12	 34.06	 47.52	 45.93	 40.00	 38.75	 37.50	 34.18	 46.91	 47.23		Phrynocephalus_versicolor 37
																																						  0.00	  6.07	 46.04	 18.79	 20.47	 21.64	 31.33	 48.35	 46.34	 34.97	 14.16	 13.29	 21.10	 24.28	 29.19	 44.75	 45.12	 34.10	 32.37	 35.71	 22.51	 45.12	 44.21		Phrynosoma_blainvillii 38
																																							  0.00	 45.73	 19.94	 21.64	 22.22	 31.33	 48.05	 46.65	 35.58	 15.61	 14.16	 20.81	 26.30	 29.48	 45.37	 45.73	 34.97	 32.08	 35.71	 23.98	 44.51	 43.90		Phrynosoma_platyrhinos 39
																																								  0.00	 46.34	 45.37	 45.37	 48.73	 24.46	 12.50	 46.69	 47.87	 47.26	 48.17	 47.26	 50.30	 15.58	 18.52	 47.56	 48.48	  8.93	 47.53	 15.43	  7.32		Pituophis_catenifer 40
																																									  0.00	 21.05	 21.05	 30.12	 48.05	 45.73	 33.44	 18.21	 19.65	 22.25	 23.99	 27.46	 45.37	 45.12	 35.84	 33.24	 37.50	 23.39	 45.73	 42.99		Plestiodon_gilberti 41
																																										  0.00	  2.34	 34.76	 48.02	 44.44	 35.09	 21.35	 20.76	 26.32	 28.65	 31.87	 44.38	 46.30	 35.96	 34.21	 37.50	 16.67	 45.37	 44.14		Podarci_raffonei 42
																																											  0.00	 33.84	 48.02	 44.44	 34.78	 22.22	 21.05	 26.90	 28.65	 32.46	 44.38	 45.68	 35.09	 33.63	 37.50	 16.37	 45.37	 44.14		Podarcis_muralis 43
																																												  0.00	 50.47	 46.50	 35.90	 32.23	 31.93	 32.83	 32.83	 37.05	 47.10	 46.82	 41.27	 39.46	 35.71	 33.54	 48.41	 46.18		Pogona_vitticeps 44
																																													  0.00	 22.94	 49.22	 48.35	 48.35	 46.85	 46.85	 51.65	 21.67	 22.63	 47.75	 46.55	  5.36	 51.98	 23.24	 22.63		Protobothrops_mucrosquamatus 45
																																														  0.00	 46.37	 46.95	 46.95	 46.95	 45.73	 46.65	 14.64	 17.90	 48.48	 47.56	  5.36	 46.91	 16.67	 11.59		Ptyas_mucosa 46
																																															  0.00	 33.74	 34.66	 36.20	 33.44	 39.57	 46.33	 45.11	 40.80	 39.88	 39.29	 35.71	 47.63	 44.79		Salvator_merianae 47
																																																  0.00	  8.67	 23.99	 28.90	 30.06	 47.53	 47.26	 35.26	 31.79	 37.50	 25.73	 46.65	 44.82		Sceloporus_occidentalis 48
																																																	  0.00	 23.12	 29.48	 29.77	 46.60	 47.26	 34.10	 31.21	 37.50	 22.22	 46.04	 44.51		Sceloporus_tristichus 49
																																																		  0.00	 30.64	 31.50	 48.77	 47.87	 36.13	 32.08	 35.71	 27.78	 47.56	 46.34		Shinisaurus_crocodilurus 50
																																																			  0.00	 33.24	 43.52	 44.51	 36.71	 35.84	 37.50	 30.70	 44.21	 46.34		Sphaerodactylus_townsendi 51
																																																				  0.00	 49.07	 45.12	 39.31	 36.71	 42.86	 33.04	 48.78	 48.17		Sphenodon_punctatus 52
																																																					  0.00	 15.62	 47.53	 48.46	  5.36	 46.56	 14.06	 12.77		Thermophis_baileyi 53
																																																						  0.00	 49.70	 50.00	  7.14	 47.84	 16.16	 16.67		Tropidonophis_doriae 54
																																																							  0.00	 14.74	 35.71	 35.67	 46.34	 49.09		Varanus_komodoensis 55
																																																								  0.00	 39.29	 34.50	 47.56	 48.78		Varanus_salvator 56
																																																									  0.00	 39.29	  7.14	  8.93		Vipera_latastei 57
																																																										  0.00	 46.91	 47.53		Zootaca_vivipara 58
																																																											  0.00	 16.05		Thamnophis_elegans 59
																																																												  0.00		Pantherophis_guttatus 60
