Distance Matrix
---------------

Uncorrected for Multiple Substitutions
Using base positions 12 in the codon
Gap weighting is 0.000000

	    1	    2	    3	    4	    5	    6	    7	    8	    9	    10	    11	    12	    13	    14	    15	    16	    17	    18	    19	    20	    21	    22	    23	    24	    25	    26	    27	    28	    29	    30	    31	    32	    33	    34	    35	    36	    37	    38	    39	    40	    41	    42	    43	    44	    45	    46	    47	    48	    49	    50	    51	    52	    53	    54	    55	    56	    57	    58	    59	    60
	  0.00	 26.00	 63.66	 64.98	 18.00	 30.67	 67.63	 17.48	 19.11	 19.69	 17.78	 66.30	 12.00	 19.91	 63.22	 63.22	 63.22	 18.89	 16.67	 63.66	 30.75	 29.20	 65.04	 63.00	 17.48	 30.53	 31.64	 31.86	 18.81	 30.00	 64.54	  7.33	 17.26	 16.15	 16.81	 35.84	 66.52	 63.66	 63.22	 17.92	 63.66	 31.86	 32.96	 65.64	 17.04	 17.70	 31.33	 61.89	 60.79	 30.09	 31.19	 64.32	 17.04	 16.67	 38.89	 62.78	 49.34	 31.42	 17.78	 17.84		Python_bivittauts 1
		  0.00	 64.44	 66.22	 27.78	 30.44	 66.07	 25.56	 26.22	 27.33	 28.00	 64.44	 28.22	 28.44	 64.22	 63.11	 62.89	 27.56	 27.78	 62.44	 34.89	 32.44	 62.89	 63.56	 29.33	 31.56	 33.56	 33.33	 27.11	 33.78	 64.00	 27.33	 24.67	 27.11	 26.89	 34.89	 67.11	 64.00	 63.78	 28.00	 63.33	 33.33	 33.33	 64.89	 26.67	 28.00	 30.44	 62.89	 63.33	 33.33	 35.33	 62.67	 26.00	 29.33	 48.89	 62.22	 53.11	 33.11	 27.56	 27.11		Anilios_bituberculatus 2
			  0.00	 11.67	 62.22	 62.89	 72.54	 64.60	 63.56	 64.38	 61.56	 28.85	 64.00	 64.82	 19.38	 15.20	 17.84	 65.11	 64.89	 19.38	 65.49	 64.16	 25.00	 16.96	 62.39	 62.17	 63.50	 63.72	 63.72	 64.89	 19.16	 63.56	 61.28	 60.84	 63.50	 64.16	 31.06	 17.62	 15.20	 63.94	 16.52	 63.27	 64.16	 29.30	 63.27	 61.50	 64.22	 16.52	 15.64	 62.61	 64.38	 28.19	 62.39	 62.89	 35.56	 23.35	 78.10	 63.94	 63.33	 62.56		Anolis_carolinensis 3
				  0.00	 62.89	 64.44	 71.65	 64.60	 62.44	 64.16	 62.00	 30.84	 65.33	 65.04	 20.93	 18.28	 20.04	 65.33	 65.11	 20.93	 66.81	 66.59	 25.88	 19.38	 62.39	 64.60	 66.59	 66.81	 63.94	 66.22	 22.47	 64.67	 61.73	 60.62	 63.27	 64.82	 32.16	 18.72	 16.74	 63.50	 19.16	 65.71	 66.15	 30.62	 64.16	 61.95	 64.67	 18.50	 18.50	 64.16	 65.93	 33.26	 63.27	 63.11	 42.22	 25.77	 78.10	 65.93	 64.67	 63.44		Anolis_sagrei 4
					  0.00	 32.89	 65.85	 13.33	 13.56	 15.78	 15.78	 63.11	 20.00	 16.67	 62.44	 61.56	 62.22	 18.22	 12.89	 61.33	 32.44	 31.56	 61.78	 62.89	 11.56	 33.56	 34.00	 34.00	 16.67	 31.78	 62.44	 18.00	 14.67	 15.11	 12.44	 35.33	 64.89	 62.00	 62.22	  8.00	 60.89	 35.78	 35.33	 64.44	 16.22	 10.44	 31.56	 60.67	 61.33	 29.78	 34.89	 64.00	 12.67	 15.33	 47.78	 62.00	 48.67	 34.00	 14.22	  6.22		Arizona_elegans 5
						  0.00	 65.62	 32.22	 34.44	 33.78	 33.56	 64.89	 34.00	 36.67	 64.44	 63.78	 62.89	 31.56	 33.78	 62.67	 29.33	 27.56	 63.11	 62.89	 33.78	 26.44	 26.67	 26.89	 34.00	 29.78	 64.22	 32.67	 32.00	 31.78	 32.89	 34.00	 66.67	 64.67	 64.89	 32.89	 62.22	 24.22	 25.78	 64.22	 31.78	 32.44	 15.11	 63.11	 62.89	 26.67	 30.22	 62.22	 33.11	 32.00	 44.44	 62.22	 59.11	 25.56	 32.22	 32.00		Aspidocelis_tigris 6
							  0.00	 65.62	 67.19	 65.18	 66.52	 70.98	 68.75	 66.96	 71.88	 71.21	 70.76	 65.18	 65.62	 70.54	 68.30	 69.42	 70.98	 71.88	 66.52	 69.42	 68.75	 68.97	 66.52	 67.41	 71.88	 67.86	 68.08	 68.30	 66.29	 69.42	 70.09	 70.76	 70.76	 66.96	 71.88	 69.87	 71.21	 70.76	 65.18	 66.07	 69.87	 69.64	 70.31	 68.97	 67.41	 71.88	 66.07	 67.19	 72.22	 72.54	 78.79	 69.42	 64.51	 65.85		Aspidoscelis_marmoratus 7
								  0.00	 16.67	 10.18	 16.44	 64.60	 20.67	  9.96	 65.04	 63.72	 64.38	 14.00	 13.56	 63.50	 31.19	 29.87	 65.93	 65.49	 14.82	 31.86	 32.74	 32.74	 17.48	 30.44	 65.71	 18.44	 15.71	 15.71	 13.05	 33.85	 65.71	 65.04	 65.04	 15.04	 64.38	 33.85	 34.07	 65.71	  8.63	 15.71	 31.11	 63.72	 63.05	 28.98	 33.85	 65.27	 13.50	 17.11	 47.78	 64.60	 44.03	 33.85	 17.11	 14.38		Azemiops_feae 8
									  0.00	 18.89	 16.44	 62.89	 21.56	 17.78	 62.89	 62.44	 62.67	 20.22	 14.00	 62.22	 33.56	 32.67	 61.56	 63.11	 13.11	 34.67	 35.11	 35.33	 16.67	 33.33	 62.89	 19.78	 17.33	 16.22	 14.00	 35.33	 62.89	 62.89	 62.00	 12.89	 61.78	 35.33	 36.44	 61.56	 17.78	 14.44	 33.78	 61.78	 61.33	 30.89	 35.33	 64.44	 15.56	 14.89	 42.22	 61.78	 49.56	 33.56	 15.33	 14.44		Boaedon_fuliginosus 9
										  0.00	 16.44	 65.27	 21.78	 11.50	 63.50	 63.27	 63.72	 15.78	 15.78	 63.94	 33.63	 30.31	 65.49	 64.82	 17.70	 33.85	 35.40	 34.96	 18.58	 31.33	 65.04	 20.00	 17.70	 18.58	 15.49	 34.51	 64.60	 64.82	 64.16	 16.81	 64.16	 34.96	 35.62	 66.15	 11.06	 16.59	 32.67	 64.16	 63.27	 30.75	 34.51	 65.49	 16.37	 17.56	 50.00	 64.38	 47.12	 35.62	 17.56	 16.37		Bothrops_jararaca 10
											  0.00	 63.56	 21.11	 17.56	 64.00	 61.33	 61.33	 19.33	 13.78	 61.56	 33.56	 30.67	 64.00	 62.89	 14.67	 34.67	 36.00	 35.78	 16.00	 32.44	 63.78	 17.78	 17.56	 12.44	 13.11	 34.44	 65.78	 63.78	 62.67	 15.78	 62.89	 36.22	 36.22	 64.67	 14.89	 15.78	 34.00	 61.11	 59.78	 31.33	 33.78	 64.22	 12.44	 13.11	 43.33	 63.33	 48.67	 34.22	 15.33	 15.33		Bungarus_multicintus 11
												  0.00	 67.33	 64.16	 28.41	 26.87	 27.09	 64.44	 64.89	 28.41	 64.16	 66.81	 29.42	 28.19	 63.50	 64.82	 64.82	 64.82	 61.95	 66.22	 27.97	 66.44	 63.05	 63.05	 65.04	 63.94	 29.52	 28.85	 29.52	 63.27	 27.75	 65.04	 67.04	 26.65	 64.16	 62.17	 64.89	 28.85	 28.85	 65.49	 64.60	 31.94	 63.27	 63.33	 44.44	 28.19	 78.54	 64.60	 64.22	 63.88		Calotes_versicolor 12
													  0.00	 21.33	 63.78	 64.00	 64.22	 22.67	 20.00	 65.11	 30.22	 31.33	 65.56	 64.89	 18.89	 32.89	 34.22	 34.44	 20.67	 31.78	 66.00	 13.33	 19.56	 18.44	 18.89	 36.00	 67.11	 64.44	 63.78	 20.67	 63.78	 33.56	 33.78	 67.11	 20.22	 20.67	 32.89	 62.89	 61.56	 30.67	 33.33	 64.89	 20.89	 19.56	 42.22	 63.33	 52.44	 34.22	 20.22	 21.11		Charina_bottae 13
														  0.00	 63.72	 62.83	 63.27	 16.22	 16.00	 63.50	 34.73	 31.19	 64.38	 65.04	 17.04	 32.96	 34.29	 34.29	 18.14	 32.67	 63.27	 20.00	 17.70	 18.81	 14.60	 35.18	 65.71	 63.50	 63.94	 16.59	 63.27	 35.18	 34.73	 65.49	 10.62	 19.47	 34.67	 63.05	 61.95	 29.42	 33.41	 64.16	 16.37	 19.56	 46.67	 64.16	 47.12	 34.73	 18.67	 17.26		Crotalus_tigris 14
															  0.00	 16.96	 18.94	 64.22	 64.44	 18.72	 63.50	 63.50	 24.34	 17.62	 63.05	 63.27	 63.94	 64.60	 62.17	 62.89	 13.44	 63.56	 62.17	 61.73	 63.72	 63.50	 29.52	 19.16	 18.72	 62.61	 12.56	 64.16	 65.04	 28.19	 63.94	 62.17	 65.33	 19.16	 20.48	 61.95	 62.17	 30.62	 62.83	 63.11	 34.44	 23.35	 78.32	 63.72	 63.11	 62.78		Cryptoblepharus_egeriae 15
																  0.00	  8.59	 63.78	 63.11	 17.18	 63.27	 62.61	 24.34	  6.83	 61.73	 63.05	 63.05	 63.05	 61.73	 61.11	 16.08	 63.11	 60.40	 61.73	 62.61	 63.05	 27.75	 14.10	 12.33	 63.05	 15.20	 63.50	 64.38	 26.43	 62.83	 62.17	 63.78	 11.89	 12.11	 61.50	 61.95	 27.97	 61.73	 62.22	 32.22	 20.04	 76.11	 63.72	 62.22	 61.45		Ctenosaura_bakeri 16
																	  0.00	 64.00	 63.33	 18.94	 63.94	 62.61	 24.34	  8.37	 63.72	 62.61	 62.39	 62.39	 61.50	 63.11	 17.84	 64.67	 61.06	 61.06	 63.72	 62.83	 29.52	 15.64	 14.98	 62.61	 16.52	 64.38	 64.82	 27.53	 62.83	 61.50	 62.89	 15.20	 17.18	 61.73	 63.50	 28.85	 61.73	 62.22	 35.56	 21.81	 77.21	 63.27	 62.44	 62.33		Cyclura_pinguis 17
																		  0.00	 18.22	 63.11	 32.44	 32.00	 65.56	 65.11	 19.33	 35.11	 35.33	 35.33	 19.11	 30.67	 64.44	 21.56	 19.33	 19.11	 17.56	 33.11	 66.67	 64.89	 64.67	 18.67	 63.56	 33.33	 34.22	 65.11	 13.56	 17.33	 34.89	 63.56	 62.44	 30.89	 35.11	 64.89	 17.56	 20.22	 51.11	 64.00	 46.89	 35.78	 19.11	 19.11		Daboia_siamensis 18
																			  0.00	 64.22	 32.00	 31.78	 64.22	 64.44	 10.67	 34.44	 35.11	 35.33	 17.11	 30.44	 64.44	 16.89	 16.00	 14.44	 13.78	 36.00	 65.11	 63.56	 62.67	 13.11	 64.44	 34.00	 35.33	 63.78	 15.11	 13.11	 33.56	 62.22	 61.33	 31.78	 35.56	 65.33	 11.11	 12.89	 47.78	 64.00	 46.67	 33.33	 14.89	 13.11		Diadophis_punctatus 19
																				  0.00	 63.94	 64.16	 24.12	 16.96	 62.17	 62.83	 63.72	 63.72	 62.39	 64.00	 16.74	 63.78	 61.06	 60.62	 61.73	 64.82	 29.52	 18.28	 17.40	 62.61	 16.74	 62.61	 63.50	 27.31	 61.50	 60.62	 62.22	 17.62	 18.72	 61.73	 62.83	 29.74	 61.73	 62.67	 30.00	 20.04	 75.88	 63.50	 63.56	 62.33		Elgaria_multicarinata 20
																					  0.00	 25.00	 67.26	 63.72	 32.30	 26.33	 26.77	 26.55	 32.30	 26.00	 64.16	 33.11	 33.63	 31.86	 31.86	 28.54	 65.71	 67.04	 65.04	 31.19	 63.27	 27.65	 27.65	 65.04	 31.86	 33.41	 31.56	 64.60	 63.05	 21.24	 25.00	 65.71	 32.74	 31.78	 43.33	 63.94	 57.08	 26.33	 33.56	 33.85		Eublepharis_macularius 21
																						  0.00	 65.27	 63.05	 31.64	 23.67	 23.45	 23.89	 33.19	 16.22	 64.16	 31.78	 27.88	 29.87	 31.42	 28.10	 66.81	 64.82	 64.60	 30.97	 63.05	 26.33	 25.22	 65.49	 30.97	 32.30	 24.67	 62.39	 61.28	 22.79	 23.89	 64.60	 30.97	 31.56	 33.33	 63.05	 54.20	 23.67	 32.44	 32.08		Gekko_japonicus 22
																							  0.00	 24.12	 64.38	 66.37	 67.26	 67.04	 62.39	 64.44	 24.12	 64.89	 62.17	 64.16	 64.82	 65.27	 32.08	 23.45	 24.78	 61.50	 21.68	 67.48	 67.26	 28.54	 65.27	 61.73	 63.56	 23.01	 24.78	 66.37	 64.82	 32.08	 64.38	 64.89	 35.56	 25.66	 77.65	 67.92	 62.89	 61.73		Hemicordylus_capensis 23
																								  0.00	 64.38	 62.61	 63.72	 64.16	 62.61	 63.11	 15.86	 64.22	 61.50	 62.39	 64.38	 64.16	 28.19	 13.88	 13.00	 63.27	 14.54	 63.72	 64.60	 25.99	 64.60	 62.61	 64.22	 12.11	 13.22	 61.50	 62.17	 28.41	 62.17	 62.89	 33.33	 19.60	 77.65	 63.72	 63.33	 63.00		Iguana_delicatissima 24
																									  0.00	 32.96	 34.07	 34.07	 18.36	 30.67	 63.05	 16.67	 14.60	 15.93	 14.16	 36.28	 64.60	 63.27	 63.27	 13.50	 62.61	 35.40	 35.62	 63.50	 15.49	 14.60	 32.22	 61.73	 61.06	 32.30	 35.40	 64.38	 12.83	 12.67	 48.89	 63.27	 48.01	 33.85	 14.00	 11.73		Imantodes_cenchoa 25
																										  0.00	  7.96	  7.74	 33.85	 26.22	 63.50	 32.67	 30.53	 33.41	 33.63	 30.53	 67.04	 63.94	 63.50	 33.41	 61.73	 10.62	  9.96	 64.82	 32.08	 34.29	 26.67	 62.83	 61.73	 21.46	 26.11	 63.05	 33.85	 32.89	 36.67	 62.83	 58.63	 10.18	 33.78	 33.85		Lacerta_agilis 26
																											  0.00	  1.11	 35.40	 28.00	 64.82	 33.33	 31.19	 34.07	 34.29	 32.52	 66.59	 65.93	 65.93	 34.29	 62.61	 12.61	 11.28	 65.27	 33.63	 34.07	 27.56	 64.82	 63.50	 21.24	 27.88	 63.50	 36.73	 34.00	 36.67	 63.72	 59.73	 13.05	 35.56	 34.51		Lacerta_bilineata 27
																												  0.00	 35.40	 28.00	 65.04	 33.33	 30.75	 34.07	 34.29	 32.52	 67.48	 66.15	 66.15	 34.29	 62.83	 12.39	 10.62	 65.71	 33.19	 34.29	 27.78	 65.04	 63.72	 21.24	 27.88	 63.94	 36.73	 34.22	 35.56	 63.72	 59.73	 12.83	 35.56	 34.51		Lacerta_viridis 28
																													  0.00	 33.56	 63.50	 20.89	 18.36	 15.27	 15.93	 36.06	 65.04	 62.39	 61.73	 17.48	 61.95	 34.73	 35.40	 63.72	 16.37	 15.93	 36.44	 62.17	 60.62	 32.30	 35.84	 62.39	 16.37	 18.00	 44.44	 63.05	 50.88	 34.96	 18.00	 17.48		Laticauda_colubrina 29
																														  0.00	 64.00	 31.11	 28.89	 31.11	 31.78	 29.11	 66.89	 64.67	 63.33	 31.78	 63.56	 29.11	 29.33	 66.44	 31.33	 31.56	 29.33	 62.00	 62.00	 26.44	 23.33	 64.89	 30.89	 32.00	 42.22	 64.00	 55.11	 26.67	 33.33	 31.78		Lepidodactylus_listeri 30
																															  0.00	 64.22	 61.95	 62.39	 63.05	 64.82	 28.63	 16.08	 15.64	 63.50	  9.25	 64.60	 65.93	 29.52	 63.50	 62.17	 64.67	 16.96	 16.74	 60.62	 63.27	 29.07	 63.72	 63.33	 30.00	 23.13	 76.33	 63.94	 63.11	 63.44		Lerista_edwardsae 31
																																  0.00	 18.22	 16.00	 16.00	 36.00	 66.44	 63.78	 63.33	 18.89	 63.78	 33.11	 33.78	 66.89	 18.22	 18.22	 33.33	 62.00	 61.33	 31.11	 31.56	 64.67	 18.22	 18.22	 41.11	 63.56	 50.00	 32.22	 19.56	 19.11		Morelia_viridis 32
																																	  0.00	 16.81	 15.27	 33.19	 65.49	 62.17	 62.17	 16.59	 61.28	 32.96	 32.08	 63.72	 16.81	 15.04	 30.89	 59.73	 59.51	 30.53	 34.96	 62.83	 14.82	 17.56	 44.44	 60.84	 49.34	 32.08	 16.67	 15.71		Myanophis_thanlyinensis 33
																																		  0.00	 11.06	 35.18	 65.27	 62.17	 61.06	 14.82	 60.84	 34.07	 33.85	 64.82	 15.93	 14.16	 32.00	 60.18	 59.29	 28.32	 33.41	 63.72	 14.16	 13.78	 44.44	 61.50	 48.67	 31.86	 17.56	 15.27		Naja_naja 34
																																			  0.00	 34.73	 64.82	 63.72	 63.27	 13.05	 62.17	 34.07	 33.85	 65.93	 13.94	 15.71	 30.89	 61.73	 61.06	 28.32	 33.63	 63.27	 13.94	 13.56	 38.89	 61.50	 48.23	 32.08	 14.89	 11.95		Ophiophagus_hannah 35
																																				  0.00	 65.27	 65.71	 63.05	 35.62	 65.27	 32.74	 31.42	 66.15	 33.85	 36.06	 36.00	 62.39	 62.39	 30.09	 31.86	 65.49	 34.51	 34.89	 53.33	 64.60	 59.29	 31.86	 36.22	 35.62		Paroedura_picta 36
																																					  0.00	 28.19	 28.63	 65.04	 28.63	 65.71	 67.26	 27.53	 66.81	 65.49	 65.78	 30.40	 28.85	 63.27	 67.26	 34.36	 64.38	 63.33	 47.78	 30.40	 78.54	 65.04	 65.56	 64.54		Phrynocephalus_versicolor 37
																																						  0.00	  7.49	 62.83	 16.74	 66.37	 66.37	 29.74	 63.94	 61.50	 64.22	 10.79	 11.89	 64.60	 64.16	 31.94	 62.17	 63.11	 38.89	 24.45	 76.77	 65.49	 63.78	 62.78		Phrynosoma_blainvillii 38
																																							  0.00	 62.39	 15.42	 65.71	 65.27	 29.07	 63.50	 61.73	 65.11	 10.57	  9.03	 63.94	 63.27	 31.50	 61.28	 62.22	 38.89	 23.79	 76.77	 63.72	 63.33	 62.11		Phrynosoma_platyrhinos 39
																																								  0.00	 62.61	 35.18	 35.18	 62.39	 15.49	 11.95	 33.11	 62.39	 61.73	 30.75	 35.62	 64.60	 14.60	 15.78	 50.00	 62.39	 48.23	 32.96	 14.44	  5.97		Pituophis_catenifer 40
																																									  0.00	 63.50	 64.16	 28.19	 63.72	 61.50	 63.78	 16.52	 16.30	 60.40	 63.50	 29.52	 62.83	 61.78	 25.56	 20.04	 76.77	 63.27	 62.00	 62.33		Plestiodon_gilberti 41
																																										  0.00	  5.09	 65.49	 33.63	 33.63	 26.89	 63.94	 62.83	 21.90	 29.20	 63.05	 36.28	 33.33	 33.33	 62.83	 59.29	 10.84	 34.89	 36.06		Podarci_raffonei 42
																																											  0.00	 65.93	 34.51	 34.07	 26.00	 64.16	 63.50	 21.68	 29.65	 64.82	 36.06	 34.44	 35.56	 63.05	 59.29	 11.06	 35.33	 35.62		Podarcis_muralis 43
																																												  0.00	 66.15	 62.39	 64.22	 29.52	 28.85	 67.04	 66.15	 33.26	 65.04	 64.67	 44.44	 28.63	 79.42	 64.82	 64.44	 63.66		Pogona_vitticeps 44
																																													  0.00	 16.59	 33.33	 61.95	 60.62	 30.75	 35.18	 64.60	 15.71	 17.11	 44.44	 63.72	 46.02	 33.19	 16.89	 15.49		Protobothrops_mucrosquamatus 45
																																														  0.00	 33.33	 59.73	 60.84	 30.31	 35.84	 63.94	 14.38	 15.78	 44.44	 61.95	 49.12	 33.85	 15.78	 11.28		Ptyas_mucosa 46
																																															  0.00	 63.11	 62.89	 26.00	 29.56	 63.78	 33.56	 31.33	 37.78	 63.56	 58.00	 26.00	 31.78	 31.33		Salvator_merianae 47
																																																  0.00	  5.95	 61.73	 62.39	 30.40	 60.84	 61.11	 31.11	 23.35	 75.88	 63.94	 62.22	 61.67		Sceloporus_occidentalis 48
																																																	  0.00	 61.73	 61.50	 29.52	 59.96	 60.67	 31.11	 23.13	 75.88	 62.83	 61.11	 61.01		Sceloporus_tristichus 49
																																																		  0.00	 21.02	 64.16	 30.97	 28.00	 31.11	 59.73	 57.30	 21.46	 31.11	 30.97		Shinisaurus_crocodilurus 50
																																																			  0.00	 64.38	 34.51	 34.44	 37.78	 62.39	 58.41	 27.21	 34.67	 36.28		Sphaerodactylus_townsendi 51
																																																				  0.00	 64.38	 62.89	 37.78	 30.84	 78.98	 64.16	 62.89	 63.44		Sphenodon_punctatus 52
																																																					  0.00	 13.56	 47.78	 61.73	 47.79	 34.73	 14.44	 13.50		Thermophis_baileyi 53
																																																						  0.00	 42.22	 62.67	 51.11	 32.67	 16.44	 15.78		Tropidonophis_doriae 54
																																																							  0.00	 16.67	 45.56	 37.78	 42.22	 47.78		Varanus_komodoensis 55
																																																								  0.00	 75.88	 64.16	 63.56	 62.11		Varanus_salvator 56
																																																									  0.00	 59.51	 48.44	 48.23		Vipera_latastei 57
																																																										  0.00	 34.67	 33.63		Zootaca_vivipara 58
																																																											  0.00	 14.00		Thamnophis_elegans 59
																																																												  0.00		Pantherophis_guttatus 60
