Distance Matrix
---------------

Uncorrected for Multiple Substitutions
Using base positions 12 in the codon
Gap weighting is 0.000000

	    1	    2	    3	    4	    5	    6	    7	    8	    9	    10	    11	    12	    13	    14	    15	    16	    17	    18	    19	    20	    21	    22	    23	    24	    25	    26	    27	    28	    29	    30	    31	    32	    33	    34	    35	    36	    37	    38	    39	    40	    41	    42	    43	    44	    45	    46	    47	    48	    49	    50	    51	    52	    53	    54	    55	    56	    57	    58	    59	    60
	  0.00	 66.35	 65.45	 54.63	 40.20	 63.46	 63.46	 50.00	 56.48	 49.07	 47.22	 69.81	 47.22	 50.93	 61.11	 61.82	 67.27	 49.07	 51.85	 70.37	 61.11	 62.26	 66.35	 68.18	 50.00	 66.98	 63.73	 64.71	 55.66	 64.42	 64.81	 18.75	 52.83	 50.00	 47.22	 67.92	 59.62	 65.45	 69.09	 49.02	 66.36	 65.09	 65.09	 59.80	 49.07	 45.10	 61.54	 69.09	 65.45	 63.64	 62.04	 69.61	 52.78	 41.67	 66.04	 68.52	 69.44	 60.38	 52.83	 44.34		Python_bivittatus 1
		  0.00	 50.00	 66.35	 48.04	 60.58	 61.54	 50.00	 53.85	 50.96	 41.35	 54.81	 51.92	 49.04	 56.73	 55.77	 52.88	 55.77	 49.04	 53.85	 58.65	 58.65	 53.85	 56.73	 50.00	 56.73	 56.86	 55.88	 52.88	 51.92	 62.50	 56.73	 47.12	 46.15	 48.08	 59.62	 47.12	 57.69	 55.77	 47.06	 60.58	 55.77	 53.85	 60.78	 50.00	 43.14	 58.65	 55.77	 57.69	 47.12	 60.58	 58.82	 50.96	 48.08	 57.69	 49.04	 64.42	 59.62	 52.88	 45.19		Anilios_bituberculatus 2
			  0.00	 50.93	 52.94	 50.00	 49.04	 56.48	 61.11	 56.48	 56.48	 47.17	 66.67	 51.85	 42.59	 28.18	 29.09	 58.33	 59.26	 40.74	 50.93	 45.28	 50.00	 32.73	 54.72	 43.40	 42.16	 43.14	 51.89	 45.19	 39.81	 55.45	 55.66	 55.56	 58.33	 50.00	 49.04	 36.36	 33.64	 51.96	 44.55	 44.34	 43.40	 49.02	 56.48	 54.90	 53.85	 39.09	 40.00	 42.73	 52.78	 50.98	 60.19	 57.41	 50.00	 42.59	 72.22	 48.11	 58.49	 55.66		Anolis_carolinensis 3
				  0.00	 55.88	 33.65	 32.69	 55.56	 55.56	 67.59	 57.41	 46.23	 62.04	 57.41	 55.56	 55.56	 52.78	 59.26	 60.19	 58.33	 43.52	 56.60	 56.73	 55.56	 61.32	 49.06	 48.04	 48.04	 53.77	 57.69	 50.93	 59.26	 55.66	 53.70	 57.41	 55.66	 54.81	 54.63	 53.70	 59.80	 51.85	 51.89	 50.94	 50.00	 59.26	 54.90	 45.19	 51.85	 52.78	 58.33	 54.63	 50.98	 60.19	 50.93	 40.57	 47.22	 75.00	 50.94	 58.49	 57.55		Anolis_sagrei 4
					  0.00	 50.00	 50.98	 32.35	 42.16	 36.27	 33.33	 51.96	 46.08	 35.29	 60.78	 56.86	 54.90	 41.18	 31.37	 60.78	 60.78	 55.88	 62.75	 56.86	 33.33	 62.75	 58.82	 59.80	 47.06	 63.73	 55.88	 40.20	 35.29	 37.25	 34.31	 61.76	 55.88	 53.92	 53.92	 29.41	 59.80	 60.78	 60.78	 51.96	 33.33	 26.47	 49.02	 54.90	 53.92	 55.88	 53.92	 55.88	 32.35	 31.37	 56.86	 54.90	 61.76	 64.71	 39.22	 18.63		Arizona_elegans 5
						  0.00	  1.92	 50.96	 45.19	 52.88	 55.77	 46.15	 55.77	 47.12	 50.96	 49.04	 50.96	 55.77	 52.88	 54.81	 41.35	 52.88	 55.77	 49.04	 51.92	 40.38	 44.12	 44.12	 52.88	 60.58	 51.92	 58.65	 50.00	 52.88	 50.96	 47.12	 49.04	 51.92	 52.88	 51.96	 55.77	 40.38	 43.27	 45.10	 48.08	 56.86	 15.38	 48.08	 50.00	 52.88	 46.15	 45.10	 51.92	 52.88	 47.12	 47.12	 74.04	 48.08	 58.65	 51.92		Aspidocelis_tigris 6
							  0.00	 51.92	 47.12	 53.85	 57.69	 47.12	 55.77	 48.08	 50.00	 50.00	 51.92	 54.81	 54.81	 55.77	 42.31	 52.88	 56.73	 50.00	 52.88	 41.35	 44.12	 44.12	 52.88	 61.54	 50.96	 59.62	 50.96	 54.81	 52.88	 47.12	 50.00	 52.88	 53.85	 52.94	 54.81	 42.31	 43.27	 47.06	 49.04	 57.84	 17.31	 49.04	 50.96	 53.85	 48.08	 47.06	 52.88	 54.81	 46.15	 47.12	 75.00	 49.04	 57.69	 52.88		Aspidoscelis_marmoratus 7
								  0.00	 36.11	 30.56	 37.04	 51.89	 37.96	 25.00	 59.26	 57.41	 50.00	 25.93	 27.78	 57.41	 56.48	 51.89	 60.58	 53.70	 32.08	 63.21	 56.86	 57.84	 45.28	 64.42	 54.63	 43.52	 33.02	 36.11	 29.63	 59.43	 46.15	 54.63	 54.63	 33.33	 56.48	 57.55	 57.55	 54.90	 25.93	 35.29	 56.73	 54.63	 57.41	 57.41	 56.48	 57.84	 29.63	 32.41	 53.77	 51.85	 55.56	 61.32	 38.68	 30.19		Azemiops_feae 8
									  0.00	 42.59	 31.48	 50.00	 43.52	 37.96	 66.67	 62.04	 59.26	 39.81	 35.19	 60.19	 56.48	 58.49	 55.77	 60.19	 41.51	 48.11	 52.94	 51.96	 45.28	 59.62	 56.48	 50.00	 37.74	 36.11	 33.33	 55.66	 45.19	 58.33	 55.56	 37.25	 62.04	 49.06	 55.66	 54.90	 42.59	 36.27	 46.15	 54.63	 55.56	 62.96	 62.04	 62.75	 32.41	 35.19	 50.94	 55.56	 61.11	 55.66	 31.13	 39.62		Boaedon_fuliginosus 9
										  0.00	 40.74	 59.43	 37.04	 26.85	 63.89	 57.41	 59.26	 36.11	 26.85	 58.33	 56.48	 60.38	 62.50	 56.48	 38.68	 67.92	 62.75	 64.71	 58.49	 64.42	 63.89	 44.44	 43.40	 40.74	 35.19	 62.26	 57.69	 55.56	 54.63	 38.24	 63.89	 66.98	 65.09	 55.88	 17.59	 39.22	 52.88	 54.63	 58.33	 57.41	 56.48	 54.90	 31.48	 42.59	 62.26	 52.78	 60.19	 65.09	 44.34	 33.02		Bothrops_jararaca 10
											  0.00	 53.77	 38.89	 37.96	 60.19	 58.33	 58.33	 39.81	 30.56	 65.74	 51.85	 60.38	 53.85	 62.96	 41.51	 61.32	 60.78	 59.80	 46.23	 55.77	 59.26	 43.52	 37.74	 23.15	 20.37	 57.55	 50.00	 56.48	 57.41	 37.25	 61.11	 59.43	 62.26	 48.04	 41.67	 32.35	 50.96	 59.26	 58.33	 53.70	 54.63	 57.84	 29.63	 27.78	 53.77	 51.85	 58.33	 57.55	 33.02	 36.79		Bungarus_multicintus 11
												  0.00	 60.38	 50.00	 54.72	 49.06	 44.34	 59.43	 51.89	 47.17	 51.89	 44.34	 47.12	 47.17	 42.45	 43.40	 43.14	 39.22	 44.34	 50.00	 40.57	 64.15	 46.23	 51.89	 52.83	 43.40	 36.54	 42.45	 40.57	 47.06	 50.94	 45.28	 46.23	 46.08	 52.83	 53.92	 51.92	 42.45	 47.17	 46.23	 55.66	 55.88	 54.72	 54.72	 47.17	 41.51	 71.70	 47.17	 61.32	 51.89		Calotes_versicolor 12
													  0.00	 40.74	 66.67	 62.04	 61.11	 41.67	 33.33	 62.96	 56.48	 68.87	 61.54	 64.81	 48.11	 67.92	 68.63	 65.69	 60.38	 65.38	 67.59	 45.37	 45.28	 40.74	 35.19	 60.38	 55.77	 62.96	 66.67	 45.10	 73.15	 65.09	 66.98	 57.84	 38.89	 46.08	 51.92	 61.11	 60.19	 62.04	 55.56	 61.76	 38.89	 39.81	 58.49	 51.85	 61.11	 65.09	 43.40	 44.34		Charina_bottae 13
														  0.00	 56.48	 62.04	 53.70	 34.26	 28.70	 62.96	 54.63	 60.38	 59.62	 57.41	 33.96	 55.66	 50.98	 50.98	 50.00	 66.35	 58.33	 42.59	 35.85	 37.04	 36.11	 56.60	 48.08	 58.33	 58.33	 34.31	 60.19	 52.83	 53.77	 51.96	 20.37	 38.24	 53.85	 59.26	 61.11	 56.48	 57.41	 58.82	 33.33	 34.26	 54.72	 53.70	 58.33	 60.38	 42.45	 33.02		Crotalus_tigris 14
															  0.00	 44.44	 46.30	 64.81	 60.19	 45.37	 51.85	 50.00	 56.73	 42.59	 59.43	 49.06	 47.06	 49.02	 64.15	 41.35	 38.89	 55.56	 55.66	 55.56	 59.26	 43.40	 52.88	 46.30	 48.15	 56.86	 37.96	 42.45	 44.34	 48.04	 62.96	 59.80	 53.85	 46.30	 44.44	 35.19	 50.00	 61.76	 60.19	 55.56	 49.06	 52.78	 76.85	 50.00	 68.87	 63.21		Cryptoblepharus_egeriae 15
																  0.00	 18.18	 61.11	 60.19	 37.04	 55.56	 45.28	 48.08	 17.27	 55.66	 48.11	 48.04	 48.04	 53.77	 48.08	 37.04	 58.18	 56.60	 57.41	 57.41	 53.77	 51.92	 32.73	 32.73	 55.88	 45.45	 42.45	 46.23	 49.02	 61.11	 55.88	 52.88	 32.73	 32.73	 42.73	 44.44	 50.98	 56.48	 57.41	 53.77	 44.44	 73.15	 50.00	 62.26	 54.72		Ctenosaura_bakeri 16
																	  0.00	 62.04	 56.48	 37.04	 53.70	 48.11	 48.08	 12.73	 50.94	 46.23	 43.14	 44.12	 46.23	 49.04	 37.04	 62.73	 50.94	 54.63	 54.63	 46.23	 49.04	 32.73	 30.91	 51.96	 40.00	 41.51	 44.34	 48.04	 55.56	 52.94	 54.81	 29.09	 34.55	 41.82	 53.70	 51.96	 55.56	 55.56	 52.83	 45.37	 74.07	 45.28	 60.38	 50.94		Cyclura_pinguis 17
																		  0.00	 34.26	 65.74	 59.26	 57.55	 57.69	 63.89	 38.68	 63.21	 58.82	 59.80	 47.17	 62.50	 53.70	 47.22	 43.40	 38.89	 37.96	 63.21	 49.04	 60.19	 58.33	 38.24	 60.19	 63.21	 62.26	 58.82	 37.04	 47.06	 57.69	 57.41	 56.48	 60.19	 64.81	 59.80	 37.04	 40.74	 56.60	 52.78	 59.26	 65.09	 43.40	 42.45		Daboia_siamensis 18
																			  0.00	 62.04	 58.33	 57.55	 58.65	 61.11	 30.19	 60.38	 60.78	 61.76	 50.94	 56.73	 56.48	 43.52	 35.85	 33.33	 25.93	 53.77	 51.92	 58.33	 59.26	 32.35	 62.96	 57.55	 58.49	 49.02	 29.63	 35.29	 50.96	 58.33	 59.26	 55.56	 55.56	 55.88	 16.67	 26.85	 56.60	 51.85	 57.41	 60.38	 37.74	 33.02		Diadophis_punctatus 19
																				  0.00	 58.33	 52.83	 53.85	 33.33	 53.77	 53.77	 51.96	 52.94	 55.66	 46.15	 37.96	 62.04	 62.26	 64.81	 64.81	 51.89	 53.85	 42.59	 38.89	 54.90	 42.59	 44.34	 45.28	 55.88	 58.33	 58.82	 52.88	 34.26	 37.04	 42.59	 57.41	 60.78	 65.74	 65.74	 51.89	 46.30	 73.15	 51.89	 66.98	 60.38		Elgaria_multicarinata 20
																					  0.00	 50.00	 54.81	 54.63	 64.15	 48.11	 48.04	 47.06	 66.04	 55.77	 51.85	 62.96	 55.66	 54.63	 53.70	 43.40	 52.88	 51.85	 54.63	 53.92	 56.48	 51.89	 50.94	 43.14	 56.48	 55.88	 43.27	 50.93	 55.56	 54.63	 44.44	 51.96	 58.33	 58.33	 41.51	 47.22	 70.37	 44.34	 61.32	 54.72		Eublepharis_macularius 21
																						  0.00	 45.19	 50.94	 54.72	 46.23	 44.12	 46.08	 53.77	 38.46	 44.34	 55.66	 55.66	 57.55	 54.72	 51.89	 51.92	 50.94	 46.23	 50.00	 47.17	 46.23	 51.89	 48.04	 59.43	 51.96	 54.81	 45.28	 52.83	 48.11	 50.94	 51.96	 58.49	 55.66	 60.38	 56.60	 77.36	 48.11	 55.66	 54.72		Gekko_japonicus 22
																							  0.00	 52.88	 53.85	 50.00	 54.90	 52.94	 45.19	 47.12	 52.88	 62.50	 48.08	 54.81	 56.73	 55.77	 47.12	 50.96	 47.12	 53.92	 51.92	 44.23	 50.00	 55.88	 62.50	 54.90	 55.77	 49.04	 53.85	 42.31	 59.62	 57.84	 58.65	 59.62	 52.88	 58.65	 71.15	 47.12	 58.65	 58.65		Hemicordylus_capensis 23
																								  0.00	 54.72	 50.94	 47.06	 48.04	 53.77	 52.88	 34.26	 67.27	 57.55	 57.41	 59.26	 50.94	 52.88	 30.91	 30.91	 54.90	 41.82	 46.23	 45.28	 48.04	 58.33	 55.88	 53.85	 28.18	 31.82	 43.64	 48.15	 52.94	 57.41	 59.26	 50.94	 41.67	 72.22	 50.00	 66.04	 56.60		Iguana_delicatissima 24
																									  0.00	 55.66	 56.86	 54.90	 35.85	 61.54	 47.17	 49.06	 30.19	 44.34	 43.40	 52.83	 44.23	 58.49	 53.77	 29.41	 56.60	 50.94	 51.89	 50.00	 38.68	 37.25	 55.77	 52.83	 53.77	 55.66	 65.09	 57.84	 34.91	 37.74	 60.38	 55.66	 63.21	 57.55	 46.23	 40.57		Imantodes_cenchoa 25
																										  0.00	 17.65	 14.71	 51.89	 49.04	 45.28	 62.26	 56.60	 61.32	 63.21	 43.40	 41.35	 44.34	 44.34	 58.82	 51.89	 19.81	 24.53	 51.96	 66.04	 59.80	 43.27	 43.40	 45.28	 47.17	 55.66	 55.88	 63.21	 57.55	 50.94	 54.72	 73.58	 24.53	 61.32	 63.21		Lacerta_agilis 26
																											  0.00	  4.90	 58.82	 48.04	 42.16	 58.82	 58.82	 57.84	 58.82	 47.06	 38.24	 44.12	 45.10	 56.86	 47.06	 22.55	 26.47	 52.94	 61.76	 57.84	 49.02	 46.08	 45.10	 45.10	 55.88	 54.90	 61.76	 53.92	 50.00	 52.94	 73.53	 26.47	 62.75	 57.84		Lacerta_bilineata 27
																												  0.00	 56.86	 50.00	 41.18	 59.80	 57.84	 59.80	 59.80	 43.14	 38.24	 43.14	 44.12	 54.90	 48.04	 22.55	 27.45	 52.94	 62.75	 56.86	 48.04	 45.10	 44.12	 47.06	 53.92	 52.94	 62.75	 53.92	 48.04	 51.96	 73.53	 25.49	 61.76	 59.80		Lacerta_viridis 28
																													  0.00	 58.65	 51.89	 56.60	 36.79	 49.06	 44.34	 54.72	 45.19	 51.89	 47.17	 45.10	 50.00	 51.89	 53.77	 55.88	 52.83	 48.04	 54.81	 50.94	 55.66	 54.72	 64.15	 59.80	 54.72	 52.83	 58.49	 58.49	 68.87	 58.49	 54.72	 50.94		Laticauda_colubrina 29
																														  0.00	 49.04	 58.65	 61.54	 53.85	 55.77	 50.00	 48.08	 49.04	 48.08	 60.78	 50.96	 47.12	 50.00	 47.06	 66.35	 59.80	 55.77	 55.77	 55.77	 40.38	 55.77	 55.88	 62.50	 56.73	 52.88	 51.92	 74.04	 45.19	 62.50	 64.42		Lepidodactylus_listeri 30
																															  0.00	 64.81	 57.55	 53.70	 54.63	 46.23	 54.81	 38.89	 37.04	 52.94	 22.22	 44.34	 46.23	 46.08	 64.81	 56.86	 50.00	 34.26	 36.11	 37.04	 51.85	 54.90	 61.11	 52.78	 44.34	 45.37	 75.00	 49.06	 63.21	 54.72		Lerista_edwardsae 31
																																  0.00	 48.11	 44.44	 45.37	 66.04	 55.77	 63.64	 64.55	 45.10	 69.09	 61.32	 61.32	 55.88	 42.59	 44.12	 58.65	 65.45	 65.45	 55.45	 62.04	 62.75	 46.30	 36.11	 65.09	 63.89	 67.59	 66.98	 50.94	 41.51		Morelia_viridis 32
																																	  0.00	 44.34	 42.45	 55.66	 43.27	 53.77	 54.72	 36.27	 61.32	 53.77	 54.72	 50.98	 38.68	 37.25	 51.92	 54.72	 56.60	 52.83	 66.04	 55.88	 33.96	 43.40	 56.60	 58.49	 62.26	 55.66	 44.34	 38.68		Myanophis_thanlyinensis 33
																																		  0.00	 15.74	 57.55	 53.85	 57.41	 58.33	 38.24	 54.63	 59.43	 62.26	 52.94	 42.59	 44.12	 50.96	 57.41	 54.63	 47.22	 58.33	 51.96	 32.41	 31.48	 52.83	 49.07	 65.74	 61.32	 44.34	 37.74		Naja_naja 34
																																			  0.00	 55.66	 50.00	 55.56	 56.48	 34.31	 53.70	 60.38	 63.21	 50.98	 34.26	 36.27	 50.00	 53.70	 56.48	 53.70	 55.56	 54.90	 27.78	 32.41	 54.72	 50.93	 62.96	 60.38	 37.74	 32.08		Ophiophagus_hannah 35
																																				  0.00	 48.08	 41.51	 44.34	 51.96	 42.45	 42.45	 46.23	 50.00	 60.38	 59.80	 53.85	 49.06	 47.17	 52.83	 56.60	 54.90	 57.55	 60.38	 52.83	 53.77	 74.53	 45.28	 62.26	 59.43		Paroedura_picta 36
																																					  0.00	 51.92	 49.04	 47.06	 59.62	 42.31	 43.27	 54.90	 52.88	 52.94	 53.85	 53.85	 57.69	 48.08	 62.50	 65.69	 49.04	 48.08	 59.62	 59.62	 69.23	 45.19	 54.81	 52.88		Phrynocephalus_versicolor 37
																																						  0.00	 10.91	 50.98	 40.00	 42.45	 41.51	 48.04	 55.56	 54.90	 53.85	 24.55	 22.73	 39.09	 46.30	 56.86	 57.41	 62.04	 46.23	 47.22	 72.22	 44.34	 60.38	 53.77		Phrynosoma_blainvillii 38
																																							  0.00	 50.00	 38.18	 44.34	 42.45	 50.00	 54.63	 52.94	 56.73	 22.73	 22.73	 39.09	 50.93	 60.78	 57.41	 61.11	 48.11	 48.15	 74.07	 46.23	 61.32	 53.77		Phrynosoma_platyrhinos 39
																																								  0.00	 58.82	 55.88	 55.88	 58.82	 35.29	 20.59	 58.82	 49.02	 54.90	 55.88	 61.76	 58.82	 33.33	 35.29	 59.80	 56.86	 60.78	 57.84	 45.10	 24.51		Pituophis_catenifer 40
																																									  0.00	 49.06	 49.06	 54.90	 64.81	 56.86	 54.81	 36.36	 41.82	 40.91	 57.41	 57.84	 59.26	 61.11	 49.06	 53.70	 76.85	 53.77	 60.38	 55.66		Plestiodon_gilberti 41
																																										  0.00	 11.32	 43.14	 62.26	 58.82	 43.27	 39.62	 39.62	 41.51	 54.72	 50.98	 63.21	 54.72	 52.83	 56.60	 72.64	 22.64	 64.15	 61.32		Podarci_raffonei 42
																																											  0.00	 49.02	 60.38	 59.80	 47.12	 41.51	 43.40	 41.51	 55.66	 53.92	 62.26	 57.55	 50.94	 55.66	 71.70	 25.47	 65.09	 63.21		Podarcis_muralis 43
																																												  0.00	 55.88	 51.96	 39.22	 48.04	 46.08	 50.00	 37.25	 49.02	 56.86	 52.94	 45.10	 43.14	 72.55	 47.06	 58.82	 52.94		Pogona_vitticeps 44
																																													  0.00	 39.22	 50.00	 54.63	 60.19	 57.41	 58.33	 57.84	 32.41	 42.59	 61.32	 53.70	 59.26	 64.15	 43.40	 31.13		Protobothrops_mucrosquamatus 45
																																														  0.00	 57.84	 52.94	 56.86	 57.84	 60.78	 63.73	 35.29	 33.33	 56.86	 60.78	 58.82	 55.88	 40.20	 20.59		Ptyas_mucosa 46
																																															  0.00	 49.04	 50.96	 50.00	 42.31	 49.02	 52.88	 55.77	 49.04	 48.08	 74.04	 48.08	 54.81	 52.88		Salvator_merianae 47
																																																  0.00	 15.45	 40.00	 50.93	 50.00	 59.26	 61.11	 49.06	 48.15	 74.07	 47.17	 59.43	 51.89		Sceloporus_occidentalis 48
																																																	  0.00	 38.18	 50.00	 54.90	 60.19	 61.11	 48.11	 47.22	 73.15	 43.40	 62.26	 59.43		Sceloporus_tristichus 49
																																																		  0.00	 50.93	 55.88	 61.11	 52.78	 48.11	 49.07	 71.30	 46.23	 64.15	 52.83		Shinisaurus_crocodilurus 50
																																																			  0.00	 52.94	 62.04	 53.70	 46.23	 41.67	 70.37	 54.72	 57.55	 57.55		Sphaerodactylus_townsendi 51
																																																				  0.00	 57.84	 60.78	 56.86	 49.02	 73.53	 62.75	 64.71	 54.90		Sphenodon_punctatus 52
																																																					  0.00	 33.33	 57.55	 57.41	 62.04	 64.15	 34.91	 34.91		Thermophis_baileyi 53
																																																						  0.00	 56.60	 55.56	 58.33	 58.49	 33.96	 33.02		Tropidonophis_doriae 54
																																																							  0.00	 26.42	 70.75	 51.89	 61.32	 58.49		Varanus_komodoensis 55
																																																								  0.00	 67.59	 55.66	 63.21	 55.66		Varanus_salvator 56
																																																									  0.00	 70.75	 60.38	 60.38		Vipera_latastei 57
																																																										  0.00	 60.38	 63.21		Zootaca_vivipara 58
																																																											  0.00	 39.62		Thamnophis_elegans 59
																																																												  0.00		Pantherophis_guttatus 60
