Distance Matrix
---------------

Uncorrected for Multiple Substitutions
Using base positions 12 in the codon
Gap weighting is 0.000000

	    1	    2	    3	    4	    5	    6	    7	    8	    9	    10	    11	    12	    13	    14	    15	    16	    17	    18	    19	    20	    21	    22	    23	    24	    25	    26	    27	    28	    29	    30	    31	    32	    33	    34	    35	    36	    37	    38	    39	    40	    41	    42	    43	    44	    45	    46	    47	    48	    49	    50	    51	    52	    53	    54	    55	    56	    57	    58	    59	    60
	  0.00	 59.21	 69.13	 69.63	 71.24	 69.28	 69.46	 25.89	 69.80	 19.33	 70.07	 54.97	 68.14	 30.98	 70.89	 37.31	 68.62	 72.34	 71.06	 56.31	 69.13	 66.95	 72.57	 65.94	 68.98	 72.99	 72.73	 72.73	 67.12	 66.72	 66.44	 65.05	 18.77	 67.97	 65.99	 66.47	 69.27	 69.46	 68.64	 68.93	 70.64	 72.82	 73.24	 67.20	 18.91	 68.20	 71.96	 68.12	 67.42	 71.98	 68.04	 71.64	 65.23	 68.82	 67.06	 67.79	 20.11	 72.15	 69.97	 69.02		Python_bivittatus 1
		  0.00	 70.69	 69.76	 73.06	 72.29	 69.76	 64.27	 67.32	 58.95	 72.23	 56.17	 67.97	 67.40	 71.88	 68.50	 70.86	 72.08	 69.09	 69.26	 68.58	 41.64	 70.52	 71.03	 67.03	 70.78	 70.02	 70.52	 69.41	 40.58	 48.56	 36.05	 59.12	 69.32	 68.78	 45.35	 69.86	 70.35	 71.19	 68.76	 72.64	 70.10	 70.27	 69.09	 59.21	 69.73	 72.73	 68.67	 69.17	 70.95	 66.98	 71.62	 67.94	 72.06	 66.38	 67.57	 68.99	 71.11	 71.43	 69.27		Anilios_bituberculatus 2
			  0.00	 15.14	 70.12	 71.43	 71.39	 69.06	 71.76	 70.42	 69.72	 69.28	 69.92	 67.93	 70.47	 69.75	 69.42	 70.02	 72.17	 69.87	 32.44	 70.74	 69.05	 68.97	 72.29	 69.22	 68.97	 68.97	 71.10	 71.22	 73.07	 69.56	 68.86	 70.42	 72.34	 68.49	 69.95	 52.83	 19.41	 72.50	 70.80	 68.05	 68.14	 71.86	 70.00	 72.19	 71.70	 67.50	 68.43	 69.30	 70.13	 69.55	 72.25	 72.49	 69.44	 69.35	 71.35	 70.88	 71.43	 72.16		Anolis_carolinensis 3
				  0.00	 70.03	 72.72	 71.81	 68.63	 70.48	 70.00	 71.02	 69.02	 69.75	 67.85	 70.88	 68.49	 69.58	 69.42	 72.69	 69.02	 32.61	 70.57	 69.38	 68.72	 71.02	 69.38	 68.64	 68.89	 69.15	 70.37	 72.73	 68.62	 68.77	 69.07	 72.59	 68.99	 71.05	 52.92	 19.15	 73.34	 71.21	 68.30	 68.14	 72.45	 70.00	 73.21	 71.44	 67.75	 68.86	 68.80	 70.22	 70.05	 71.66	 71.72	 69.61	 70.27	 71.24	 71.88	 70.48	 73.09		Anolis_sagrei 4
					  0.00	 56.04	 72.63	 71.85	 70.47	 71.50	 58.04	 72.19	 72.63	 70.38	 70.98	 70.29	 71.07	 67.27	 68.65	 68.91	 71.24	 72.54	 69.86	 70.55	 72.28	 71.59	 71.76	 72.11	 69.95	 71.07	 72.54	 70.98	 70.38	 70.81	 71.59	 71.76	 70.21	 68.74	 70.21	 71.16	 72.19	 71.76	 72.11	 71.42	 71.68	 70.38	 69.86	 69.34	 68.74	 71.76	 71.68	 70.64	 71.42	 72.45	 71.93	 71.68	 72.58	 70.64	 68.91	 71.42		Arizona_elegans 5
						  0.00	 71.51	 69.97	 72.12	 69.62	 57.27	 73.75	 72.03	 69.79	 72.55	 70.14	 72.72	 70.91	 71.17	 71.51	 71.69	 71.69	 71.34	 71.77	 72.20	 70.83	 71.08	 71.26	 73.84	 71.43	 72.98	 72.20	 69.10	 72.55	 70.83	 73.06	 69.45	 68.76	 71.08	 68.67	 73.75	 71.17	 71.34	 72.12	 68.67	 67.13	 70.83	 69.71	 68.07	 73.15	 72.03	 73.58	 70.65	 72.46	 70.57	 69.71	 70.79	 70.65	 71.17	 68.16		Aspidocelis_tigris 6
							  0.00	 68.21	 68.26	 68.49	 69.72	 66.67	 63.31	 65.99	 72.40	 69.16	 70.47	 71.31	 70.38	 70.20	 69.80	 69.71	 70.81	 70.89	 67.71	 71.64	 71.31	 71.48	 66.44	 69.27	 69.46	 63.61	 68.86	 65.59	 61.08	 70.42	 55.52	 71.22	 70.17	 71.22	 71.90	 70.64	 70.72	 66.95	 68.99	 69.81	 70.24	 71.14	 70.54	 72.73	 69.97	 72.15	 59.22	 59.97	 43.97	 71.81	 69.89	 71.73	 69.28	 70.03		Aspidoscelis_marmoratus 7
								  0.00	 68.77	 21.92	 69.81	 54.55	 61.19	 26.22	 71.84	 39.46	 68.72	 71.65	 71.66	 57.42	 68.13	 66.02	 72.77	 69.56	 67.88	 73.02	 72.93	 72.68	 68.05	 66.89	 67.37	 65.05	 25.30	 67.20	 67.77	 65.60	 69.27	 68.04	 66.86	 65.70	 72.51	 72.51	 72.68	 65.60	 19.06	 66.24	 70.41	 67.79	 66.78	 72.93	 70.49	 70.74	 66.84	 69.42	 68.76	 68.38	 13.93	 73.19	 70.91	 66.21		Azemiops_feae 8
									  0.00	 69.45	 71.54	 69.80	 66.72	 69.03	 73.29	 69.20	 71.84	 68.21	 65.67	 69.71	 69.03	 68.86	 72.27	 73.29	 19.03	 71.25	 71.50	 71.42	 41.72	 69.54	 67.32	 67.24	 69.71	 40.78	 67.41	 67.58	 68.43	 73.55	 70.65	 68.00	 73.81	 70.90	 71.67	 70.73	 69.80	 67.92	 69.81	 72.18	 72.95	 73.12	 67.49	 72.87	 66.55	 65.19	 69.03	 72.53	 72.92	 71.42	 54.73	 67.92		Boaedon_fuliginosus 9
										  0.00	 69.98	 52.69	 68.98	 25.42	 71.51	 39.33	 71.43	 72.25	 71.83	 58.00	 69.24	 65.80	 72.94	 68.57	 67.20	 73.87	 73.19	 73.28	 68.39	 66.21	 65.55	 65.82	 18.10	 67.29	 66.58	 66.13	 70.12	 71.09	 68.64	 66.81	 72.44	 73.28	 73.61	 69.41	 11.43	 66.50	 71.78	 68.49	 67.51	 72.10	 68.49	 71.76	 65.99	 68.48	 68.25	 67.48	 15.28	 72.61	 69.79	 66.47		Bothrops_jararaca 10
											  0.00	 71.63	 71.54	 69.29	 71.63	 68.43	 71.54	 68.43	 69.81	 70.50	 70.50	 74.48	 71.11	 72.15	 71.28	 72.84	 72.92	 72.84	 71.80	 72.84	 73.10	 71.45	 69.03	 71.54	 71.11	 73.01	 71.37	 69.29	 70.76	 72.15	 71.80	 72.84	 72.84	 73.79	 71.28	 71.89	 68.51	 70.07	 69.55	 73.53	 72.84	 71.28	 71.02	 71.19	 69.72	 68.86	 68.99	 70.76	 68.77	 71.80		Bungarus_multicintus 11
												  0.00	 69.83	 49.58	 74.24	 53.20	 70.45	 68.90	 71.92	 60.02	 69.19	 55.22	 68.27	 70.45	 68.31	 71.21	 71.13	 71.13	 68.14	 53.82	 55.81	 52.21	 53.87	 68.14	 70.39	 55.13	 69.52	 70.62	 68.47	 70.88	 73.32	 70.37	 70.88	 69.02	 52.10	 69.98	 72.04	 71.72	 71.30	 69.53	 69.87	 70.37	 69.04	 68.74	 69.61	 68.27	 53.82	 71.30	 71.34	 70.97		Calotes_versicolor 12
													  0.00	 68.31	 71.10	 69.83	 68.05	 70.02	 70.12	 68.31	 68.90	 68.05	 71.95	 69.58	 66.95	 71.36	 71.27	 71.61	 65.34	 68.25	 56.95	 65.82	 68.31	 65.93	 66.02	 68.56	 62.31	 69.07	 68.56	 68.51	 70.93	 71.86	 71.86	 41.10	 68.22	 68.37	 71.36	 69.58	 70.00	 73.05	 40.51	 71.36	 66.61	 66.78	 66.30	 67.88	 69.44	 73.90	 70.22	 68.17		Charina_bottae 13
														  0.00	 71.21	 38.13	 69.44	 70.96	 70.29	 58.08	 68.10	 65.66	 72.47	 69.28	 67.37	 72.56	 72.31	 72.47	 67.63	 65.03	 66.50	 53.83	 30.47	 66.95	 66.07	 66.16	 68.34	 67.93	 67.03	 69.19	 71.97	 72.05	 72.56	 64.48	 24.49	 68.96	 71.53	 66.75	 66.41	 72.14	 68.43	 69.78	 64.30	 68.06	 67.91	 68.01	 16.40	 71.72	 69.88	 68.51		Crotalus_tigris 14
															  0.00	 71.34	 68.08	 71.48	 69.01	 71.13	 68.81	 73.49	 68.63	 70.35	 72.46	 60.02	 60.60	 60.51	 70.76	 72.24	 73.91	 73.04	 70.71	 72.46	 71.49	 72.02	 72.67	 70.08	 69.75	 70.97	 16.56	 60.43	 60.76	 71.27	 71.43	 71.00	 71.27	 69.17	 68.10	 67.86	 69.97	 50.99	 71.15	 73.00	 74.45	 70.69	 72.25	 69.78	 71.77	 69.52		Cryptoblepharus_egeriae 15
																  0.00	 70.76	 71.22	 70.98	 56.14	 70.17	 65.88	 71.01	 70.42	 69.92	 71.18	 72.27	 72.10	 68.31	 66.98	 65.71	 66.58	 39.73	 68.64	 69.54	 68.07	 68.17	 70.50	 68.47	 70.80	 71.68	 71.76	 71.85	 67.48	 40.00	 71.60	 71.36	 68.74	 68.86	 72.69	 69.33	 69.58	 68.02	 67.55	 69.44	 71.60	 32.13	 71.60	 69.62	 71.48		Ctenosaura_bakeri 16
																	  0.00	 70.53	 70.98	 68.18	 64.21	 70.07	 69.58	 18.83	 70.51	 70.92	 70.25	 70.08	 70.68	 72.58	 69.71	 68.28	 69.28	 69.58	 68.19	 70.50	 68.08	 63.58	 70.51	 71.22	 69.58	 70.00	 70.50	 68.84	 69.58	 71.94	 69.21	 62.17	 62.37	 71.75	 69.75	 70.67	 69.12	 69.93	 71.39	 68.68	 69.66	 68.58	 70.31	 71.14		Cyclura_pinguis 17
																		  0.00	 67.18	 72.77	 70.45	 71.05	 68.90	 69.67	 69.07	 72.59	 71.48	 71.91	 69.76	 70.36	 70.36	 70.19	 70.96	 69.16	 68.73	 70.70	 67.35	 71.74	 70.79	 68.47	 71.56	 71.91	 71.99	 71.99	 72.16	 69.16	 53.95	 72.68	 72.42	 72.34	 72.34	 69.76	 68.30	 69.42	 72.25	 71.48	 73.82	 69.76	 66.44	 68.21		Daboia_siamensis 18
																			  0.00	 70.03	 72.09	 72.09	 70.21	 72.95	 67.55	 70.38	 70.38	 70.29	 65.84	 70.63	 72.17	 70.03	 70.46	 66.01	 66.27	 72.00	 69.26	 72.35	 72.60	 63.01	 69.26	 70.80	 70.21	 72.52	 71.75	 63.01	 64.32	 71.32	 71.92	 70.89	 70.63	 70.03	 67.72	 69.86	 68.66	 70.38	 74.83	 70.21	 64.20	 62.41		Diadophis_punctatus 19
																				  0.00	 71.13	 69.87	 69.78	 69.28	 69.58	 70.54	 71.55	 71.72	 69.83	 68.17	 70.62	 69.39	 60.35	 69.15	 70.73	 67.85	 69.52	 71.13	 70.00	 71.56	 71.46	 70.62	 71.21	 71.04	 58.59	 72.02	 70.75	 70.62	 71.04	 71.13	 69.95	 71.63	 69.54	 71.29	 69.35	 63.72	 58.54	 72.39	 70.22	 71.48		Elgaria_multicarinata 20
																					  0.00	 69.65	 68.73	 67.39	 69.58	 67.22	 65.97	 66.39	 69.58	 70.71	 71.06	 68.03	 68.94	 68.47	 69.29	 69.24	 69.95	 55.94	 32.71	 71.39	 70.57	 66.89	 66.47	 72.53	 67.73	 71.68	 72.81	 64.55	 64.98	 70.07	 71.32	 69.48	 69.20	 70.19	 71.05	 70.10	 70.56	 70.48	 71.26	 71.14		Eublepharis_macularius 21
																						  0.00	 68.98	 69.73	 68.73	 70.74	 71.07	 70.99	 68.64	 25.38	 40.77	 39.20	 67.93	 69.41	 68.02	 31.26	 67.57	 68.81	 69.32	 69.27	 73.58	 70.65	 71.49	 67.09	 66.30	 69.39	 71.44	 69.65	 69.19	 69.98	 66.97	 70.57	 68.61	 71.12	 69.69	 69.18	 67.30	 72.83	 71.60	 69.61		Gekko_japonicus 22
																							  0.00	 68.77	 70.68	 33.64	 32.89	 32.89	 71.86	 70.71	 70.22	 71.68	 73.06	 72.03	 72.25	 73.95	 69.69	 68.83	 68.14	 69.69	 68.76	 33.47	 33.39	 70.85	 72.02	 69.90	 70.75	 70.08	 69.78	 28.57	 72.88	 57.28	 72.17	 71.04	 73.09	 69.77	 74.16	 59.67	 72.12	 69.35		Hemicordylus_capensis 23
																								  0.00	 71.10	 71.68	 71.18	 70.68	 70.51	 71.56	 69.71	 68.71	 67.59	 70.17	 68.27	 71.51	 68.85	 71.00	 68.90	 71.22	 70.85	 70.68	 71.10	 70.27	 67.39	 70.41	 68.87	 70.00	 69.87	 70.68	 71.46	 69.93	 69.63	 70.70	 71.90	 69.26	 69.55	 68.44	 71.43	 70.80		Iguana_delicatissima 24
																									  0.00	 71.61	 70.93	 71.02	 37.03	 69.02	 68.22	 68.37	 66.36	 35.42	 64.49	 68.05	 68.93	 73.73	 70.93	 67.83	 71.78	 70.34	 71.19	 69.58	 67.12	 68.11	 70.24	 72.12	 72.54	 71.19	 68.73	 72.20	 63.39	 62.86	 68.34	 72.54	 69.55	 71.19	 55.08	 67.57		Imantodes_cenchoa 25
																										  0.00	  7.50	  6.92	 71.36	 69.95	 73.07	 71.34	 73.40	 71.19	 71.74	 72.18	 70.88	 70.75	 69.24	 70.63	 61.45	  9.14	  9.56	 71.36	 73.03	 70.58	 69.90	 72.00	 70.45	 33.06	 72.46	 57.95	 72.67	 72.15	 73.60	 68.09	 75.17	 69.77	 72.20	 70.97		Lacerta_agilis 26
																											  0.00	  1.81	 71.95	 69.86	 72.40	 70.75	 72.98	 71.69	 71.66	 72.52	 70.88	 70.00	 69.07	 70.46	 61.29	  8.24	  7.83	 72.03	 72.86	 70.24	 70.15	 71.08	 70.03	 32.97	 72.21	 57.78	 72.34	 71.64	 73.77	 69.10	 75.51	 70.02	 71.77	 70.54		Lacerta_bilineata 27
																												  0.00	 71.69	 70.12	 72.57	 71.00	 73.23	 71.36	 71.40	 72.86	 70.54	 70.25	 69.32	 70.80	 61.20	  7.83	  7.25	 71.86	 73.03	 70.58	 70.07	 71.17	 70.12	 33.22	 72.21	 57.95	 72.50	 71.72	 73.68	 68.84	 75.39	 70.10	 71.86	 70.88		Lacerta_viridis 28
																													  0.00	 68.68	 66.95	 67.35	 67.63	 14.49	 44.15	 68.56	 60.95	 70.34	 69.32	 67.74	 70.34	 70.76	 71.86	 69.32	 67.46	 67.26	 70.84	 72.20	 72.03	 73.39	 70.00	 72.71	 45.68	 68.06	 69.02	 70.42	 69.66	 71.61	 68.42	 67.83		Laticauda_colubrina 29
																														  0.00	 46.26	 39.71	 66.47	 68.34	 68.08	 34.13	 69.19	 68.17	 69.27	 71.65	 73.09	 70.03	 70.63	 69.10	 66.55	 72.36	 70.93	 69.19	 69.19	 69.35	 62.48	 71.05	 67.57	 70.53	 67.83	 67.32	 66.74	 72.67	 71.94	 71.90		Lepidodactylus_listeri 30
																															  0.00	 47.19	 66.25	 67.29	 67.85	 46.05	 65.11	 69.88	 71.86	 69.35	 73.49	 72.82	 73.07	 60.07	 65.88	 70.32	 70.93	 69.80	 69.11	 71.73	 59.40	 72.48	 67.77	 68.31	 70.54	 69.13	 69.33	 70.47	 73.15	 69.19		Lerista_edwardsae 31
																																  0.00	 64.71	 67.26	 67.86	 42.86	 68.03	 68.88	 70.41	 69.64	 73.72	 71.09	 71.43	 64.46	 64.29	 70.15	 71.10	 67.52	 67.77	 71.94	 67.35	 71.43	 66.33	 69.17	 65.05	 68.54	 65.73	 71.09	 68.42	 68.71		Morelia_viridis 32
																																	  0.00	 66.61	 65.99	 66.25	 68.25	 69.95	 67.63	 68.08	 72.47	 72.64	 73.23	 69.28	 17.59	 67.60	 71.70	 68.86	 68.10	 72.22	 68.35	 71.21	 65.06	 67.97	 67.40	 67.26	 19.78	 72.39	 69.54	 68.42		Myanophis_thanlyinensis 33
																																		  0.00	 41.61	 68.39	 61.29	 71.10	 68.73	 66.72	 72.54	 70.34	 71.53	 68.39	 66.61	 66.41	 70.24	 72.46	 72.37	 73.56	 70.08	 73.05	 43.90	 66.27	 67.74	 69.66	 69.78	 71.61	 69.19	 66.72		Naja_naja 34
																																			  0.00	 68.87	 48.98	 71.24	 71.95	 65.79	 71.40	 71.32	 71.66	 70.30	 65.48	 65.48	 69.81	 70.98	 70.81	 73.01	 69.37	 72.93	 15.65	 66.95	 65.87	 67.43	 68.09	 71.49	 71.00	 64.94		Ophiophagus_hannah 35
																																				  0.00	 69.02	 68.49	 67.63	 69.10	 72.10	 71.85	 72.52	 69.33	 66.55	 69.56	 71.61	 69.66	 69.28	 72.02	 69.50	 73.28	 68.70	 71.21	 70.37	 69.41	 66.52	 71.34	 72.29	 69.44		Paroedura_picta 36
																																					  0.00	 68.85	 69.95	 67.91	 70.88	 70.29	 70.54	 66.98	 69.78	 67.43	 69.47	 70.29	 69.44	 71.48	 64.35	 70.12	 49.49	 66.10	 62.22	 70.37	 70.56	 71.31	 65.49	 68.76		Phrynocephalus_versicolor 37
																																						  0.00	 49.15	 71.31	 69.50	 70.75	 70.67	 68.93	 69.41	 72.28	 70.93	 30.42	 29.88	 70.92	 69.75	 71.25	 70.05	 69.85	 70.12	 69.68	 70.45	 70.25	 71.34	 71.90		Phrynosoma_blainvillii 38
																																							  0.00	 71.82	 70.68	 68.31	 68.22	 70.68	 68.47	 72.28	 72.30	 67.88	 67.97	 69.32	 70.59	 70.76	 71.44	 71.12	 70.29	 67.97	 70.11	 70.59	 71.86	 71.22		Phrynosoma_platyrhinos 39
																																								  0.00	 71.48	 71.22	 71.05	 71.31	 67.74	 10.03	 64.92	 73.85	 72.75	 69.44	 68.00	 71.99	 66.64	 66.70	 67.74	 69.78	 69.44	 71.31	 68.33	  6.03		Pituophis_catenifer 40
																																									  0.00	 61.12	 61.29	 72.11	 72.44	 71.34	 72.13	 68.58	 68.10	 68.11	 70.88	 51.41	 70.39	 71.89	 73.77	 71.36	 73.15	 69.60	 71.00	 69.86		Plestiodon_gilberti 41
																																										  0.00	  3.38	 71.86	 72.35	 70.41	 69.64	 71.42	 70.71	 33.39	 72.88	 58.69	 72.93	 71.47	 73.26	 68.84	 74.83	 71.00	 71.34	 71.31		Podarci_raffonei 42
																																											  0.00	 71.27	 72.69	 70.32	 70.41	 71.42	 70.37	 33.39	 72.71	 57.95	 72.84	 71.21	 73.60	 68.34	 74.94	 70.35	 71.69	 71.31		Podarcis_muralis 43
																																												  0.00	 68.91	 71.09	 73.16	 70.94	 70.03	 71.69	 42.96	 72.36	 69.88	 69.59	 68.93	 71.86	 70.11	 73.03	 70.48	 71.14		Pogona_vitticeps 44
																																													  0.00	 67.26	 71.70	 68.99	 67.85	 71.76	 69.75	 71.60	 65.31	 67.89	 68.34	 67.65	 13.93	 72.27	 70.91	 67.74		Protobothrops_mucrosquamatus 45
																																														  0.00	 65.44	 74.57	 73.47	 69.22	 68.20	 72.02	 66.33	 67.29	 68.03	 70.07	 68.88	 72.11	 67.90	  9.95		Ptyas_mucosa 46
																																															  0.00	 72.13	 71.18	 70.75	 71.27	 72.47	 68.70	 70.41	 70.67	 69.73	 72.47	 71.27	 56.63	 65.01		Salvator_merianae 47
																																																  0.00	  6.14	 72.08	 70.17	 70.25	 70.81	 70.70	 69.69	 69.77	 68.09	 70.42	 71.94	 74.28		Sceloporus_occidentalis 48
																																																	  0.00	 71.55	 71.04	 69.78	 70.47	 70.78	 69.19	 69.53	 67.30	 70.29	 72.03	 73.09		Sceloporus_tristichus 49
																																																		  0.00	 71.55	 55.90	 73.60	 71.72	 72.58	 66.42	 73.93	 64.62	 70.91	 69.78		Shinisaurus_crocodilurus 50
																																																			  0.00	 72.88	 68.19	 68.65	 68.76	 68.93	 72.47	 71.46	 69.88	 68.42		Sphaerodactylus_townsendi 51
																																																				  0.00	 73.77	 72.83	 72.50	 68.76	 72.58	 70.36	 73.06	 71.31		Sphenodon_punctatus 52
																																																					  0.00	 64.99	 65.62	 68.10	 66.97	 71.24	 70.05	 66.13		Thermophis_baileyi 53
																																																						  0.00	 58.43	 72.15	 70.67	 71.29	 66.35	 66.70		Tropidonophis_doriae 54
																																																							  0.00	 71.39	 70.67	 71.82	 69.19	 68.08		Varanus_komodoensis 55
																																																								  0.00	 69.55	 70.69	 71.60	 69.52		Varanus_salvator 56
																																																									  0.00	 72.92	 72.47	 68.76		Vipera_latastei 57
																																																										  0.00	 70.83	 71.56		Zootaca_vivipara 58
																																																											  0.00	 68.67		Thamnophis_elegans 59
																																																												  0.00		Pantherophis_guttatus 60
