Distance Matrix
---------------

Uncorrected for Multiple Substitutions
Using base positions 12 in the codon
Gap weighting is 0.000000

	    1	    2	    3	    4	    5	    6	    7	    8	    9	    10	    11	    12	    13	    14	    15	    16	    17	    18	    19	    20	    21	    22	    23	    24	    25	    26	    27	    28	    29	    30	    31	    32	    33	    34	    35	    36	    37	    38	    39	    40	    41	    42	    43	    44	    45	    46	    47	    48	    49	    50	    51	    52	    53	    54	    55	    56	    57	    58
	  0.00	 69.24	 71.25	 71.09	 70.16	 70.42	 69.94	 70.94	 72.01	 71.25	 72.33	 72.59	 67.68	 72.66	 69.18	 70.22	 70.56	 70.94	 70.57	 69.94	 71.72	 70.09	 70.09	 20.40	 71.12	 71.89	 71.74	 71.72	 70.60	 69.38	 70.56	 20.09	 72.33	 20.25	 71.99	 71.03	 71.12	 71.12	 72.01	 70.87	 72.83	 72.98	 69.92	 71.25	 71.70	 71.22	 71.74	 70.98	 69.22	 70.87	 72.20	 21.34	 67.67	 68.50	 69.00	 72.64	 72.83	 71.70		Python_bivittatus 1
		  0.00	 21.61	 19.56	 69.21	 70.10	 69.46	 16.88	 69.24	 16.40	 69.09	 67.67	 71.50	 16.72	 71.45	 63.42	 19.09	 17.67	 71.84	 22.24	 31.39	 70.41	 17.82	 69.72	 28.55	 27.44	 28.23	 19.24	 71.92	 18.30	 25.24	 69.72	 68.45	 70.82	 71.36	 70.03	 28.86	 29.50	 69.87	 27.44	 28.55	 28.86	 31.86	 16.72	 70.35	 70.42	 30.13	 72.40	 60.88	 23.19	 28.23	 70.98	 73.19	 71.83	 63.72	 69.56	 29.18	 68.93		Anilios_bituberculatus 2
			  0.00	 11.09	 71.75	 69.45	 69.94	 21.88	 68.08	 22.03	 67.45	 66.72	 70.22	 22.81	 69.50	 62.87	 16.25	 22.81	 70.73	 19.06	 27.81	 71.04	 14.38	 71.56	 28.75	 28.75	 29.69	 23.12	 71.86	 15.94	 29.84	 71.09	 67.77	 72.19	 70.09	 67.03	 21.88	 20.78	 68.55	 24.69	 27.66	 28.28	 32.97	 22.97	 69.18	 69.94	 23.59	 70.35	 60.31	 18.59	 28.44	 70.78	 73.03	 70.50	 64.53	 68.55	 27.97	 69.03		Anolis_carolinensis 3
				  0.00	 71.43	 69.29	 68.35	 23.28	 68.87	 22.66	 69.65	 67.81	 72.29	 23.12	 71.54	 62.68	 16.09	 22.66	 69.78	 19.06	 27.97	 70.73	 15.31	 71.41	 27.97	 28.44	 28.91	 23.44	 70.28	 15.94	 30.47	 71.25	 69.03	 71.41	 68.83	 68.12	 24.53	 23.91	 69.34	 25.94	 26.72	 27.66	 32.81	 23.75	 70.44	 70.26	 25.00	 70.03	 58.91	 20.00	 28.75	 70.94	 73.03	 69.83	 63.28	 70.13	 28.44	 69.34		Anolis_sagrei 4
					  0.00	 73.15	 71.27	 69.84	 71.90	 68.73	 72.86	 74.13	 69.27	 69.21	 70.79	 72.24	 72.38	 69.21	 72.86	 72.06	 72.54	 71.75	 71.75	 71.59	 71.75	 71.27	 71.75	 70.95	 69.68	 70.79	 70.48	 70.95	 71.59	 71.43	 65.08	 72.38	 72.70	 72.54	 71.90	 73.02	 71.27	 71.11	 71.43	 68.41	 72.38	 72.19	 72.22	 69.68	 69.37	 71.43	 72.86	 72.22	 69.21	 72.33	 70.79	 73.02	 71.59	 70.95		Arizona_elegans 5
						  0.00	 68.33	 69.61	 70.42	 69.13	 72.03	 71.70	 72.03	 69.77	 72.19	 69.12	 68.97	 68.97	 68.97	 68.97	 68.97	 66.40	 69.77	 69.77	 68.81	 68.17	 68.81	 69.94	 69.94	 69.61	 67.85	 69.77	 70.90	 69.13	 70.42	 71.54	 68.33	 68.01	 71.06	 67.85	 68.65	 69.29	 69.29	 68.81	 71.38	  6.59	 67.68	 68.17	 70.90	 68.81	 69.61	 68.81	 71.22	 70.17	 70.58	 71.54	 68.17	 71.86		Aspidocelis_tigris 6
							  0.00	 69.46	 68.83	 69.94	 69.62	 68.35	 71.02	 71.04	 73.73	 70.96	 67.72	 68.20	 30.70	 67.88	 69.46	 18.35	 67.72	 71.84	 67.25	 68.20	 68.51	 68.20	 71.68	 68.04	 68.20	 71.04	 69.15	 70.73	 32.12	 69.46	 67.88	 67.56	 68.99	 68.51	 66.61	 66.61	 68.51	 69.94	 69.46	 68.33	 67.56	 31.65	 72.94	 68.20	 68.51	 70.09	 73.42	 28.33	 73.26	 70.41	 67.25	 68.04		Aspidoscelis_marmoratus 7
								  0.00	 67.77	  6.56	 67.92	 66.72	 70.70	  9.69	 69.34	 64.52	 21.88	 10.78	 71.68	 24.22	 35.16	 69.94	 21.56	 71.09	 30.62	 31.56	 32.19	 12.50	 71.86	 21.09	 21.88	 70.31	 66.98	 71.09	 71.99	 66.88	 31.09	 31.56	 69.03	 29.69	 30.47	 30.62	 34.53	  6.25	 69.65	 69.94	 31.25	 70.98	 61.56	 23.91	 31.72	 70.94	 71.77	 72.50	 63.28	 68.24	 31.09	 68.24		Azemiops_feae 8
									  0.00	 67.61	 11.48	 25.79	 70.38	 69.50	 62.42	 71.88	 70.13	 68.24	 69.30	 66.82	 67.77	 68.04	 70.60	 72.17	 70.44	 70.60	 70.91	 69.03	 72.33	 69.03	 70.75	 72.33	 11.64	 72.80	 67.88	 24.69	 70.60	 69.97	 11.01	 69.50	 69.81	 71.23	 72.01	 69.18	 10.22	 69.61	 70.44	 69.09	 71.86	 69.34	 69.97	 72.01	 71.92	 68.83	 71.07	 15.88	 71.54	 10.22		Boaedon_fuliginosus 9
										  0.00	 67.92	 67.97	 70.22	  6.72	 69.03	 63.60	 20.47	 10.31	 72.15	 24.22	 35.00	 70.09	 20.16	 71.56	 30.31	 30.78	 31.72	 11.25	 72.01	 20.94	 22.34	 71.41	 67.92	 72.19	 71.52	 67.19	 30.78	 31.41	 69.03	 29.37	 29.84	 30.00	 34.06	  5.16	 69.03	 69.94	 31.25	 71.45	 62.81	 23.44	 31.09	 71.88	 72.56	 72.67	 63.28	 68.40	 30.31	 68.87		Bothrops_jararaca 10
											  0.00	 24.84	 69.59	 69.65	 62.11	 71.32	 69.65	 68.87	 71.04	 68.24	 68.40	 68.20	 69.81	 72.48	 70.28	 70.13	 69.81	 69.81	 72.17	 69.97	 70.13	 72.64	  7.39	 73.43	 70.41	 24.53	 69.18	 68.71	  8.65	 70.60	 69.50	 70.28	 71.38	 68.71	  8.02	 71.54	 70.13	 70.66	 70.60	 70.28	 71.23	 72.96	 73.03	 70.17	 71.23	 12.74	 71.54	  8.65		Bungarus_multicintus 11
												  0.00	 69.75	 69.53	 61.32	 73.35	 68.22	 68.44	 71.04	 66.98	 68.44	 68.99	 68.38	 73.99	 69.16	 69.47	 69.94	 69.06	 72.33	 68.59	 69.16	 74.45	 25.79	 73.99	 69.15	 19.63	 69.63	 69.31	 24.69	 69.31	 68.85	 69.31	 70.87	 67.50	 24.84	 71.86	 69.16	 72.08	 70.62	 69.00	 71.18	 74.77	 71.14	 70.00	 70.25	 28.46	 70.40	 24.84		Calotes_versicolor 12
													  0.00	 70.86	 69.27	 71.51	 72.45	 71.18	 71.34	 70.70	 68.95	 72.29	 72.77	 66.40	 72.29	 72.77	 73.09	 70.22	 69.59	 71.82	 69.11	 67.04	 69.90	 67.68	 70.86	 71.18	 71.66	 71.34	 69.43	 71.18	 72.77	 72.93	 69.90	 69.59	 69.59	 71.38	 71.82	 70.54	 73.73	 70.06	 70.06	 67.20	 68.63	 70.33	 72.77	 71.82	 70.54	 70.06		Charina_bottae 13
														  0.00	 70.28	 64.52	 20.78	 12.19	 73.26	 24.84	 34.84	 71.52	 20.78	 71.25	 30.62	 31.09	 31.72	 12.19	 71.86	 21.25	 22.50	 71.25	 69.03	 72.19	 72.47	 69.06	 30.00	 30.00	 70.13	 29.84	 31.09	 31.09	 33.91	  6.88	 71.38	 70.58	 31.09	 72.08	 62.81	 24.37	 30.62	 71.56	 72.24	 72.83	 63.44	 69.97	 29.69	 70.28		Crotalus_tigris 14
															  0.00	 72.98	 72.17	 69.81	 71.84	 70.13	 71.38	 71.84	 70.60	 70.28	 70.75	 71.38	 72.01	 70.60	 69.03	 71.86	 72.48	 70.91	 61.48	 70.60	 71.20	 61.95	 73.58	 72.64	 60.69	 71.54	 71.54	 72.17	 71.23	 70.13	 61.32	 72.83	 74.06	 71.14	 69.03	 69.34	 72.80	 70.44	 29.65	 74.00	 68.08	 63.99	 73.43	 62.11		Cryptoblepharus_egeriae 15
																  0.00	 61.95	 63.42	 70.04	 63.79	 62.32	 71.51	 62.13	 69.49	 62.50	 64.15	 63.79	 64.34	 72.24	 63.42	 62.68	 69.67	 71.69	 70.04	 71.51	 72.79	 65.62	 65.07	 70.59	 63.05	 63.24	 63.79	 66.18	 63.42	 70.22	 67.65	 65.81	 70.77	 72.24	 64.52	 63.79	 69.85	 72.79	 70.59	 72.98	 74.08	 63.60	 71.32		Ctenosaura_bakeri 16
																	  0.00	 21.25	 71.04	 18.22	 28.12	 69.62	  7.79	 71.81	 28.66	 27.41	 27.88	 21.56	 72.48	 16.09	 30.37	 71.65	 68.87	 72.59	 69.78	 69.31	 24.30	 24.14	 69.97	 23.36	 26.64	 27.10	 33.64	 21.72	 70.75	 69.94	 25.86	 70.66	 59.69	 18.38	 28.19	 72.12	 72.24	 69.83	 63.71	 70.13	 28.82	 69.65		Cyclura_pinguis 17
																		  0.00	 72.15	 23.44	 33.59	 70.25	 20.63	 71.41	 33.12	 32.81	 33.75	 11.41	 70.60	 22.03	 23.12	 71.72	 67.92	 72.03	 71.04	 67.66	 32.34	 32.34	 69.18	 29.84	 31.72	 32.50	 35.31	 10.94	 69.18	 69.45	 32.50	 71.45	 61.56	 25.00	 32.66	 71.72	 72.87	 71.50	 61.87	 68.71	 32.34	 68.40		Diadophis_punctatus 18
																			  0.00	 71.04	 70.41	 25.95	 70.57	 71.99	 69.94	 70.09	 70.25	 70.09	 69.46	 72.15	 69.15	 72.63	 69.46	 71.84	 29.91	 71.68	 68.83	 68.99	 70.09	 69.78	 68.83	 68.83	 70.25	 72.94	 69.78	 68.01	 70.73	 13.29	 72.31	 70.89	 69.78	 70.73	 62.34	 15.17	 71.84	 70.89	 70.57	 70.25		Elgaria_multicarinata 19
																				  0.00	 27.97	 71.20	 16.67	 71.03	 29.60	 28.50	 29.13	 24.53	 70.60	 19.84	 31.46	 71.18	 66.98	 71.81	 70.57	 67.29	 28.19	 27.73	 68.24	 26.95	 26.95	 28.19	 36.14	 24.69	 68.71	 69.29	 29.28	 70.35	 60.31	 18.07	 30.37	 71.18	 71.92	 69.00	 64.02	 68.24	 28.19	 68.08		Eublepharis_macularius 20
																					  0.00	 69.78	 27.03	 70.16	 28.91	 28.44	 28.59	 35.00	 59.59	 27.03	 31.72	 70.16	 68.55	 69.22	 69.15	 69.38	 25.94	 25.00	 69.65	 26.09	 27.97	 28.91	 29.84	 34.84	 70.28	 69.45	 26.72	 69.40	 72.50	 29.06	 29.06	 70.78	 72.08	 67.83	 74.22	 69.97	 28.91	 68.71		Gekko_japonicus 21
																						  0.00	 69.94	 70.09	 69.30	 69.46	 69.30	 69.78	 73.10	 70.25	 69.62	 71.20	 67.88	 69.30	 31.65	 68.99	 68.83	 68.51	 69.15	 70.09	 68.35	 68.51	 69.15	 70.73	 69.15	 66.72	 68.35	 26.27	 74.05	 69.62	 69.46	 68.99	 72.15	 25.00	 72.31	 69.15	 70.09	 68.83		Hemicordylus_capensis 22
																							  0.00	 72.12	 26.79	 25.70	 26.32	 20.63	 72.33	 13.59	 29.75	 71.65	 69.65	 72.27	 69.94	 69.63	 22.74	 22.90	 70.75	 22.74	 24.77	 25.70	 32.87	 20.94	 71.07	 70.42	 24.61	 70.98	 59.22	 17.91	 27.73	 71.50	 72.24	 69.17	 62.77	 71.07	 27.41	 70.60		Iguana_delicatissima 23
																								  0.00	 60.90	 61.84	 61.53	 72.03	 68.71	 69.84	 59.66	  8.41	 72.17	  8.41	 71.99	 70.87	 60.90	 60.90	 72.64	 60.59	 62.77	 62.15	 62.31	 71.25	 72.48	 71.86	 61.37	 70.82	 70.78	 71.03	 61.37	  7.01	 69.40	 70.50	 69.63	 72.64	 62.62	 72.64		Imantodes_cenchoa 24
																									  0.00	  5.90	  6.06	 32.03	 69.65	 26.09	 20.72	 61.37	 70.13	 61.84	 69.46	 69.47	 15.99	 16.77	 70.60	 14.64	  9.16	  8.54	 25.78	 31.25	 71.86	 70.10	 17.55	 69.72	 71.88	 29.60	 18.79	 59.66	 72.40	 69.33	 73.68	 71.07	 10.71	 69.65		Lacerta_agilis 25
																										  0.00	  1.55	 31.72	 70.44	 26.09	 20.56	 61.99	 69.50	 62.77	 70.41	 69.63	 15.06	 15.53	 69.97	 13.71	  8.23	  8.70	 24.84	 31.56	 70.91	 69.45	 16.77	 70.19	 71.41	 28.35	 17.70	 60.90	 73.82	 69.67	 73.36	 70.91	 10.09	 69.50		Lacerta_bilineata 26
																											  0.00	 32.66	 70.28	 26.88	 21.65	 61.99	 69.65	 62.15	 70.73	 70.09	 15.53	 16.15	 70.28	 14.33	  8.85	  9.32	 25.31	 32.50	 71.23	 70.10	 17.55	 70.50	 71.56	 29.28	 18.32	 60.59	 73.97	 69.83	 73.68	 70.75	 11.02	 69.81		Lacerta_viridis 27
																												  0.00	 72.17	 21.88	 21.88	 72.19	 68.40	 72.66	 69.30	 68.12	 30.31	 30.47	 70.44	 29.22	 31.56	 32.03	 33.59	 11.09	 71.23	 70.26	 31.41	 70.82	 62.50	 24.69	 31.41	 72.19	 72.08	 71.67	 63.91	 69.65	 32.34	 69.81		Laticauda_colubrina 28
																													  0.00	 71.07	 70.13	 69.65	 71.07	 68.24	 71.36	 71.54	 70.44	 69.34	 70.75	 69.34	 70.60	 70.91	 71.23	 72.01	 71.86	 69.77	 70.91	 70.35	 30.03	 71.54	 71.07	 69.81	 71.45	 71.33	 31.13	 73.43	 71.38	 70.60		Lepidodactylus_listeri 29
																														  0.00	 29.69	 70.00	 69.03	 70.62	 69.46	 69.06	 24.22	 24.22	 69.65	 22.66	 26.09	 26.25	 32.66	 20.94	 70.28	 70.10	 25.94	 70.82	 60.94	 17.97	 27.97	 69.84	 72.40	 70.33	 63.59	 71.23	 26.88	 69.34		Lerista_edwardsae 30
																															  0.00	 60.12	 68.55	 60.12	 70.73	 67.13	 20.40	 20.87	 70.60	 19.00	 20.09	 19.78	 25.39	 21.88	 71.38	 68.49	 21.50	 69.72	 73.28	 33.18	 20.87	 59.81	 71.92	 70.00	 73.05	 70.75	 20.40	 70.13		Morelia_viridis 31
																																  0.00	 72.64	  8.72	 72.15	 70.25	 61.53	 61.06	 72.80	 61.99	 64.17	 63.40	 62.15	 70.94	 72.48	 71.22	 61.68	 71.61	 71.25	 72.27	 61.53	  9.35	 69.24	 71.33	 69.78	 73.27	 62.62	 72.17		Myanophis_thanlyinensis 32
																																	  0.00	 72.80	 69.94	 23.11	 69.34	 69.03	  9.28	 70.44	 69.03	 69.97	 71.70	 68.87	  9.43	 69.77	 70.13	 69.40	 69.97	 69.18	 69.34	 72.80	 72.08	 69.67	 70.13	 14.15	 70.75	  7.55		Naja_naja 33
																																		  0.00	 72.47	 69.94	 62.31	 62.15	 72.64	 61.53	 64.02	 63.71	 62.77	 71.56	 72.64	 71.22	 61.84	 70.98	 72.03	 71.81	 63.24	  8.72	 69.40	 70.67	 69.78	 73.74	 64.33	 72.48		Ophiophagus_hannah 34
																																			  0.00	 70.09	 69.78	 69.30	 70.41	 70.89	 68.99	 68.83	 70.09	 71.52	 69.62	 71.06	 69.15	 27.85	 72.47	 70.25	 70.41	 71.20	 67.56	 30.00	 73.26	 72.63	 70.25	 69.62		Paroedura_picta 35
																																				  0.00	 69.78	 69.47	 23.58	 69.94	 68.85	 69.63	 70.09	 68.12	 23.11	 71.86	 69.94	 70.98	 71.72	 69.00	 68.69	 70.87	 72.24	 71.00	 70.56	 27.52	 69.47	 22.80		Phrynocephalus_versicolor 36
																																					  0.00	  2.95	 70.44	 13.08	 14.75	 14.91	 23.60	 31.25	 71.70	 69.13	  7.61	 69.09	 71.72	 27.73	 17.08	 61.21	 71.77	 69.33	 74.92	 69.81	 16.46	 70.44		Phrynosoma_blainvillii 37
																																						  0.00	 69.81	 13.40	 15.06	 15.53	 23.76	 31.41	 71.38	 68.81	  8.23	 68.77	 71.25	 27.73	 16.30	 61.06	 71.92	 69.83	 73.68	 69.97	 15.99	 69.50		Phrynosoma_platyrhinos 38
																																							  0.00	 70.60	 69.81	 71.23	 71.70	 70.13	  5.35	 69.94	 71.23	 69.87	 70.91	 70.28	 71.23	 72.17	 71.61	 70.67	 69.97	 14.15	 71.23	  4.25		Pituophis_catenifer 39
																																								  0.00	 14.17	 15.42	 23.68	 29.69	 71.23	 69.61	 13.40	 70.19	 71.25	 26.79	 15.58	 60.75	 71.29	 69.17	 72.90	 71.23	 16.04	 70.75		Plestiodon_gilberti 40
																																									  0.00	  3.88	 23.14	 30.78	 70.44	 69.13	 15.22	 69.40	 71.88	 28.82	 18.32	 62.31	 72.71	 69.33	 73.68	 70.28	  9.78	 69.50		Podarci_raffonei 41
																																										  0.00	 22.83	 31.88	 72.17	 69.77	 15.84	 69.40	 72.34	 30.06	 17.70	 61.99	 72.71	 69.50	 74.14	 71.54	  9.47	 70.28		Podarcis_muralis 42
																																											  0.00	 34.06	 73.43	 70.42	 23.14	 69.72	 72.50	 33.96	 26.71	 62.62	 72.08	 69.83	 73.36	 72.96	 24.84	 71.07		Pogona_vitticeps 43
																																												  0.00	 70.91	 69.77	 31.09	 71.61	 62.34	 24.22	 32.34	 71.56	 72.08	 73.00	 63.13	 69.97	 31.09	 70.28		Protobothrops_mucrosquamatus 44
																																													  0.00	 70.74	 72.80	 69.87	 70.75	 71.07	 72.01	 72.64	 70.98	 70.00	 70.44	 13.99	 72.33	  5.35		Ptyas_mucosa 45
																																														  0.00	 69.29	 68.01	 71.54	 70.26	 70.58	 71.70	 71.06	 70.50	 71.54	 71.70	 69.94	 70.58		Salvator_merianae 46
																																															  0.00	 70.82	 72.50	 28.97	 17.55	 62.31	 71.14	 69.67	 75.39	 71.23	 16.93	 70.75		Sceloporus_occidentalis 47
																																																  0.00	 72.24	 70.50	 69.09	 70.19	 61.04	 16.17	 71.77	 71.45	 70.35	 70.19		Sceloporus_tristichus 48
																																																	  0.00	 60.31	 72.19	 71.56	 71.77	 73.00	 18.44	 72.01	 72.50	 71.07		Shinisaurus_crocodilurus 49
																																																		  0.00	 31.31	 70.87	 72.24	 69.17	 61.53	 70.91	 29.44	 70.60		Sphaerodactylus_townsendi 50
																																																			  0.00	 61.84	 72.40	 68.67	 72.43	 70.28	 17.70	 70.28		Sphenodon_punctatus 51
																																																				  0.00	 70.19	 70.00	 69.31	 72.96	 62.15	 72.33		Thermophis_baileyi 52
																																																					  0.00	 64.83	 71.14	 74.29	 73.34	 71.45		Tropidonophis_doriae 53
																																																						  0.00	 72.17	 72.33	 69.83	 70.67		Varanus_komodoensis 54
																																																							  0.00	 72.17	 74.30	 70.60		Varanus_salvator 55
																																																								  0.00	 71.70	 14.15		Vipera_latastei 56
																																																									  0.00	 70.91		Zootaca_vivipara 57
																																																										  0.00		Pantherophis_guttatus 58
