Distance Matrix
---------------

Uncorrected for Multiple Substitutions
Using base positions 3 in the codon
Gap weighting is 0.000000

	    1	    2	    3	    4	    5	    6	    7	    8	    9	    10	    11	    12	    13	    14	    15	    16	    17	    18	    19	    20	    21	    22	    23	    24	    25	    26	    27	    28	    29	    30	    31	    32	    33	    34	    35	    36	    37	    38	    39	    40	    41	    42	    43	    44	    45	    46	    47	    48	    49	    50	    51	    52	    53	    54	    55	    56
	  0.00	 42.14	 60.49	 39.26	 61.04	 49.08	 49.69	 46.01	 61.96	 45.00	 58.28	 59.63	 42.94	 63.16	 58.28	 60.12	 61.35	 48.47	 58.90	 57.06	 27.16	 59.88	 61.01	 49.08	 58.90	 60.87	 49.69	 37.42	 28.83	 57.79	 57.76	 46.01	 55.21	 48.12	 58.90	 60.25	 49.08	 57.59	 62.26	 65.03	 45.00	 58.28	 46.63	 50.92	 60.87	 57.06	 28.83	 43.56	 54.55	 53.42	 60.12	 58.90	 42.50	 57.67	 52.15	 62.11		Arizona_elegans 1
		  0.00	 60.12	 39.88	 60.90	 43.45	 45.40	 42.94	 56.36	 36.20	 60.00	 56.44	 35.15	 59.48	 60.61	 55.15	 67.27	 37.20	 52.73	 55.15	 37.65	 56.71	 57.23	 39.88	 58.79	 57.67	 44.17	 25.15	 29.63	 58.33	 55.83	 38.65	 62.42	 40.00	 58.18	 58.28	 42.51	 60.62	 57.76	 57.58	 46.50	 55.76	 45.83	 50.91	 57.06	 56.97	 36.42	 36.81	 57.05	 60.74	 57.58	 59.39	 41.72	 56.36	 52.73	 55.83		Thermophis_baileyi 2
			  0.00	 54.55	 58.39	 61.90	 60.00	 55.76	 51.16	 56.17	 55.56	 60.95	 55.69	 55.70	 58.72	 52.33	 52.91	 55.42	 55.81	 52.33	 53.99	 54.97	 57.23	 57.14	 58.72	 58.58	 53.94	 54.55	 50.61	 57.14	 60.36	 64.85	 58.48	 58.02	 56.73	 58.58	 60.48	 59.39	 55.69	 58.72	 54.38	 55.29	 59.52	 54.07	 65.68	 54.97	 51.22	 62.42	 59.63	 57.40	 57.56	 51.16	 60.49	 55.56	 62.21	 57.99		Elgaria_multicarinata 3
				  0.00	 59.49	 49.10	 46.11	 45.51	 62.87	 36.42	 56.29	 55.15	 37.13	 59.62	 54.49	 55.69	 56.89	 44.58	 54.49	 56.89	 40.49	 52.41	 57.06	 42.51	 58.68	 54.55	 46.11	 38.92	 42.68	 55.70	 52.12	 46.71	 60.48	 43.21	 53.89	 55.76	 43.37	 58.64	 59.51	 59.28	 44.72	 59.88	 45.51	 48.50	 56.36	 56.29	 42.68	 38.32	 54.43	 57.58	 64.67	 53.89	 45.68	 55.09	 57.49	 54.55		Thamnophis_elegans 4
					  0.00	 60.25	 56.96	 51.27	 56.44	 62.58	 46.01	 51.55	 58.12	 57.23	 57.06	 50.92	 55.21	 59.75	 50.92	 53.99	 55.13	 60.49	 55.41	 58.39	 58.90	 52.17	 60.13	 60.76	 61.78	 17.79	 50.31	 60.76	 53.37	 65.16	 55.83	 51.55	 62.50	 54.94	 53.80	 58.90	 65.13	 60.12	 58.39	 55.21	 55.28	 54.60	 59.87	 62.03	 46.91	 57.41	 55.21	 54.60	 65.16	 54.60	 53.99	 54.04		Aspidocelis_tigris 5
						  0.00	 44.91	 51.50	 62.94	 50.30	 63.53	 61.90	 46.75	 72.78	 58.82	 60.59	 62.94	 51.19	 63.53	 59.41	 45.18	 57.99	 60.98	 45.09	 63.53	 60.71	 53.89	 41.92	 47.59	 62.11	 61.90	 47.90	 61.76	 51.22	 62.94	 58.93	 33.72	 63.64	 59.39	 63.53	 54.66	 58.82	 47.40	 57.65	 63.10	 64.71	 43.98	 46.11	 59.01	 66.07	 60.00	 58.24	 47.90	 62.35	 62.35	 61.90		Azemiops_feae 6
							  0.00	 45.51	 58.68	 43.83	 59.28	 59.39	 47.31	 59.62	 56.89	 61.08	 67.07	 50.00	 58.68	 61.68	 47.24	 60.24	 58.28	 46.71	 59.88	 57.58	 53.29	 44.31	 50.00	 57.59	 60.61	 50.30	 63.47	 47.53	 56.29	 57.58	 44.58	 64.81	 57.67	 62.28	 47.83	 59.88	 46.11	 51.50	 55.76	 61.68	 48.78	 47.90	 57.59	 62.42	 54.49	 56.29	 48.15	 58.08	 59.88	 57.58		Daboia_siamensis 7
								  0.00	 56.89	 41.36	 54.49	 59.39	 44.91	 55.77	 55.69	 55.69	 64.67	 39.76	 55.09	 55.69	 47.24	 57.23	 55.21	 42.51	 63.47	 59.39	 38.69	 46.71	 37.80	 51.27	 57.58	 52.69	 59.28	 48.15	 54.49	 58.79	 53.01	 54.32	 61.35	 57.49	 50.31	 58.68	 53.89	 51.50	 61.21	 56.89	 42.07	 39.52	 57.59	 63.64	 62.87	 58.68	 50.00	 52.10	 59.28	 58.79		Charina_bottae 8
									  0.00	 56.71	 51.45	 60.23	 58.58	 59.38	 50.00	 50.00	 52.87	 57.14	 50.00	 50.00	 55.15	 49.13	 51.19	 64.12	 54.02	 60.23	 58.68	 56.89	 58.43	 55.83	 59.06	 67.66	 48.55	 63.41	 47.40	 54.39	 64.50	 55.69	 58.58	 57.47	 57.14	 57.56	 63.53	 50.57	 57.31	 46.24	 53.61	 64.67	 58.28	 55.56	 48.28	 53.45	 60.37	 45.66	 54.60	 60.82		Shinisaurus_crocodilurus 9
										  0.00	 51.83	 57.41	 41.46	 57.24	 53.66	 54.27	 59.15	 42.33	 53.66	 57.32	 40.85	 53.05	 60.76	 45.51	 58.54	 55.56	 47.53	 40.74	 39.88	 63.23	 51.85	 46.91	 57.93	 32.93	 48.17	 55.56	 46.39	 54.72	 61.87	 56.71	 41.61	 60.37	 49.70	 55.49	 54.94	 52.44	 44.17	 38.89	 58.71	 57.41	 56.71	 54.27	 37.13	 52.44	 51.83	 51.85		Ophiophagus_hannah 10
											  0.00	 52.05	 60.95	 50.63	 53.76	 48.55	 46.82	 57.74	 43.93	 47.98	 57.58	 54.07	 60.48	 63.53	 57.80	 47.37	 58.08	 58.08	 58.43	 48.47	 51.46	 58.68	 47.98	 54.88	 52.60	 49.12	 62.13	 57.49	 55.95	 56.07	 54.04	 58.14	 65.88	 48.55	 49.12	 50.87	 56.02	 61.68	 57.67	 52.63	 55.49	 52.02	 55.49	 49.13	 54.34	 49.71		Anolis_sagrei 11
												  0.00	 58.08	 55.70	 53.22	 51.46	 57.31	 58.43	 54.39	 56.73	 53.99	 57.06	 56.97	 58.93	 61.40	 36.84	 56.97	 55.76	 59.15	 54.66	  9.36	 60.00	 57.31	 59.88	 53.22	 28.07	 53.29	 60.61	 60.84	 49.71	 58.49	 61.76	 61.90	 53.22	 38.01	 59.06	 57.93	 59.39	 54.66	 59.17	 58.48	 52.05	 57.41	 52.63	 56.14	 38.01		Lacerta_bilineata 12
													  0.00	 60.51	 55.03	 56.21	 60.36	 40.48	 54.44	 55.03	 36.97	 55.36	 55.83	 42.01	 58.58	 59.88	 45.51	 31.14	 35.54	 57.50	 56.89	 46.11	 60.95	 44.51	 55.62	 63.47	 41.67	 60.37	 55.15	 59.76	 47.20	 57.99	 43.20	 55.62	 59.28	 56.21	 32.53	 38.32	 55.62	 62.28	 55.62	 60.36	 40.85	 55.62	 52.66	 56.29		Imantodes_cenchoa 13
														  0.00	 48.75	 51.88	 56.25	 60.26	 54.38	 53.75	 60.13	 55.97	 56.13	 65.19	 62.50	 53.16	 57.69	 58.97	 54.55	 53.46	 53.16	 64.10	 54.38	 63.16	 51.88	 59.49	 61.15	 52.20	 59.35	 56.88	 60.00	 60.62	 68.99	 54.38	 53.80	 51.88	 59.09	 63.46	 55.70	 57.50	 53.75	 56.88	 63.82	 53.75	 60.00	 51.27		Phrynocephalus_versicolor 14
															  0.00	 48.28	 51.15	 54.17	 48.85	 50.00	 58.79	 45.66	 52.98	 60.59	 59.20	 53.22	 58.08	 56.89	 56.63	 59.51	 51.46	 62.87	 58.38	 57.93	 49.13	 59.06	 59.17	 53.89	 59.17	 52.87	 59.01	 59.88	 59.41	 52.87	 57.31	 53.76	 59.04	 56.29	 52.76	 54.39	 59.77	 52.30	 58.54	 47.98	 57.47	 54.39		Cryptoblepharus_egeriae 15
																  0.00	 51.72	 51.79	 32.18	 31.61	 60.00	 45.09	 52.38	 53.53	 55.17	 54.97	 54.49	 59.88	 55.42	 52.15	 53.22	 62.87	 47.40	 59.76	 45.66	 56.14	 60.36	 52.69	 53.85	 55.75	 58.39	 56.40	 61.76	 50.57	 56.14	 44.51	 58.43	 53.89	 51.53	 56.14	 54.02	 55.75	 60.98	 45.09	 54.60	 51.46		Iguana_delicatissima 16
																	  0.00	 62.50	 51.72	 47.13	 56.97	 50.29	 58.33	 67.65	 54.02	 57.31	 58.68	 65.87	 63.25	 51.53	 54.39	 65.87	 52.02	 67.07	 45.09	 57.31	 62.72	 56.29	 60.36	 61.49	 62.73	 65.70	 70.59	 46.55	 59.65	 50.29	 62.05	 65.87	 54.60	 54.97	 53.45	 56.32	 67.07	 50.29	 54.60	 57.31		Anolis_carolinensis 17
																		  0.00	 50.60	 52.98	 46.67	 52.10	 61.11	 43.45	 60.12	 57.23	 47.59	 42.17	 39.76	 55.97	 60.24	 55.42	 57.14	 47.24	 55.36	 64.46	 49.40	 58.90	 65.85	 58.33	 49.37	 58.33	 47.02	 51.19	 62.05	 58.33	 45.78	 39.76	 57.23	 57.83	 58.93	 55.36	 46.63	 56.55	 60.12	 57.23		Myanophis_thanlyinensis 18
																			  0.00	 32.76	 60.00	 42.77	 49.40	 55.29	 58.05	 53.80	 48.50	 55.09	 57.83	 49.69	 53.22	 61.08	 49.13	 62.80	 44.51	 57.89	 57.99	 57.49	 50.30	 51.15	 57.76	 54.07	 56.47	 43.10	 57.31	 45.66	 57.23	 53.29	 52.15	 52.05	 56.32	 54.60	 60.98	 44.51	 52.30	 56.14		Cyclura_pinguis 19
																				  0.00	 61.21	 45.09	 52.38	 58.24	 55.17	 59.65	 52.10	 55.09	 57.23	 52.76	 51.46	 62.28	 46.24	 65.85	 44.51	 59.06	 65.09	 58.08	 50.89	 57.47	 57.76	 56.40	 60.00	 44.83	 60.82	 42.77	 57.23	 54.49	 51.53	 53.80	 55.75	 55.75	 60.37	 46.82	 52.87	 61.40		Ctenosaura_bakeri 20
																					  0.00	 52.73	 57.23	 49.40	 55.76	 58.28	 52.15	 38.65	 27.27	 55.13	 53.37	 39.26	 56.36	 43.56	 60.61	 57.67	 44.58	 60.62	 57.76	 61.82	 47.50	 59.39	 54.22	 52.12	 57.06	 53.94	 27.88	 46.01	 58.33	 49.08	 51.52	 56.97	 42.68	 56.36	 48.48	 58.90		Ptyas_mucosa 21
																						  0.00	 50.30	 57.40	 53.18	 59.41	 53.61	 57.23	 52.12	 56.79	 55.88	 62.05	 51.16	 59.15	 46.51	 61.18	 59.52	 54.82	 54.76	 50.87	 55.90	 53.22	 59.76	 47.98	 55.88	 51.16	 53.94	 55.42	 57.41	 55.88	 54.34	 42.20	 60.37	 52.91	 57.23	 60.59		Lerista_edwardsae 22
																							  0.00	 60.37	 56.55	 58.18	 59.51	 54.60	 55.62	 51.59	 56.36	 63.80	 59.88	 67.72	 52.10	 56.97	 61.35	 58.39	 49.70	 53.57	 63.69	 56.02	 63.41	 58.33	 55.15	 53.29	 58.75	 55.21	 53.80	 53.33	 63.69	 55.36	 64.56	 54.49	 60.71	 56.97		Lepidodactylus_listeri 23
																								  0.00	 64.71	 55.95	 54.49	 40.12	 40.96	 57.14	 60.71	 54.49	 60.59	 46.34	 59.41	 60.12	 40.12	 58.79	 60.00	 58.82	 50.31	 58.24	 38.15	 55.88	 59.52	 62.94	 50.60	 45.51	 56.52	 60.12	 64.71	 58.82	 49.70	 58.24	 62.35	 54.76		Bothrops_jararaca 24
																									  0.00	 63.16	 63.47	 58.68	 57.23	 53.37	 58.48	 58.08	 57.80	 63.41	 53.76	 61.40	 57.99	 56.89	 62.13	 62.64	 60.87	 57.23	 61.76	 58.62	 57.89	 54.91	 53.61	 61.68	 57.67	 57.31	 48.28	 55.75	 59.76	 54.34	 40.57	 62.57		Varanus_komodoensis 25
																										  0.00	 59.39	 57.58	 56.10	 50.31	 38.01	 61.21	 57.31	 59.88	 52.63	 32.16	 56.29	 55.76	 59.64	 54.39	 59.12	 54.12	 57.14	 55.56	 33.92	 57.31	 60.37	 57.58	 54.66	 56.21	 56.73	 52.05	 61.11	 50.29	 60.23	 15.79		Podarcis_muralis 26
																											  0.00	 46.11	 48.78	 55.06	 55.76	 55.69	 61.08	 54.94	 55.09	 60.00	 54.82	 57.41	 61.96	 59.28	 52.80	 57.49	 52.10	 47.90	 63.64	 56.29	 50.61	 41.32	 55.06	 58.18	 62.87	 58.08	 48.77	 53.29	 57.49	 63.64		Morelia_viridis 27
																												  0.00	 32.32	 61.39	 54.55	 43.71	 59.28	 38.89	 57.49	 57.58	 42.17	 60.49	 60.74	 58.68	 42.24	 55.69	 42.51	 49.70	 61.21	 58.68	 35.98	 40.72	 56.96	 61.82	 57.49	 55.09	 37.65	 53.29	 56.89	 55.76		Diadophis_punctatus 28
																													  0.00	 57.96	 59.15	 44.51	 60.84	 44.17	 56.02	 60.98	 45.78	 55.90	 64.20	 61.45	 50.63	 53.01	 48.19	 52.41	 58.54	 56.02	 19.88	 42.68	 59.87	 57.93	 57.23	 56.02	 42.94	 56.63	 51.20	 53.05		Pantherophis_guttatus 29
																														  0.00	 54.66	 60.76	 49.08	 63.87	 55.83	 57.14	 60.00	 55.56	 56.96	 57.67	 66.45	 56.44	 58.39	 50.92	 51.55	 54.60	 60.51	 58.86	 41.98	 54.94	 52.15	 57.06	 63.87	 55.21	 52.76	 52.80		Aspidoscelis_marmoratus 30
																															  0.00	 58.79	 56.14	 59.26	 47.95	 26.32	 53.29	 58.18	 59.64	 51.46	 55.97	 61.18	 63.10	 51.46	 40.35	 56.73	 56.71	 56.36	 52.17	 59.17	 56.73	 52.05	 56.79	 49.12	 54.97	 39.18		Lacerta_viridis 31
																																  0.00	 65.27	 50.62	 60.48	 67.88	 49.40	 67.28	 55.21	 66.47	 52.17	 66.47	 53.29	 55.69	 66.67	 62.87	 44.51	 45.51	 60.76	 60.61	 59.28	 60.48	 46.30	 56.89	 58.68	 62.42		Boaedon_fuliginosus 32
																																	  0.00	 63.41	 53.18	 54.39	 60.36	 61.08	 64.29	 66.47	 55.28	 60.47	 60.00	 54.91	 53.22	 30.64	 62.05	 61.08	 53.37	 59.65	 52.60	 60.12	 59.15	 47.40	 56.65	 58.48		Phrynosoma_platyrhinos 33
																																		  0.00	 59.15	 61.11	 46.01	 67.30	 67.50	 64.02	 39.13	 65.24	 50.61	 53.05	 62.96	 60.37	 47.85	 43.83	 65.16	 59.26	 62.20	 60.37	 35.37	 57.32	 60.37	 59.26		Naja_naja 34
																																			  0.00	 55.56	 60.36	 51.50	 57.14	 59.54	 59.01	 56.40	 59.41	 47.98	 54.39	 46.82	 59.04	 53.89	 52.76	 56.73	 49.71	 52.60	 59.76	 27.17	 56.07	 53.80		Sceloporus_tristichus 35
																																				  0.00	 58.08	 61.82	 60.24	 55.56	 59.75	 58.82	 57.74	 56.14	 30.99	 56.73	 56.71	 62.42	 56.52	 58.58	 59.65	 47.95	 60.49	 54.39	 60.23	 35.67		Lacerta_agilis 36
																																					  0.00	 61.59	 59.15	 62.72	 52.50	 56.80	 41.86	 57.99	 58.68	 62.13	 43.98	 48.80	 55.00	 60.48	 57.40	 59.76	 45.78	 61.54	 60.95	 55.69		Protobothrops_mucrosquamatus 37
																																						  0.00	 58.02	 50.90	 65.38	 56.29	 63.64	 54.49	 55.15	 56.89	 58.39	 59.88	 55.28	 59.04	 61.08	 54.49	 61.01	 50.90	 56.29	 54.55		Pogona_vitticeps 38
																																							  0.00	 50.30	 62.42	 57.49	 56.97	 56.80	 61.45	 55.36	 62.35	 56.44	 55.35	 57.83	 60.95	 59.17	 66.88	 57.14	 63.91	 60.24		Gekko_japonicus 39
																																								  0.00	 65.22	 56.65	 68.24	 55.17	 55.56	 57.23	 63.86	 58.68	 55.21	 62.57	 64.94	 58.05	 64.63	 58.96	 59.43	 53.22		Sphaerodactylus_townsendi 40
																																									  0.00	 64.60	 55.28	 53.42	 60.38	 55.90	 50.00	 44.10	 65.79	 59.12	 64.60	 57.76	 45.96	 50.93	 55.90	 60.38		Bungarus_multicintus 41
																																										  0.00	 62.35	 58.72	 57.06	 61.05	 55.42	 56.89	 52.15	 56.47	 52.91	 55.23	 64.02	 55.81	 62.07	 55.88		Paroedura_picta 42
																																											  0.00	 60.00	 62.50	 60.59	 49.40	 47.31	 56.52	 64.29	 59.41	 55.88	 48.50	 60.59	 58.24	 56.55		Crotalus_tigris 43
																																												  0.00	 57.31	 53.76	 49.40	 52.10	 56.44	 50.88	 54.60	 54.02	 56.71	 47.40	 56.32	 58.48		Sphenodon_punctatus 44
																																													  0.00	 53.80	 60.37	 63.64	 57.14	 56.80	 53.22	 54.39	 62.96	 54.39	 59.06	 30.99		Zootoca_vivipara 45
																																														  0.00	 57.83	 56.89	 54.60	 54.39	 57.80	 60.12	 58.54	 41.04	 53.18	 57.31		Phrynosoma_blainvillii 46
																																															  0.00	 45.12	 58.60	 56.10	 56.02	 54.82	 39.88	 59.04	 48.80	 57.93		Pituophis_catenifer 47
																																																  0.00	 57.59	 60.61	 61.68	 59.88	 43.83	 50.90	 55.09	 58.79		Tropidonophis_doriae 48
																																																	  0.00	 57.41	 53.99	 57.06	 58.06	 53.99	 55.83	 57.14		Salvator_merianae 49
																																																		  0.00	 52.63	 55.56	 58.64	 59.06	 56.14	 63.31		Eublepharis_macularius 50
																																																			  0.00	 54.02	 62.20	 55.49	 49.43	 55.56		Hemicordylus_capensis 51
																																																				  0.00	 63.41	 55.49	 54.02	 53.80		Plestiodon_gilberti 52
																																																					  0.00	 57.32	 58.54	 60.49		Laticauda_colubrina 53
																																																						  0.00	 52.02	 49.12		Sceloporus_occidentalis 54
																																																							  0.00	 61.40		Varanus_salvator 55
																																																								  0.00		Podarci_raffonei 56
