Distance Matrix
---------------

Uncorrected for Multiple Substitutions
Using base positions 3 in the codon
Gap weighting is 0.000000

	    1	    2	    3	    4	    5	    6	    7	    8	    9	    10	    11	    12	    13	    14	    15	    16	    17	    18	    19	    20	    21	    22	    23	    24	    25	    26	    27	    28	    29	    30	    31	    32	    33	    34	    35	    36	    37	    38	    39	    40	    41	    42	    43	    44	    45	    46	    47	    48	    49	    50	    51	    52	    53	    54	    55	    56
	  0.00	 47.28	 58.74	 47.55	 56.45	 48.71	 48.14	 50.43	 57.59	 45.56	 54.73	 54.15	 47.85	 57.88	 61.32	 54.15	 56.16	 49.28	 55.01	 57.31	 32.95	 55.59	 57.02	 49.28	 60.74	 55.01	 49.28	 44.99	 31.81	 58.17	 56.73	 48.14	 53.87	 49.28	 55.01	 58.17	 49.28	 55.01	 59.89	 52.72	 47.28	 57.88	 47.28	 57.02	 55.87	 53.58	 35.24	 46.13	 56.73	 54.44	 55.59	 55.30	 48.42	 51.86	 59.31	 57.80		Arizona_elegans 1
		  0.00	 56.10	 39.86	 53.97	 45.01	 46.46	 43.06	 58.81	 40.05	 53.24	 57.03	 39.02	 53.91	 48.78	 49.73	 58.11	 41.94	 50.81	 46.61	 44.89	 54.47	 54.74	 45.28	 56.37	 58.92	 44.29	 38.29	 45.97	 57.14	 57.57	 43.91	 53.78	 49.19	 49.59	 57.03	 42.32	 50.68	 50.54	 50.81	 46.67	 55.95	 41.40	 55.41	 61.35	 51.08	 43.28	 45.71	 53.55	 59.73	 54.62	 50.27	 49.06	 51.62	 54.59	 57.00		Thermophis_baileyi 2
			  0.00	 50.35	 52.01	 57.18	 56.09	 52.78	 55.44	 55.56	 50.66	 55.97	 55.43	 56.50	 51.19	 45.36	 54.91	 56.37	 47.75	 46.95	 57.45	 49.07	 52.25	 58.54	 54.79	 56.23	 54.86	 57.71	 55.83	 54.91	 56.50	 54.96	 48.81	 54.74	 48.01	 53.58	 58.54	 52.27	 53.32	 51.99	 59.44	 54.64	 57.72	 53.32	 54.64	 50.93	 55.83	 55.40	 54.28	 54.52	 50.80	 53.05	 58.54	 49.07	 52.13	 55.05		Elgaria_multicarinata 3
				  0.00	 58.04	 39.16	 44.76	 40.56	 55.24	 40.56	 50.35	 51.05	 37.76	 59.44	 51.05	 44.76	 52.45	 41.26	 46.85	 50.35	 38.46	 51.05	 50.35	 40.56	 57.34	 55.94	 43.36	 41.96	 43.36	 55.94	 54.55	 38.46	 48.25	 43.36	 54.55	 49.65	 43.36	 54.55	 61.54	 46.15	 41.26	 54.55	 41.96	 53.15	 60.14	 53.15	 39.86	 41.96	 55.94	 51.05	 53.15	 53.15	 41.96	 48.25	 52.45	 51.05		Thamnophis_elegans 4
					  0.00	 55.89	 52.69	 57.10	 55.23	 53.97	 49.60	 51.34	 56.87	 55.08	 51.87	 49.33	 53.08	 53.42	 42.90	 50.67	 50.68	 48.66	 46.92	 55.34	 50.54	 55.08	 54.29	 56.29	 56.71	 24.33	 54.81	 59.49	 51.47	 55.34	 51.21	 54.28	 58.08	 55.65	 53.89	 53.62	 56.94	 53.62	 60.00	 53.48	 55.08	 50.94	 57.53	 56.39	 49.60	 54.84	 55.08	 52.41	 57.53	 51.47	 50.81	 50.49		Aspidocelis_tigris 5
						  0.00	 43.06	 49.17	 55.56	 46.90	 55.95	 54.32	 43.63	 57.95	 52.85	 48.38	 51.62	 49.33	 47.57	 49.59	 46.90	 50.41	 51.76	 38.54	 54.47	 57.84	 47.71	 43.71	 47.98	 53.37	 56.76	 48.16	 54.05	 47.71	 51.76	 55.68	 37.20	 54.22	 53.24	 52.43	 52.78	 58.38	 41.24	 57.30	 60.81	 55.68	 45.82	 44.88	 55.74	 54.32	 57.34	 55.95	 51.21	 50.27	 54.05	 61.00		Azemiops_feae 6
							  0.00	 49.58	 57.22	 44.76	 52.97	 55.24	 47.31	 57.51	 54.39	 52.69	 54.39	 49.58	 47.31	 52.69	 47.88	 52.97	 51.84	 47.31	 56.37	 56.09	 49.57	 44.41	 48.16	 50.71	 56.37	 48.73	 53.82	 49.58	 49.58	 60.34	 45.89	 55.81	 51.56	 54.11	 48.44	 58.64	 45.61	 56.94	 56.94	 51.84	 46.18	 44.19	 58.64	 55.81	 59.21	 56.66	 47.88	 51.84	 57.51	 53.50		Daboia_siamensis 7
								  0.00	 58.33	 45.83	 52.78	 53.06	 43.61	 53.89	 48.06	 47.22	 56.39	 44.44	 47.50	 48.89	 45.83	 53.06	 51.11	 45.56	 55.00	 60.00	 40.97	 46.99	 50.00	 55.56	 55.28	 47.31	 54.17	 47.50	 50.00	 51.11	 46.67	 52.22	 54.17	 52.22	 50.70	 56.67	 46.11	 53.33	 57.50	 52.22	 48.61	 44.57	 55.28	 55.00	 56.39	 53.61	 48.89	 50.56	 51.94	 54.95		Charina_bottae 8
									  0.00	 59.62	 50.40	 53.05	 52.72	 53.85	 51.19	 51.46	 55.44	 55.01	 47.75	 51.46	 56.91	 53.05	 54.64	 60.16	 51.86	 55.17	 53.43	 60.57	 57.72	 52.52	 53.05	 58.64	 49.07	 55.83	 51.19	 48.81	 60.98	 58.13	 59.42	 54.38	 63.61	 56.50	 61.52	 50.66	 54.11	 50.40	 60.98	 61.77	 52.67	 52.39	 51.86	 50.66	 57.72	 54.64	 54.52	 53.75		Shinisaurus_crocodilurus 9
										  0.00	 55.14	 55.14	 43.90	 54.99	 53.93	 52.97	 55.68	 40.32	 48.92	 50.95	 41.67	 51.49	 55.56	 43.67	 53.39	 57.84	 44.00	 43.71	 43.01	 54.99	 59.19	 50.14	 53.24	 36.29	 54.20	 58.38	 41.24	 52.04	 52.70	 51.62	 45.83	 57.57	 44.35	 58.11	 61.35	 53.51	 44.35	 42.66	 54.37	 57.84	 57.88	 53.51	 44.47	 55.14	 53.51	 58.00		Ophiophagus_hannah 10
											  0.00	 49.08	 55.01	 54.35	 52.91	 47.49	 47.49	 52.43	 47.23	 51.06	 51.62	 47.09	 46.56	 57.57	 52.39	 51.98	 50.57	 52.86	 54.05	 52.51	 50.40	 54.96	 43.01	 55.95	 48.15	 50.92	 56.76	 52.93	 54.62	 57.78	 54.17	 51.06	 57.84	 54.62	 53.56	 43.01	 54.59	 51.25	 51.34	 44.97	 46.95	 50.40	 53.51	 47.49	 48.81	 54.87		Anolis_sagrei 11
												  0.00	 56.37	 56.84	 54.88	 48.81	 50.13	 53.24	 50.92	 49.74	 58.92	 49.87	 53.70	 56.22	 55.59	 41.84	 54.57	 55.43	 56.49	 52.37	 15.26	 56.94	 49.34	 59.19	 51.32	 33.95	 57.30	 56.65	 54.09	 49.87	 56.94	 55.56	 56.76	 57.11	 43.68	 51.45	 58.65	 50.97	 54.81	 53.97	 55.29	 51.32	 58.11	 50.13	 56.23	 44.01		Lacerta_bilineata 12
													  0.00	 56.37	 52.99	 49.59	 55.83	 44.44	 49.05	 45.92	 45.26	 51.90	 53.80	 46.88	 55.98	 58.54	 46.86	 42.29	 45.26	 57.18	 57.18	 45.61	 52.30	 46.88	 50.82	 56.37	 44.44	 54.10	 54.74	 50.95	 51.67	 56.37	 46.07	 54.20	 61.79	 52.85	 46.61	 43.77	 59.18	 58.54	 56.40	 55.83	 45.53	 52.85	 53.66	 57.53		Imantodes_cenchoa 13
														  0.00	 56.46	 49.08	 58.84	 56.33	 51.72	 50.79	 52.56	 52.51	 55.03	 57.68	 52.66	 56.05	 52.29	 57.14	 56.06	 54.33	 56.84	 55.81	 51.98	 55.53	 53.97	 56.58	 56.06	 51.86	 56.99	 54.09	 60.28	 57.94	 58.49	 56.05	 57.63	 53.56	 58.49	 57.62	 56.95	 53.70	 58.20	 53.42	 56.06	 51.72	 53.32	 57.61		Phrynocephalus_versicolor 14
															  0.00	 44.44	 53.17	 53.12	 45.77	 43.92	 55.56	 44.06	 49.47	 53.66	 55.59	 55.15	 50.29	 57.14	 55.56	 53.03	 55.41	 52.12	 51.59	 56.10	 49.47	 55.41	 52.30	 48.94	 50.53	 52.91	 61.39	 50.40	 57.72	 53.83	 59.63	 49.21	 55.83	 54.85	 50.00	 57.03	 48.94	 48.28	 59.35	 52.12	 49.20	 51.46		Cryptoblepharus_egeriae 15
																  0.00	 49.87	 49.19	 32.98	 30.16	 53.51	 44.18	 44.44	 51.89	 48.94	 52.24	 48.57	 52.29	 52.16	 49.60	 49.34	 53.82	 47.23	 57.03	 44.44	 54.09	 52.70	 51.06	 46.70	 47.49	 53.89	 47.88	 52.16	 51.45	 55.67	 46.97	 57.84	 48.20	 49.20	 51.06	 48.28	 49.34	 56.49	 45.38	 44.83	 50.65		Iguana_delicatissima 16
																	  0.00	 54.05	 51.98	 51.32	 54.32	 53.44	 53.17	 57.03	 56.65	 53.30	 58.29	 57.43	 52.97	 54.09	 50.40	 55.81	 45.91	 55.14	 49.21	 52.77	 57.84	 57.71	 55.41	 55.67	 61.11	 56.61	 56.76	 56.73	 51.45	 47.23	 52.16	 56.23	 56.95	 52.65	 52.52	 54.88	 53.51	 51.19	 52.25	 54.55		Anolis_carolinensis 17
																		  0.00	 44.05	 47.70	 47.04	 52.03	 54.74	 52.02	 55.28	 59.46	 48.57	 47.14	 48.39	 50.94	 55.95	 43.91	 53.78	 47.58	 51.49	 55.68	 47.98	 51.23	 57.30	 50.54	 53.06	 54.32	 48.92	 53.78	 57.03	 54.32	 47.85	 42.66	 54.10	 58.11	 54.89	 51.89	 49.87	 49.73	 53.78	 57.67		Myanophis_thanlyinensis 18
																			  0.00	 35.45	 51.62	 46.56	 48.15	 51.35	 49.20	 53.56	 46.29	 51.71	 53.24	 47.23	 53.56	 54.96	 49.34	 50.27	 44.71	 50.92	 49.46	 50.80	 49.08	 50.13	 54.44	 46.56	 53.78	 49.60	 56.99	 49.60	 55.14	 51.25	 50.80	 52.65	 52.79	 47.49	 55.95	 46.70	 46.68	 50.97		Cyclura_pinguis 19
																				  0.00	 51.22	 47.09	 49.21	 51.22	 47.07	 52.65	 51.14	 51.71	 52.57	 51.32	 52.91	 55.52	 48.94	 52.57	 41.80	 50.79	 49.86	 48.67	 49.21	 46.83	 58.61	 47.48	 51.49	 49.47	 57.41	 47.09	 55.28	 52.63	 51.07	 52.25	 48.81	 46.30	 52.85	 42.59	 48.94	 48.70		Ctenosaura_bakeri 20
																					  0.00	 52.85	 51.76	 47.44	 56.37	 58.11	 43.14	 41.14	 33.33	 49.33	 57.30	 45.61	 49.19	 46.51	 50.68	 59.46	 47.98	 53.13	 53.51	 54.05	 47.22	 57.03	 47.31	 56.22	 56.76	 48.92	 32.53	 46.26	 56.28	 52.70	 48.91	 50.81	 46.63	 50.27	 53.51	 59.00		Ptyas_mucosa 21
																						  0.00	 47.62	 52.85	 57.71	 50.13	 54.29	 56.57	 56.37	 47.76	 50.13	 56.37	 48.68	 53.12	 46.56	 50.40	 52.85	 48.94	 49.21	 49.21	 57.78	 53.85	 53.12	 51.98	 54.88	 48.68	 52.85	 54.57	 49.20	 53.32	 49.47	 45.38	 55.28	 47.88	 51.60	 49.84		Lerista_edwardsae 22
																							  0.00	 54.47	 53.46	 54.23	 50.00	 55.43	 50.41	 48.94	 52.91	 56.09	 53.70	 52.30	 47.88	 53.97	 53.93	 52.93	 49.74	 49.74	 55.56	 53.85	 54.74	 53.17	 56.88	 50.79	 53.93	 49.58	 49.47	 54.64	 52.52	 51.59	 56.37	 47.88	 50.80	 51.62		Lepidodactylus_listeri 23
																								  0.00	 55.28	 58.92	 50.57	 44.00	 47.17	 55.53	 57.03	 53.54	 56.76	 50.94	 57.18	 56.22	 39.35	 54.50	 52.70	 52.16	 54.72	 57.57	 39.35	 61.08	 60.81	 59.19	 47.17	 48.48	 56.01	 56.76	 62.23	 57.03	 51.21	 55.41	 57.30	 57.33		Bothrops_jararaca 24
																									  0.00	 58.24	 56.29	 61.71	 59.35	 50.53	 56.65	 60.62	 51.06	 57.18	 51.86	 57.71	 53.93	 52.14	 56.65	 53.99	 60.00	 52.39	 58.54	 57.18	 58.24	 50.80	 62.60	 53.74	 53.89	 55.59	 56.27	 57.18	 54.47	 50.27	 38.56	 55.05		Varanus_komodoensis 25
																										  0.00	 60.00	 54.29	 55.14	 56.58	 44.47	 59.21	 49.60	 60.27	 51.85	 42.89	 57.57	 57.98	 53.30	 55.94	 55.00	 53.70	 57.30	 57.37	 43.16	 53.03	 55.95	 57.06	 55.61	 53.70	 55.03	 55.53	 54.86	 53.30	 59.95	 28.48		Podarcis_muralis 26
																											  0.00	 47.43	 47.14	 54.86	 52.86	 47.85	 54.86	 49.14	 49.14	 54.29	 48.57	 50.72	 54.86	 50.29	 50.00	 55.43	 50.29	 53.71	 58.86	 48.29	 45.71	 44.86	 50.57	 53.43	 54.00	 50.29	 50.86	 50.29	 52.00	 56.74		Morelia_viridis 27
																												  0.00	 42.86	 57.43	 56.00	 48.71	 55.14	 47.14	 52.29	 57.71	 44.86	 58.45	 56.00	 52.57	 48.86	 59.43	 44.29	 59.71	 56.00	 54.57	 37.43	 44.57	 57.14	 58.57	 58.00	 54.00	 47.71	 52.57	 55.43	 59.22		Diadophis_punctatus 28
																													  0.00	 56.33	 57.30	 44.19	 54.05	 50.54	 52.30	 59.46	 46.90	 51.50	 56.49	 52.43	 47.78	 57.03	 50.54	 54.86	 55.41	 54.86	 25.27	 42.94	 54.37	 54.86	 56.25	 50.27	 47.17	 52.70	 58.11	 58.00		Pantherophis_guttatus 29
																														  0.00	 51.32	 58.92	 53.03	 57.14	 52.38	 55.79	 58.22	 52.39	 52.51	 51.98	 58.06	 56.61	 60.92	 55.53	 53.68	 50.66	 58.22	 54.29	 49.47	 52.91	 53.70	 51.84	 58.22	 50.40	 50.13	 52.10		Aspidoscelis_marmoratus 30
																															  0.00	 57.79	 49.08	 60.00	 51.32	 35.26	 56.49	 56.65	 54.09	 54.35	 53.89	 58.47	 58.92	 57.89	 46.58	 50.40	 58.38	 52.91	 56.95	 54.50	 51.59	 52.37	 59.46	 51.72	 56.23	 43.37		Lacerta_viridis 31
																																  0.00	 53.26	 49.01	 52.69	 58.64	 50.99	 53.54	 56.09	 52.69	 50.71	 62.32	 47.59	 57.22	 58.07	 50.42	 47.31	 46.18	 57.79	 56.94	 55.81	 53.82	 51.84	 53.54	 56.94	 59.79		Boaedon_fuliginosus 32
																																	  0.00	 54.05	 47.09	 50.13	 54.32	 54.79	 53.83	 55.15	 56.94	 52.65	 56.76	 53.56	 53.83	 30.34	 54.59	 55.12	 55.35	 51.32	 51.99	 45.65	 54.32	 42.22	 52.79	 48.70		Phrynosoma_platyrhinos 33
																																		  0.00	 53.12	 57.57	 47.98	 52.86	 55.68	 51.08	 48.89	 61.89	 50.27	 56.76	 64.59	 55.95	 50.27	 51.25	 56.28	 57.57	 54.35	 56.49	 44.74	 54.05	 57.84	 58.00		Naja_naja 34
																																			  0.00	 51.32	 52.30	 53.19	 50.79	 49.21	 56.39	 50.66	 56.10	 49.47	 53.70	 42.33	 52.30	 52.35	 51.07	 55.17	 50.13	 46.83	 53.39	 31.48	 52.13	 51.30		Sceloporus_tristichus 35
																																				  0.00	 59.19	 59.04	 51.72	 56.46	 58.33	 56.35	 59.46	 55.53	 43.95	 54.35	 57.03	 57.62	 58.02	 52.12	 53.70	 51.84	 59.19	 54.62	 53.05	 44.34		Lacerta_agilis 36
																																					  0.00	 52.32	 53.51	 52.16	 48.89	 57.30	 43.40	 57.84	 60.54	 53.24	 46.09	 47.65	 55.46	 61.08	 57.61	 58.11	 53.64	 53.78	 55.95	 60.00		Protobothrops_mucrosquamatus 37
																																						  0.00	 53.72	 51.06	 57.38	 54.13	 56.68	 51.33	 60.64	 50.00	 51.77	 56.55	 50.40	 57.60	 54.52	 56.12	 53.68	 52.13	 52.94	 58.44		Pogona_vitticeps 38
																																							  0.00	 54.09	 56.67	 54.50	 55.41	 58.05	 58.05	 55.15	 55.41	 54.29	 52.41	 55.56	 57.82	 48.02	 55.41	 55.15	 53.32	 50.97		Gekko_japonicus 39
																																								  0.00	 59.17	 53.44	 51.89	 51.72	 56.73	 51.98	 53.24	 50.42	 54.01	 59.26	 51.19	 49.60	 52.70	 52.51	 50.40	 53.25		Sphaerodactylus_townsendi 40
																																									  0.00	 57.78	 55.28	 59.72	 59.17	 55.56	 48.89	 49.72	 57.22	 57.50	 55.83	 61.67	 46.11	 58.61	 58.33	 54.11		Bungarus_multicintus 41
																																										  0.00	 58.38	 53.44	 55.29	 52.12	 58.65	 54.29	 54.81	 54.91	 54.26	 52.38	 57.30	 51.85	 51.99	 51.79		Paroedura_picta 42
																																											  0.00	 58.11	 57.03	 55.95	 48.92	 48.48	 54.92	 58.65	 54.35	 57.03	 53.64	 53.78	 57.03	 59.00		Crotalus_tigris 43
																																												  0.00	 58.16	 53.56	 56.76	 54.85	 54.81	 51.06	 50.26	 57.37	 55.68	 50.92	 57.03	 55.34		Sphenodon_punctatus 44
																																													  0.00	 56.99	 54.59	 57.62	 57.22	 54.50	 52.38	 56.05	 58.38	 54.09	 59.42	 47.57		Zootoca_vivipara 45
																																														  0.00	 57.03	 52.63	 53.74	 51.59	 51.46	 45.91	 55.68	 45.12	 51.46	 49.35		Phrynosoma_blainvillii 46
																																															  0.00	 44.60	 55.46	 57.57	 56.79	 56.49	 45.55	 51.89	 60.27	 61.00		Pituophis_catenifer 47
																																																  0.00	 55.00	 54.29	 58.06	 55.96	 45.98	 50.97	 52.35	 54.79		Tropidonophis_doriae 48
																																																	  0.00	 54.96	 52.94	 57.49	 56.01	 53.21	 55.50	 54.10		Salvator_merianae 49
																																																		  0.00	 50.80	 56.88	 55.14	 54.76	 54.11	 58.77		Eublepharis_macularius 50
																																																			  0.00	 53.17	 56.52	 50.13	 54.13	 54.69		Hemicordylus_capensis 51
																																																				  0.00	 55.95	 47.76	 51.99	 53.40		Plestiodon_gilberti 52
																																																					  0.00	 50.81	 58.38	 57.33		Laticauda_colubrina 53
																																																						  0.00	 51.99	 53.90		Sceloporus_occidentalis 54
																																																							  0.00	 54.72		Varanus_salvator 55
																																																								  0.00		Podarci_raffonei 56
