Distance Matrix
---------------

Uncorrected for Multiple Substitutions
Using base positions 3 in the codon
Gap weighting is 0.000000

	    1	    2	    3	    4	    5	    6	    7	    8	    9	    10	    11	    12	    13	    14	    15	    16	    17	    18	    19	    20	    21	    22	    23	    24	    25	    26	    27	    28	    29	    30	    31	    32	    33	    34	    35	    36	    37	    38	    39	    40	    41	    42	    43	    44	    45	    46	    47	    48	    49	    50	    51	    52	    53	    54	    55
	  0.00	 45.51	 54.19	 43.84	 52.25	 46.41	 44.91	 50.60	 56.89	 43.71	 53.89	 57.66	 46.71	 51.65	 56.59	 55.09	 55.39	 44.31	 55.09	 30.54	 53.29	 59.04	 50.30	 54.79	 57.66	 50.00	 41.62	 27.84	 53.45	 56.76	 49.85	 55.99	 43.71	 55.09	 56.76	 46.71	 54.35	 58.73	 55.56	 50.45	 54.35	 48.50	 54.35	 56.46	 53.29	 29.64	 47.31	 54.65	 57.36	 54.85	 55.08	 44.01	 52.40	 55.99	 54.65		Arizona_elegans 1
		  0.00	 55.72	 42.04	 57.06	 44.31	 45.77	 46.06	 59.48	 41.40	 60.64	 56.43	 39.07	 55.26	 55.98	 53.94	 58.02	 47.23	 50.15	 40.52	 50.58	 58.36	 49.85	 61.81	 59.36	 48.69	 34.02	 41.69	 59.06	 56.14	 45.95	 60.64	 46.65	 53.94	 60.53	 43.44	 56.05	 57.48	 53.80	 49.55	 58.19	 46.94	 59.06	 59.36	 58.31	 41.69	 44.28	 55.56	 53.51	 56.97	 59.26	 45.48	 52.77	 55.10	 58.77		Thermophis_baileyi 2
			  0.00	 54.95	 48.53	 56.01	 54.84	 54.55	 50.44	 56.89	 55.13	 57.94	 51.61	 53.82	 51.91	 46.92	 53.96	 53.96	 48.09	 52.79	 51.03	 56.05	 54.55	 59.82	 54.12	 53.37	 55.13	 52.49	 48.24	 55.00	 54.65	 54.84	 54.25	 54.55	 58.53	 55.13	 57.27	 56.34	 53.82	 58.56	 58.24	 56.01	 54.41	 54.41	 52.79	 50.15	 51.32	 49.12	 49.71	 56.08	 54.73	 52.79	 50.44	 54.84	 54.12		Elgaria_multicarinata 3
				  0.00	 53.92	 45.95	 46.55	 44.44	 52.55	 42.94	 54.95	 58.73	 43.24	 53.01	 53.15	 50.45	 59.16	 43.84	 48.65	 41.44	 48.95	 55.89	 49.85	 54.65	 61.14	 45.65	 43.54	 42.34	 54.52	 59.04	 40.54	 53.15	 39.34	 50.15	 59.64	 47.45	 50.00	 57.70	 53.92	 48.49	 57.23	 47.15	 52.71	 60.84	 52.55	 44.14	 47.75	 56.33	 55.42	 53.50	 58.72	 44.44	 51.95	 52.85	 58.73		Thamnophis_elegans 4
					  0.00	 57.06	 59.12	 55.00	 49.71	 55.59	 47.06	 52.35	 55.88	 49.41	 49.71	 48.82	 54.12	 51.47	 46.18	 49.12	 48.82	 54.87	 54.71	 60.29	 47.94	 52.06	 52.65	 52.06	 18.24	 51.76	 56.63	 50.59	 52.94	 45.59	 53.82	 54.41	 51.04	 54.87	 56.18	 51.81	 52.35	 57.06	 49.41	 52.94	 49.41	 51.76	 56.18	 38.24	 49.41	 51.04	 47.74	 52.06	 48.24	 56.47	 48.53		Aspidocelis_tigris 5
						  0.00	 38.19	 44.61	 54.81	 44.61	 52.19	 57.02	 43.44	 55.56	 56.27	 50.44	 58.02	 46.06	 46.94	 43.15	 51.46	 55.43	 38.48	 58.60	 58.19	 44.02	 44.87	 44.02	 54.39	 55.85	 46.85	 52.48	 45.77	 47.81	 59.94	 37.61	 51.62	 51.03	 54.68	 47.75	 53.51	 37.03	 57.31	 58.48	 51.90	 44.90	 45.75	 57.89	 58.19	 53.71	 57.61	 46.06	 53.94	 57.73	 53.22		Azemiops_feae 6
							  0.00	 47.52	 55.10	 41.98	 58.02	 60.53	 41.40	 55.56	 55.39	 55.39	 58.89	 44.02	 53.06	 42.86	 54.39	 59.24	 43.44	 60.06	 58.77	 46.36	 43.99	 43.15	 58.77	 58.48	 46.55	 61.52	 43.44	 58.02	 64.04	 40.23	 49.56	 51.61	 55.56	 49.25	 58.48	 43.44	 59.06	 61.99	 56.56	 44.61	 43.70	 57.89	 57.31	 55.19	 56.79	 44.90	 56.56	 54.81	 57.02		Daboia_siamensis 7
								  0.00	 53.94	 44.61	 57.43	 57.02	 44.31	 52.63	 51.60	 50.73	 55.10	 46.36	 49.27	 48.98	 50.00	 54.84	 46.94	 59.77	 58.48	 41.40	 46.33	 47.23	 54.09	 55.85	 48.05	 52.48	 47.23	 51.90	 58.19	 44.90	 51.33	 55.72	 52.63	 48.05	 55.56	 50.15	 58.48	 61.70	 51.90	 46.36	 46.63	 54.97	 56.73	 51.04	 57.61	 49.27	 49.85	 54.81	 56.43		Charina_bottae 8
									  0.00	 57.14	 50.72	 60.47	 55.39	 53.78	 54.65	 51.30	 52.46	 52.77	 53.91	 53.35	 49.42	 56.43	 56.56	 59.30	 54.23	 53.94	 54.84	 56.27	 51.74	 62.21	 57.06	 52.62	 56.27	 52.77	 61.92	 57.73	 56.60	 58.02	 59.01	 59.16	 59.59	 58.60	 55.23	 56.10	 51.45	 56.27	 58.94	 51.60	 51.16	 54.30	 54.73	 53.94	 50.87	 55.65	 52.33		Shinisaurus_crocodilurus 9
										  0.00	 54.23	 61.11	 44.31	 50.29	 58.89	 54.52	 57.73	 42.57	 52.48	 39.94	 51.75	 55.13	 44.90	 61.22	 56.73	 46.06	 40.47	 41.69	 56.73	 59.36	 47.75	 56.85	 35.57	 55.10	 64.62	 43.73	 55.16	 56.30	 53.22	 39.64	 59.06	 43.44	 60.23	 57.60	 59.18	 42.86	 40.76	 55.85	 56.14	 53.12	 60.08	 37.61	 53.64	 56.27	 56.43		Ophiophagus_hannah 10
											  0.00	 54.36	 58.31	 54.36	 50.87	 51.01	 46.09	 53.35	 48.99	 51.60	 49.42	 56.43	 54.81	 59.59	 53.06	 54.52	 56.89	 53.94	 47.38	 54.07	 59.16	 49.42	 50.15	 48.10	 56.10	 55.69	 54.84	 57.43	 58.43	 52.25	 56.69	 57.73	 54.36	 49.13	 47.67	 54.23	 58.06	 48.40	 52.62	 51.34	 49.79	 51.31	 46.80	 61.45	 48.26		Anolis_sagrei 11
												  0.00	 61.40	 54.94	 56.56	 54.36	 55.52	 57.89	 54.07	 55.26	 53.08	 59.94	 57.60	 57.14	 40.82	 55.85	 59.12	 54.09	 52.91	 14.53	 59.94	 51.90	 58.19	 57.02	 43.02	 54.97	 59.24	 58.31	 55.81	 59.94	 54.07	 60.53	 56.69	 42.73	 51.02	 54.39	 53.24	 54.52	 56.40	 57.57	 53.50	 58.77	 55.10	 59.88	 42.15		Lacerta_bilineata 12
													  0.00	 55.85	 52.19	 51.60	 59.77	 42.57	 51.90	 41.98	 51.75	 58.06	 47.52	 62.10	 59.06	 47.52	 36.66	 42.57	 52.92	 60.23	 43.54	 55.98	 47.23	 53.35	 58.19	 44.02	 51.92	 55.43	 53.51	 46.55	 58.48	 46.36	 57.89	 60.53	 54.81	 40.82	 44.28	 57.31	 54.09	 54.01	 59.26	 46.06	 50.15	 54.81	 57.31		Imantodes_cenchoa 13
														  0.00	 55.10	 52.91	 53.78	 52.34	 52.33	 49.42	 48.09	 59.65	 54.68	 55.69	 53.64	 50.88	 51.18	 51.75	 47.67	 55.52	 54.52	 51.60	 51.17	 52.34	 57.56	 52.05	 49.85	 54.81	 54.94	 54.82	 52.91	 55.26	 53.78	 55.81	 49.27	 50.29	 51.47	 48.40	 54.07	 48.37	 50.21	 50.88	 52.48	 55.23	 57.85		Phrynocephalus_versicolor 14
															  0.00	 43.90	 56.40	 51.60	 44.48	 55.10	 46.49	 58.48	 53.06	 57.56	 55.39	 52.48	 57.18	 53.35	 51.02	 56.27	 53.45	 52.62	 51.60	 47.52	 60.35	 50.73	 50.88	 51.75	 50.15	 56.46	 61.52	 55.98	 52.48	 56.56	 51.16	 52.77	 55.43	 51.60	 53.35	 47.18	 44.03	 56.85	 47.38	 48.26	 51.31		Cryptoblepharus_egeriae 15
																  0.00	 50.14	 49.56	 29.28	 53.35	 44.15	 55.26	 48.98	 54.65	 54.52	 50.44	 53.67	 52.19	 46.51	 54.65	 53.45	 47.97	 53.94	 46.94	 59.01	 53.94	 50.44	 48.98	 52.33	 59.16	 53.20	 53.35	 56.69	 56.40	 45.06	 53.06	 51.03	 49.56	 52.03	 48.96	 51.85	 54.52	 47.67	 50.43	 49.71		Iguana_delicatissima 16
																	  0.00	 55.69	 50.72	 56.27	 53.80	 59.36	 57.14	 58.14	 54.81	 58.89	 56.60	 58.02	 53.78	 55.23	 58.86	 49.71	 56.85	 49.85	 59.01	 59.77	 55.13	 59.48	 56.69	 56.46	 55.23	 60.93	 56.98	 54.36	 51.16	 57.73	 54.84	 52.77	 52.33	 51.93	 51.03	 58.60	 47.67	 57.97	 53.78		Anolis_carolinensis 17
																		  0.00	 50.73	 43.73	 51.75	 59.53	 45.77	 56.85	 58.19	 46.65	 42.23	 40.23	 51.17	 58.77	 47.75	 55.39	 44.31	 52.19	 61.11	 44.61	 51.62	 53.96	 54.39	 44.74	 58.19	 47.81	 52.92	 57.02	 54.52	 44.31	 44.28	 56.14	 50.88	 51.93	 56.79	 43.73	 51.31	 54.23	 56.43		Myanophis_thanlyinensis 18
																			  0.00	 49.27	 41.23	 54.39	 48.10	 57.27	 51.90	 49.56	 52.49	 50.15	 48.84	 53.49	 54.05	 45.35	 52.19	 45.77	 56.98	 46.94	 47.80	 48.10	 47.97	 57.36	 54.94	 52.19	 53.49	 55.23	 42.44	 53.35	 51.61	 48.40	 49.13	 48.66	 52.67	 51.60	 45.64	 51.59	 48.26		Cyclura_pinguis 19
																				  0.00	 50.29	 58.65	 47.81	 54.81	 54.68	 47.81	 41.35	 30.61	 48.25	 54.09	 45.95	 54.23	 43.15	 49.56	 56.43	 44.61	 54.57	 54.25	 54.39	 48.65	 55.56	 48.69	 55.26	 56.43	 55.10	 33.82	 43.99	 54.68	 50.88	 50.15	 58.02	 40.82	 50.44	 53.64	 53.22		Ptyas_mucosa 20
																					  0.00	 52.06	 48.83	 60.53	 53.37	 46.78	 50.44	 50.00	 50.15	 52.79	 52.25	 45.32	 48.83	 43.57	 54.84	 49.12	 50.00	 50.88	 51.03	 53.45	 54.25	 52.92	 53.37	 54.25	 45.32	 47.08	 48.09	 48.39	 55.72	 47.18	 45.27	 48.25	 42.69	 53.22	 52.79		Lerista_edwardsae 21
																						  0.00	 57.18	 59.65	 60.82	 54.25	 59.88	 59.24	 55.26	 59.06	 58.91	 59.06	 57.18	 55.43	 63.16	 60.70	 57.23	 48.54	 55.85	 62.24	 56.43	 58.36	 55.26	 60.23	 56.73	 56.89	 54.57	 56.14	 57.02	 57.14	 58.68	 53.67	 54.97	 55.85	 58.19		Lepidodactylus_listeri 22
																							  0.00	 60.06	 58.19	 45.77	 52.79	 46.06	 52.34	 57.02	 52.25	 54.23	 51.02	 54.23	 60.23	 36.73	 49.26	 52.20	 55.26	 51.05	 58.19	 35.28	 58.77	 61.70	 54.52	 46.36	 46.92	 55.56	 56.14	 55.49	 56.79	 46.65	 55.10	 55.39	 57.31		Bothrops_jararaca 23
																								  0.00	 60.93	 56.85	 61.58	 57.73	 59.48	 57.43	 62.76	 57.85	 57.43	 60.64	 61.22	 60.93	 61.76	 57.31	 57.43	 62.46	 61.22	 61.22	 56.85	 60.64	 57.85	 58.60	 57.77	 59.18	 54.23	 54.01	 63.79	 59.18	 59.59	 41.57	 55.69		Varanus_komodoensis 24
																									  0.00	 55.85	 57.65	 59.36	 49.85	 41.98	 62.95	 51.90	 59.65	 54.97	 49.27	 54.68	 56.47	 58.19	 58.60	 59.34	 59.18	 61.70	 56.27	 39.65	 51.02	 56.73	 57.65	 52.77	 56.27	 51.34	 53.09	 53.80	 56.27	 58.31	 22.45		Podarcis_muralis 25
																										  0.00	 45.75	 48.69	 51.75	 55.26	 45.95	 53.35	 49.56	 49.27	 57.02	 46.94	 48.38	 53.67	 54.97	 50.15	 54.97	 49.27	 55.56	 58.19	 52.77	 49.56	 46.04	 50.00	 52.63	 49.85	 54.32	 44.31	 50.73	 55.10	 56.14		Morelia_viridis 26
																											  0.00	 42.52	 55.00	 56.76	 45.35	 54.55	 43.40	 53.37	 58.82	 44.28	 58.16	 55.16	 56.47	 43.24	 58.24	 48.09	 60.29	 57.35	 53.67	 43.11	 45.45	 55.59	 53.24	 54.60	 61.73	 44.57	 52.49	 54.25	 55.88		Diadophis_punctatus 27
																												  0.00	 52.63	 54.97	 47.15	 55.39	 41.40	 51.31	 57.60	 46.65	 56.05	 55.72	 55.85	 46.85	 53.80	 46.94	 54.39	 57.89	 54.81	 20.41	 42.52	 53.22	 55.85	 50.15	 54.73	 42.86	 50.44	 56.27	 57.02		Pantherophis_guttatus 28
																													  0.00	 52.91	 57.83	 48.98	 54.39	 44.74	 53.49	 54.39	 49.56	 53.94	 56.98	 53.61	 52.91	 56.73	 50.29	 53.20	 50.15	 52.05	 52.65	 38.19	 53.20	 51.34	 47.33	 52.92	 44.31	 59.01	 48.84		Aspidoscelis_marmoratus 29
																														  0.00	 59.04	 54.52	 59.36	 56.14	 41.86	 55.26	 59.82	 58.60	 56.10	 59.94	 52.62	 59.94	 56.98	 44.19	 50.73	 55.26	 53.53	 53.35	 53.49	 56.08	 56.38	 56.14	 53.64	 57.27	 43.60		Lacerta_viridis 30
																															  0.00	 57.06	 46.85	 54.95	 60.24	 48.65	 57.23	 56.80	 59.04	 49.10	 61.45	 52.25	 57.23	 61.45	 54.65	 47.15	 46.85	 58.73	 53.61	 54.10	 56.17	 46.55	 55.86	 55.56	 63.86		Boaedon_fuliginosus 31
																																  0.00	 53.94	 44.31	 53.94	 54.81	 55.29	 54.97	 58.60	 53.75	 57.43	 55.39	 53.06	 50.44	 26.74	 56.56	 56.60	 52.77	 54.23	 53.71	 51.44	 52.48	 42.15	 56.40	 51.90		Phrynosoma_platyrhinos 32
																																	  0.00	 51.31	 59.94	 46.65	 54.28	 58.94	 56.43	 39.34	 56.43	 46.36	 57.02	 57.60	 50.73	 44.02	 40.47	 54.09	 56.73	 53.41	 55.56	 36.73	 53.64	 58.02	 57.02		Naja_naja 33
																																		  0.00	 57.60	 48.69	 52.51	 55.13	 52.92	 55.26	 54.09	 51.90	 53.51	 52.92	 45.77	 50.15	 53.96	 47.95	 53.51	 49.85	 48.15	 55.69	 26.24	 58.31	 53.51		Sceloporus_tristichus 34
																																			  0.00	 59.06	 59.53	 60.64	 59.30	 60.84	 58.43	 63.16	 59.88	 43.90	 53.06	 57.89	 60.88	 58.31	 57.56	 54.60	 58.02	 57.60	 52.48	 59.88	 50.00		Lacerta_agilis 35
																																				  0.00	 49.56	 54.55	 52.63	 49.85	 57.31	 36.44	 57.31	 57.31	 52.48	 45.77	 49.27	 54.97	 56.43	 53.71	 58.85	 46.06	 49.27	 55.10	 51.17		Protobothrops_mucrosquamatus 36
																																					  0.00	 57.35	 54.84	 53.31	 57.18	 53.98	 55.43	 59.53	 54.12	 56.64	 56.38	 51.18	 56.60	 54.19	 54.17	 52.80	 51.76	 55.13	 53.67		Pogona_vitticeps 37
																																						  0.00	 54.81	 58.01	 57.43	 55.72	 57.73	 59.48	 54.68	 56.01	 53.98	 58.19	 60.64	 51.49	 53.31	 56.60	 51.17	 53.94	 56.56		Gekko_japonicus 38
																																							  0.00	 59.94	 53.76	 58.19	 58.09	 59.59	 55.98	 53.22	 55.88	 52.48	 58.38	 52.52	 56.79	 57.60	 51.60	 56.69	 52.91		Sphaerodactylus_townsendi 39
																																								  0.00	 60.84	 52.55	 59.64	 57.23	 55.56	 48.35	 46.85	 59.34	 56.63	 57.45	 59.57	 39.64	 56.46	 62.16	 54.82		Bungarus_multicintus 40
																																									  0.00	 56.43	 58.09	 59.30	 54.81	 54.68	 54.41	 52.19	 54.91	 59.64	 59.26	 57.31	 52.77	 61.34	 57.27		Paroedura_picta 41
																																										  0.00	 56.14	 61.11	 54.52	 47.81	 49.56	 58.77	 56.14	 59.64	 60.08	 44.90	 55.39	 60.35	 59.36		Crotalus_tigris 42
																																											  0.00	 54.65	 54.52	 53.51	 57.65	 53.94	 54.34	 55.19	 49.38	 59.06	 53.06	 56.10	 55.81		Sphenodon_punctatus 43
																																												  0.00	 51.60	 60.23	 57.35	 53.35	 54.36	 55.79	 53.50	 58.48	 52.19	 58.72	 38.66		Zootoca_vivipara 44
																																													  0.00	 54.52	 55.13	 49.85	 53.06	 50.15	 49.79	 51.90	 43.02	 56.40	 48.40		Phrynosoma_blainvillii 45
																																														  0.00	 43.40	 52.63	 57.02	 53.41	 51.44	 45.77	 52.19	 56.85	 56.14		Pituophis_catenifer 46
																																															  0.00	 53.24	 55.00	 51.93	 50.62	 40.76	 52.49	 57.48	 56.76		Tropidonophis_doriae 47
																																																  0.00	 47.23	 50.15	 46.09	 56.73	 44.90	 57.14	 49.27		Salvator_merianae 48
																																																	  0.00	 53.71	 53.50	 55.56	 51.31	 56.69	 52.03		Eublepharis_macularius 49
																																																		  0.00	 50.21	 56.38	 48.37	 53.12	 50.45		Hemicordylus_capensis 50
																																																			  0.00	 56.79	 49.79	 59.26	 53.09		Plestiodon_gilberti 51
																																																				  0.00	 55.69	 57.43	 57.89		Laticauda_colubrina 52
																																																					  0.00	 55.23	 51.60		Sceloporus_occidentalis 53
																																																						  0.00	 56.10		Varanus_salvator 54
																																																							  0.00		Podarci_raffonei 55
