Distance Matrix
---------------

Uncorrected for Multiple Substitutions
Using base positions 3 in the codon
Gap weighting is 0.000000

	    1	    2	    3	    4	    5	    6	    7	    8	    9	    10	    11	    12	    13	    14	    15	    16	    17	    18	    19	    20	    21	    22	    23	    24	    25	    26	    27	    28	    29	    30	    31	    32	    33	    34	    35	    36	    37	    38	    39	    40	    41	    42	    43	    44	    45	    46	    47	    48	    49	    50	    51	    52	    53	    54	    55	    56
	  0.00	 46.74	 52.11	 43.68	 57.85	 49.04	 44.44	 46.36	 54.79	 46.36	 52.49	 55.38	 37.93	 57.47	 55.94	 54.02	 55.56	 43.68	 51.72	 54.79	 37.16	 51.34	 54.41	 49.81	 56.29	 56.70	 50.96	 41.00	 34.87	 55.56	 55.56	 45.21	 54.41	 50.57	 52.11	 56.32	 50.19	 56.70	 61.69	 58.62	 48.28	 58.62	 47.13	 58.62	 57.09	 51.34	 39.46	 40.23	 51.72	 50.96	 53.26	 52.87	 52.11	 52.87	 54.41	 57.47		Arizona_elegans 1
		  0.00	 53.26	 45.21	 52.11	 44.83	 47.89	 42.53	 60.15	 38.70	 54.02	 58.85	 37.55	 52.49	 47.89	 51.72	 53.64	 42.91	 54.02	 51.34	 41.38	 50.96	 56.70	 45.21	 55.09	 56.70	 42.91	 40.61	 44.06	 56.70	 57.47	 39.46	 53.26	 47.89	 48.28	 58.62	 44.44	 57.47	 55.17	 55.17	 46.74	 53.64	 43.68	 57.85	 58.62	 51.34	 44.06	 41.76	 52.87	 57.09	 55.17	 57.09	 44.44	 48.28	 52.87	 55.17		Thermophis_baileyi 2
			  0.00	 57.47	 50.19	 54.41	 58.24	 57.47	 48.28	 53.64	 45.98	 51.92	 50.57	 54.41	 52.87	 46.74	 52.11	 52.87	 45.59	 50.57	 47.13	 49.81	 55.17	 58.24	 62.28	 49.81	 59.39	 51.72	 53.26	 47.51	 53.26	 56.70	 47.89	 59.77	 49.04	 49.81	 56.32	 49.81	 54.79	 52.87	 52.11	 57.47	 52.87	 50.96	 47.13	 47.13	 51.72	 52.87	 49.81	 49.04	 52.11	 51.72	 50.57	 50.19	 52.49	 49.04		Elgaria_multicarinata 3
				  0.00	 59.77	 44.44	 46.74	 44.44	 56.70	 38.31	 53.64	 54.62	 37.16	 52.87	 52.49	 50.96	 54.02	 41.38	 52.49	 50.96	 43.30	 47.89	 61.69	 46.74	 51.50	 55.56	 48.28	 43.68	 42.15	 62.07	 55.17	 39.08	 49.81	 42.91	 47.51	 55.56	 48.28	 49.04	 59.39	 54.02	 46.74	 52.87	 44.44	 54.41	 59.39	 47.51	 42.91	 42.91	 50.19	 57.09	 58.24	 56.70	 45.21	 52.11	 54.41	 58.24		Thamnophis_elegans 4
					  0.00	 51.72	 56.70	 56.32	 53.26	 54.41	 50.96	 49.62	 50.57	 55.17	 55.94	 53.64	 54.02	 58.62	 49.43	 49.81	 54.41	 48.66	 54.79	 56.70	 59.88	 50.57	 52.49	 56.70	 62.45	 26.44	 50.96	 52.87	 52.49	 57.09	 50.57	 50.19	 57.09	 54.41	 57.09	 58.24	 54.41	 58.24	 52.11	 52.87	 55.94	 51.72	 57.09	 52.49	 48.28	 52.87	 55.94	 54.41	 58.62	 53.64	 50.96	 50.96		Aspidocelis_tigris 5
						  0.00	 41.76	 46.36	 55.17	 45.59	 49.43	 53.85	 44.06	 55.17	 52.11	 52.49	 51.72	 45.21	 50.57	 55.17	 40.23	 47.89	 55.17	 36.40	 55.69	 54.79	 45.98	 44.44	 43.68	 51.34	 50.19	 45.21	 50.57	 45.98	 52.11	 53.26	 36.02	 56.32	 53.26	 54.79	 47.13	 58.24	 36.78	 55.56	 50.19	 50.96	 41.76	 41.00	 45.98	 57.09	 55.17	 52.49	 46.74	 52.11	 54.79	 50.57		Azemiops_feae 6
							  0.00	 47.51	 54.02	 42.53	 52.49	 54.23	 44.83	 58.24	 60.15	 53.26	 58.24	 45.21	 53.26	 55.94	 39.46	 53.26	 57.85	 42.53	 53.89	 55.56	 45.98	 43.30	 45.98	 56.70	 55.94	 48.28	 55.56	 53.26	 52.11	 55.94	 41.00	 52.11	 54.79	 59.00	 45.98	 61.30	 39.08	 57.85	 52.87	 50.96	 46.74	 43.30	 52.49	 54.02	 54.02	 54.79	 47.89	 54.79	 55.17	 57.85		Daboia_siamensis 7
								  0.00	 53.64	 41.38	 52.49	 53.08	 41.76	 53.64	 52.49	 48.66	 56.70	 45.21	 52.49	 49.43	 45.98	 51.34	 56.32	 47.51	 56.89	 52.11	 42.53	 41.00	 49.04	 61.30	 53.64	 45.59	 53.26	 49.81	 54.02	 54.79	 47.13	 50.57	 56.32	 50.96	 51.34	 54.79	 44.83	 57.09	 57.47	 49.81	 49.04	 43.68	 52.87	 57.47	 53.64	 52.49	 49.04	 51.34	 50.57	 52.87		Charina_bottae 8
									  0.00	 54.41	 51.72	 49.23	 54.02	 54.41	 50.96	 46.74	 45.98	 50.57	 51.34	 51.72	 52.49	 49.81	 50.96	 55.17	 57.49	 50.96	 55.17	 57.09	 58.24	 57.47	 50.19	 57.47	 48.66	 55.17	 49.43	 47.89	 53.64	 57.09	 58.62	 52.49	 51.34	 56.70	 51.34	 55.17	 49.81	 48.28	 52.49	 52.11	 52.11	 56.70	 45.21	 51.72	 55.94	 49.43	 52.11	 51.72		Shinisaurus_crocodilurus 9
										  0.00	 49.43	 52.31	 36.02	 51.34	 50.57	 47.51	 54.79	 45.59	 49.43	 52.87	 39.85	 49.04	 57.85	 43.30	 55.09	 51.72	 42.53	 36.02	 42.15	 57.47	 52.87	 41.00	 52.11	 36.78	 47.89	 48.28	 42.91	 54.79	 60.92	 52.11	 40.61	 55.17	 43.30	 52.49	 55.94	 49.43	 41.00	 40.23	 47.13	 55.17	 50.19	 56.32	 38.31	 47.51	 51.72	 51.72		Ophiophagus_hannah 10
											  0.00	 46.92	 44.83	 54.02	 56.70	 51.72	 44.83	 47.89	 48.66	 51.72	 47.51	 44.83	 54.02	 51.72	 55.09	 45.98	 54.41	 50.96	 54.79	 49.43	 45.98	 53.64	 40.61	 53.26	 45.59	 47.89	 53.64	 59.39	 55.94	 56.70	 53.26	 55.17	 53.26	 47.89	 47.13	 40.23	 52.11	 53.26	 45.59	 47.13	 46.74	 47.51	 50.96	 45.98	 54.79	 47.51		Anolis_sagrei 11
												  0.00	 51.92	 55.38	 57.69	 53.08	 51.92	 48.85	 50.38	 48.85	 51.54	 49.62	 54.62	 58.46	 55.69	 42.31	 53.08	 51.92	 55.38	 52.69	 15.38	 53.46	 51.54	 53.08	 53.46	 24.23	 55.38	 52.69	 61.15	 56.15	 50.38	 58.85	 52.69	 55.38	 41.54	 45.38	 51.15	 49.62	 55.77	 49.23	 49.23	 50.00	 51.92	 51.54	 53.46	 46.15		Lacerta_bilineata 12
													  0.00	 51.72	 49.43	 49.43	 52.11	 40.23	 50.57	 53.26	 37.93	 45.98	 62.84	 44.44	 56.29	 50.96	 45.59	 33.33	 41.00	 51.34	 51.72	 37.93	 50.96	 42.15	 45.21	 52.49	 43.68	 49.81	 59.77	 53.26	 41.38	 59.77	 42.15	 52.11	 54.02	 48.28	 42.53	 39.46	 45.59	 54.41	 50.57	 55.17	 38.70	 44.44	 54.02	 49.43		Imantodes_cenchoa 13
														  0.00	 54.41	 51.34	 52.49	 57.85	 51.34	 49.04	 53.64	 49.43	 55.94	 54.79	 57.49	 52.49	 54.79	 55.94	 52.87	 59.39	 55.17	 50.19	 50.96	 50.96	 50.96	 52.87	 58.24	 47.89	 54.79	 59.39	 55.94	 54.41	 54.02	 57.85	 53.64	 54.02	 55.94	 51.34	 56.70	 55.56	 48.66	 52.87	 52.87	 48.28	 55.17	 54.79		Phrynocephalus_versicolor 14
															  0.00	 48.28	 50.19	 49.81	 49.04	 53.26	 55.17	 48.28	 53.64	 53.64	 54.49	 55.94	 53.26	 52.87	 56.32	 54.79	 56.32	 51.72	 50.57	 50.19	 45.59	 56.32	 53.64	 59.00	 55.56	 54.02	 50.96	 54.02	 54.02	 54.41	 60.54	 49.04	 51.34	 50.57	 52.49	 59.39	 55.94	 50.96	 52.87	 45.59	 52.49	 52.87		Cryptoblepharus_egeriae 15
																  0.00	 48.66	 47.13	 36.40	 34.87	 47.13	 45.59	 51.34	 50.96	 53.29	 52.11	 50.19	 47.51	 53.26	 54.79	 55.17	 50.19	 47.51	 55.56	 48.66	 57.47	 47.51	 54.79	 54.41	 51.34	 52.87	 54.79	 48.66	 56.32	 55.94	 47.89	 50.57	 52.87	 50.19	 55.17	 49.81	 48.66	 52.87	 47.13	 45.59	 52.11		Iguana_delicatissima 16
																	  0.00	 54.79	 50.96	 47.89	 52.11	 49.04	 52.11	 56.70	 51.50	 48.66	 52.87	 51.72	 57.09	 52.87	 50.57	 55.56	 41.38	 57.09	 44.83	 49.43	 50.57	 50.96	 55.17	 57.85	 58.62	 55.56	 49.81	 51.72	 51.34	 46.36	 53.26	 54.02	 45.21	 50.19	 49.43	 50.19	 52.49	 49.04	 54.02	 50.57		Anolis_carolinensis 17
																		  0.00	 49.04	 49.43	 39.08	 46.74	 53.26	 44.44	 50.90	 52.11	 45.59	 41.38	 42.53	 57.09	 46.74	 44.83	 50.57	 49.43	 49.81	 52.87	 45.59	 49.81	 51.72	 54.79	 45.21	 55.56	 45.98	 57.09	 50.57	 44.06	 39.46	 44.06	 52.49	 53.64	 54.02	 51.34	 46.36	 47.13	 50.57	 50.57		Myanophis_thanlyinensis 18
																			  0.00	 35.63	 50.19	 43.68	 55.56	 51.34	 55.09	 50.96	 52.87	 48.28	 52.87	 51.72	 51.72	 54.41	 47.89	 56.32	 48.66	 53.64	 50.96	 52.11	 55.56	 52.11	 50.19	 56.70	 52.11	 52.11	 52.11	 47.51	 53.64	 53.64	 50.19	 50.96	 51.34	 43.68	 52.87	 46.36	 47.51	 47.89		Cyclura_pinguis 19
																				  0.00	 46.74	 46.36	 50.19	 55.94	 57.49	 50.96	 53.64	 47.89	 54.79	 54.41	 49.81	 56.70	 48.28	 58.62	 50.96	 49.04	 53.26	 50.96	 55.17	 54.02	 52.87	 51.34	 48.28	 51.72	 56.70	 44.83	 53.64	 55.56	 46.36	 52.49	 50.57	 50.96	 53.64	 50.96	 50.57	 49.81		Ctenosaura_bakeri 20
																					  0.00	 47.51	 51.72	 44.06	 60.48	 46.36	 45.21	 35.63	 33.33	 54.02	 52.11	 42.15	 47.13	 52.49	 48.28	 49.81	 44.44	 50.19	 55.94	 55.56	 43.68	 57.85	 39.46	 53.64	 49.04	 43.68	 34.87	 41.76	 44.83	 49.43	 49.81	 49.81	 43.30	 47.89	 52.87	 49.81		Ptyas_mucosa 21
																						  0.00	 58.24	 48.28	 53.29	 47.89	 47.51	 51.72	 50.57	 52.49	 50.57	 51.72	 46.74	 53.26	 45.21	 51.34	 49.81	 49.43	 50.57	 49.04	 50.96	 49.43	 48.28	 54.79	 50.96	 45.98	 51.34	 46.36	 44.44	 52.11	 49.81	 45.21	 51.72	 45.59	 49.43	 49.04		Lerista_edwardsae 22
																							  0.00	 59.39	 52.69	 54.02	 56.70	 53.64	 55.56	 52.11	 53.26	 54.41	 53.26	 59.00	 55.17	 55.17	 59.39	 52.87	 47.13	 55.94	 61.30	 56.70	 57.85	 53.26	 53.26	 52.49	 55.56	 53.26	 52.11	 50.19	 53.26	 55.94	 59.77	 53.26	 52.11	 58.24		Lepidodactylus_listeri 23
																								  0.00	 56.29	 54.79	 48.66	 46.36	 49.43	 58.24	 57.09	 43.30	 54.02	 47.51	 48.66	 61.30	 33.33	 55.17	 59.00	 54.41	 47.51	 55.94	 38.70	 55.17	 60.92	 49.43	 46.74	 42.53	 53.26	 60.92	 55.17	 51.72	 49.81	 50.19	 53.64	 53.26		Bothrops_jararaca 24
																									  0.00	 62.87	 53.89	 53.89	 59.28	 62.28	 57.49	 55.09	 53.29	 51.50	 55.09	 56.89	 61.68	 57.49	 55.69	 56.29	 56.29	 56.29	 63.47	 60.48	 63.47	 56.29	 59.88	 56.29	 58.08	 63.47	 55.69	 58.68	 56.29	 57.49	 43.71	 61.68		Varanus_komodoensis 25
																										  0.00	 57.09	 50.57	 57.09	 52.49	 41.38	 55.94	 46.36	 53.26	 50.57	 45.21	 57.85	 55.17	 56.70	 55.94	 49.43	 54.41	 54.41	 51.72	 44.83	 44.06	 57.09	 53.64	 51.34	 49.81	 45.98	 45.59	 54.79	 46.36	 53.64	 22.22		Podarcis_muralis 26
																											  0.00	 49.81	 48.66	 54.41	 53.64	 46.36	 51.34	 48.28	 52.11	 52.87	 49.04	 55.56	 56.32	 59.39	 54.79	 55.17	 46.74	 53.64	 60.15	 55.17	 47.89	 48.28	 54.02	 57.85	 55.56	 55.17	 47.89	 53.64	 52.87	 55.17		Morelia_viridis 27
																												  0.00	 40.61	 54.02	 49.04	 42.53	 51.72	 47.13	 54.02	 52.49	 41.76	 54.41	 60.54	 54.41	 44.06	 54.41	 43.30	 58.24	 53.64	 49.81	 42.15	 42.91	 46.74	 53.64	 52.49	 55.56	 42.53	 49.81	 48.66	 53.26		Diadophis_punctatus 28
																													  0.00	 62.84	 53.64	 39.85	 50.19	 50.96	 51.72	 55.56	 48.66	 53.64	 58.24	 55.94	 44.44	 55.94	 47.89	 57.47	 57.09	 49.81	 27.59	 39.85	 51.72	 55.56	 54.41	 54.02	 42.91	 52.87	 55.94	 55.94		Pantherophis_guttatus 29
																														  0.00	 49.81	 56.32	 50.96	 59.00	 50.96	 49.81	 56.70	 53.26	 59.00	 56.70	 57.85	 57.47	 57.09	 50.19	 54.79	 52.11	 56.32	 55.17	 46.36	 50.19	 57.09	 55.56	 58.24	 50.19	 55.17	 53.64		Aspidoscelis_marmoratus 30
																															  0.00	 53.64	 50.57	 50.19	 55.56	 30.27	 54.79	 52.49	 57.85	 55.94	 49.81	 58.24	 54.02	 52.11	 39.08	 44.06	 52.49	 50.57	 55.17	 44.44	 49.81	 50.57	 52.49	 51.72	 55.56	 41.00		Lacerta_viridis 31
																																  0.00	 46.74	 47.13	 49.04	 52.87	 43.68	 55.56	 60.92	 55.94	 48.66	 56.70	 45.98	 50.19	 53.64	 47.51	 42.53	 41.38	 52.11	 53.64	 54.41	 50.19	 49.04	 47.51	 54.79	 54.41		Boaedon_fuliginosus 32
																																	  0.00	 50.96	 40.23	 49.04	 54.02	 51.34	 57.47	 54.79	 52.49	 55.56	 53.64	 45.98	 45.21	 27.59	 48.28	 55.56	 50.96	 48.66	 49.04	 50.19	 49.43	 42.91	 51.72	 46.36		Phrynosoma_platyrhinos 33
																																		  0.00	 50.96	 51.34	 48.66	 55.56	 63.22	 54.02	 43.68	 54.79	 48.28	 54.02	 58.24	 50.96	 47.51	 44.44	 53.64	 56.32	 54.79	 58.24	 42.53	 50.96	 54.02	 56.70		Naja_naja 34
																																			  0.00	 54.41	 52.11	 52.49	 55.17	 54.41	 51.34	 48.66	 51.72	 52.49	 51.34	 39.46	 49.43	 47.51	 51.72	 52.49	 52.11	 47.13	 47.89	 24.52	 53.26	 47.13		Sceloporus_tristichus 35
																																				  0.00	 58.62	 54.02	 59.39	 58.24	 49.43	 59.00	 53.26	 54.02	 38.70	 45.21	 49.43	 51.72	 52.11	 50.19	 50.96	 49.81	 50.96	 52.49	 55.94	 45.98		Lacerta_agilis 36
																																					  0.00	 55.94	 55.17	 50.19	 48.66	 57.47	 36.40	 57.09	 53.26	 52.87	 46.36	 41.00	 51.34	 55.94	 55.17	 50.96	 49.81	 51.72	 52.49	 56.70		Protobothrops_mucrosquamatus 37
																																						  0.00	 55.94	 56.70	 56.70	 56.70	 52.11	 55.94	 53.26	 52.87	 51.72	 50.19	 53.64	 54.02	 55.94	 55.56	 55.94	 53.26	 51.72	 54.02		Pogona_vitticeps 38
																																							  0.00	 59.39	 55.56	 58.24	 57.47	 60.92	 55.94	 52.11	 60.54	 55.94	 53.64	 52.11	 56.32	 47.51	 57.85	 53.26	 55.17	 57.09		Gekko_japonicus 39
																																								  0.00	 58.62	 53.26	 52.87	 54.79	 59.39	 57.47	 55.17	 51.72	 55.94	 60.92	 54.02	 49.81	 56.70	 51.34	 51.72	 54.41		Sphaerodactylus_townsendi 40
																																									  0.00	 57.85	 43.68	 58.62	 53.64	 49.04	 43.68	 40.61	 52.11	 54.41	 53.26	 56.32	 46.36	 49.43	 52.87	 52.49		Bungarus_multicintus 41
																																										  0.00	 55.94	 57.85	 61.69	 52.87	 56.32	 54.02	 58.24	 54.41	 52.87	 52.49	 58.24	 54.41	 56.32	 52.49		Paroedura_picta 42
																																											  0.00	 52.11	 52.11	 49.43	 39.08	 41.38	 48.66	 54.79	 50.57	 49.43	 42.53	 52.11	 52.11	 52.49		Crotalus_tigris 43
																																												  0.00	 55.94	 47.89	 56.70	 53.64	 52.87	 55.94	 52.49	 52.49	 54.02	 51.72	 55.56	 52.49		Sphenodon_punctatus 44
																																													  0.00	 41.38	 52.49	 56.32	 53.26	 43.68	 48.66	 48.66	 56.70	 50.96	 57.85	 44.44		Zootoca_vivipara 45
																																														  0.00	 47.89	 51.34	 49.43	 46.36	 45.59	 45.98	 46.74	 42.53	 54.41	 45.59		Phrynosoma_blainvillii 46
																																															  0.00	 39.46	 50.57	 56.70	 54.02	 54.41	 44.06	 50.19	 55.17	 56.32		Pituophis_catenifer 47
																																																  0.00	 49.81	 52.87	 49.81	 49.04	 46.36	 51.34	 53.64	 53.64		Tropidonophis_doriae 48
																																																	  0.00	 53.64	 54.41	 55.56	 51.72	 53.26	 51.72	 52.11		Salvator_merianae 49
																																																		  0.00	 52.49	 51.72	 54.41	 50.57	 56.70	 49.43		Eublepharis_macularius 50
																																																			  0.00	 50.19	 54.02	 49.81	 54.02	 49.04		Hemicordylus_capensis 51
																																																				  0.00	 58.62	 46.74	 54.02	 48.66		Plestiodon_gilberti 52
																																																					  0.00	 49.04	 57.47	 54.02		Laticauda_colubrina 53
																																																						  0.00	 52.49	 46.36		Sceloporus_occidentalis 54
																																																							  0.00	 54.41		Varanus_salvator 55
																																																								  0.00		Podarci_raffonei 56
