Distance Matrix
---------------

Uncorrected for Multiple Substitutions
Using base positions 3 in the codon
Gap weighting is 0.000000

	    1	    2	    3	    4	    5	    6	    7	    8	    9	    10	    11	    12	    13	    14	    15	    16	    17	    18	    19	    20	    21	    22	    23	    24	    25	    26	    27	    28	    29	    30	    31	    32	    33	    34	    35	    36	    37	    38	    39	    40	    41	    42	    43	    44	    45	    46	    47	    48	    49	    50	    51	    52	    53	    54	    55	    56
	  0.00	 39.91	 53.60	 42.63	 54.50	 46.64	 50.67	 50.22	 57.66	 41.70	 54.50	 57.66	 40.36	 53.15	 48.65	 53.60	 52.25	 45.74	 56.31	 52.94	 27.80	 48.20	 53.15	 47.53	 59.01	 55.86	 45.29	 41.70	 29.15	 57.66	 56.56	 52.91	 50.45	 44.39	 52.70	 57.21	 50.67	 54.05	 60.36	 57.66	 40.36	 55.41	 46.19	 56.31	 57.21	 53.15	 30.04	 41.70	 56.76	 53.60	 51.35	 58.70	 44.84	 53.15	 58.11	 54.95		Arizona_elegans 1
		  0.00	 53.81	 41.58	 57.66	 46.05	 49.33	 44.89	 50.22	 41.67	 53.74	 58.59	 36.40	 55.07	 51.54	 51.54	 56.39	 45.61	 56.83	 50.98	 38.60	 53.30	 52.42	 42.54	 61.50	 59.47	 43.95	 34.53	 38.16	 55.75	 58.85	 47.56	 56.83	 39.04	 53.60	 54.19	 43.42	 55.07	 60.35	 57.71	 49.78	 56.39	 38.60	 56.83	 61.67	 55.95	 45.18	 41.70	 54.95	 59.03	 50.22	 58.73	 47.81	 54.19	 56.83	 58.59		Thermophis_baileyi 2
			  0.00	 55.03	 45.50	 52.47	 54.71	 56.05	 39.91	 52.91	 44.39	 47.53	 50.22	 54.71	 47.09	 43.95	 47.09	 57.85	 42.60	 46.08	 55.61	 44.84	 49.33	 56.50	 57.85	 50.22	 54.50	 56.76	 55.16	 47.98	 51.35	 57.85	 46.19	 49.78	 41.89	 50.22	 53.81	 49.33	 49.33	 48.43	 58.11	 52.02	 55.16	 42.60	 49.78	 45.74	 52.47	 48.65	 50.00	 47.98	 44.84	 46.49	 56.50	 50.67	 52.47	 50.67		Elgaria_multicarinata 3
				  0.00	 58.73	 51.58	 47.37	 43.16	 56.08	 42.63	 51.32	 55.56	 37.89	 52.91	 56.08	 53.44	 55.03	 47.89	 58.20	 56.14	 43.16	 52.38	 51.32	 45.26	 58.20	 58.20	 44.21	 40.00	 41.05	 56.08	 54.50	 52.63	 52.91	 48.95	 52.38	 52.91	 48.42	 50.26	 57.14	 57.67	 51.05	 58.20	 44.74	 55.03	 65.08	 50.79	 42.11	 44.74	 59.26	 56.61	 52.38	 57.07	 47.89	 54.50	 55.56	 55.56		Thamnophis_elegans 4
					  0.00	 56.76	 49.10	 57.21	 47.30	 49.10	 51.80	 56.31	 52.70	 50.45	 51.80	 52.25	 50.00	 53.15	 51.80	 50.00	 53.60	 51.80	 58.11	 54.05	 53.60	 59.46	 56.76	 54.95	 54.95	 22.52	 55.66	 58.11	 49.10	 55.41	 50.45	 54.50	 55.41	 49.10	 50.90	 59.91	 57.21	 55.41	 54.95	 53.15	 49.55	 50.90	 55.86	 49.10	 45.50	 50.45	 54.05	 55.43	 55.86	 52.70	 54.50	 56.31		Aspidocelis_tigris 5
						  0.00	 44.44	 49.33	 55.07	 43.86	 54.63	 55.95	 44.30	 59.91	 53.74	 54.19	 58.59	 44.74	 53.30	 52.94	 42.98	 54.63	 48.46	 37.28	 55.75	 55.07	 43.95	 50.67	 45.61	 55.75	 54.42	 44.89	 55.51	 45.18	 54.95	 55.51	 40.35	 54.19	 54.63	 54.63	 46.19	 56.83	 42.11	 53.30	 58.15	 51.54	 44.74	 47.09	 51.35	 54.63	 55.07	 56.08	 48.68	 51.98	 55.51	 57.71		Azemiops_feae 6
							  0.00	 52.00	 52.68	 46.67	 53.12	 60.27	 44.44	 54.02	 52.68	 54.46	 53.57	 47.11	 50.45	 57.84	 47.56	 50.89	 57.59	 40.89	 58.48	 47.77	 47.98	 41.70	 47.56	 50.89	 58.74	 48.00	 53.12	 50.22	 55.41	 54.91	 46.22	 52.68	 58.04	 58.04	 47.09	 60.27	 46.67	 50.00	 56.70	 53.57	 48.44	 46.64	 53.60	 56.70	 54.02	 56.99	 50.22	 59.82	 54.02	 49.11		Daboia_siamensis 7
								  0.00	 58.48	 44.89	 58.04	 58.48	 38.67	 56.25	 55.36	 54.02	 57.14	 49.33	 54.46	 54.41	 45.33	 55.36	 55.80	 50.67	 62.05	 57.59	 39.46	 40.81	 41.33	 54.46	 59.64	 48.89	 56.25	 43.56	 55.41	 52.23	 48.89	 57.14	 53.57	 54.91	 52.02	 52.23	 48.89	 51.34	 58.04	 53.12	 46.22	 44.84	 53.15	 55.36	 53.57	 60.22	 50.22	 56.70	 58.48	 57.14		Charina_bottae 8
									  0.00	 49.78	 48.47	 46.29	 47.58	 55.26	 45.37	 49.12	 42.79	 53.30	 45.41	 44.61	 54.19	 46.70	 48.68	 54.63	 53.98	 44.54	 51.35	 53.60	 51.09	 49.12	 47.81	 56.70	 48.03	 51.98	 46.85	 45.85	 50.66	 47.60	 53.28	 52.84	 55.41	 48.03	 53.28	 49.56	 47.37	 46.72	 55.07	 51.35	 50.90	 49.56	 47.14	 48.69	 51.98	 50.66	 51.09	 45.41		Shinisaurus_crocodilurus 9
										  0.00	 50.66	 54.19	 39.04	 50.66	 47.58	 51.54	 52.42	 45.61	 47.58	 50.98	 40.35	 49.34	 53.30	 40.79	 59.29	 53.30	 45.74	 40.81	 38.60	 53.98	 57.08	 45.33	 54.63	 35.09	 47.30	 51.98	 42.11	 45.37	 55.95	 55.51	 38.57	 53.74	 44.74	 52.86	 55.95	 50.66	 34.21	 34.08	 49.55	 49.34	 50.66	 51.85	 39.91	 46.26	 56.83	 53.30		Ophiophagus_hannah 10
											  0.00	 50.66	 50.66	 53.51	 41.41	 50.88	 43.23	 48.02	 46.29	 46.08	 55.07	 40.97	 49.12	 55.51	 52.21	 46.72	 53.60	 48.20	 54.59	 53.10	 49.12	 55.80	 45.02	 52.86	 44.59	 45.41	 57.71	 51.97	 49.34	 56.28	 56.76	 49.34	 51.53	 47.81	 45.18	 44.98	 50.66	 52.25	 45.95	 46.05	 44.49	 47.15	 55.07	 43.23	 53.71	 47.19		Anolis_sagrei 11
												  0.00	 57.27	 53.51	 44.93	 47.81	 47.60	 55.51	 51.09	 50.49	 55.95	 48.90	 50.88	 59.47	 57.96	 42.79	 55.41	 59.46	 58.52	 54.42	 11.84	 62.50	 51.53	 53.74	 47.75	 29.26	 57.71	 52.40	 54.15	 51.09	 54.50	 52.40	 54.59	 50.44	 42.98	 47.16	 55.51	 56.76	 50.45	 50.00	 47.14	 47.12	 51.10	 52.84	 54.15	 41.48		Lacerta_bilineata 12
													  0.00	 46.70	 55.07	 48.90	 48.02	 47.81	 49.34	 45.59	 34.21	 50.66	 53.30	 44.30	 54.42	 52.86	 43.50	 34.53	 32.46	 51.77	 56.64	 44.44	 52.86	 38.16	 50.45	 50.22	 44.74	 51.10	 54.63	 54.63	 43.95	 49.34	 43.86	 51.54	 53.74	 48.46	 34.21	 38.12	 50.45	 46.70	 51.10	 56.08	 42.11	 48.90	 53.74	 54.19		Imantodes_cenchoa 13
														  0.00	 52.86	 53.51	 50.00	 53.30	 57.46	 50.98	 52.42	 50.66	 56.58	 55.95	 62.83	 55.70	 58.56	 53.15	 53.07	 50.00	 53.30	 59.82	 52.19	 53.30	 51.35	 46.93	 59.91	 47.81	 58.33	 56.14	 57.21	 57.02	 57.89	 50.00	 51.32	 50.00	 54.19	 50.90	 50.90	 50.00	 52.42	 58.95	 53.74	 53.51	 57.89	 57.46		Phrynocephalus_versicolor 14
															  0.00	 43.61	 47.14	 50.66	 44.05	 39.22	 52.42	 41.85	 49.78	 53.74	 54.42	 50.66	 54.50	 52.25	 48.90	 50.88	 47.79	 58.93	 49.34	 53.30	 45.05	 45.37	 51.98	 50.66	 52.86	 50.66	 52.70	 46.70	 56.39	 46.70	 47.14	 48.46	 51.54	 52.25	 49.55	 51.54	 45.81	 42.86	 55.07	 45.37	 51.98	 48.46		Cryptoblepharus_egeriae 15
																  0.00	 46.49	 54.63	 38.60	 31.37	 52.42	 44.05	 50.00	 48.02	 52.65	 51.75	 54.05	 55.41	 50.00	 53.54	 51.10	 58.04	 47.37	 48.02	 44.14	 50.44	 50.66	 49.12	 49.56	 47.37	 59.91	 55.70	 52.19	 49.12	 47.37	 44.30	 53.30	 48.20	 50.45	 51.32	 49.78	 46.84	 53.74	 51.75	 50.00	 49.12		Iguana_delicatissima 16
																	  0.00	 55.07	 44.98	 46.08	 52.42	 45.37	 48.25	 52.86	 53.98	 43.23	 53.15	 54.95	 49.34	 52.21	 47.37	 60.27	 48.03	 57.71	 45.50	 45.41	 53.74	 53.71	 53.28	 51.53	 56.76	 51.09	 51.97	 50.44	 48.25	 42.36	 52.42	 49.10	 50.00	 46.05	 48.02	 47.12	 56.39	 50.22	 47.16	 45.85		Anolis_carolinensis 17
																		  0.00	 55.07	 56.37	 47.81	 49.78	 51.54	 45.61	 57.96	 52.86	 45.29	 42.60	 46.05	 53.54	 55.31	 49.33	 59.03	 42.98	 55.41	 52.86	 45.18	 52.86	 59.91	 57.71	 47.98	 58.59	 47.81	 50.66	 55.07	 55.51	 46.49	 46.19	 49.55	 54.19	 57.27	 52.91	 48.68	 52.86	 57.27	 50.66		Myanophis_thanlyinensis 18
																			  0.00	 39.22	 55.07	 43.17	 51.75	 47.14	 50.00	 48.91	 49.10	 50.45	 56.33	 52.65	 52.63	 56.25	 47.16	 51.10	 40.99	 49.78	 47.58	 48.91	 54.59	 49.34	 58.11	 51.09	 49.78	 46.49	 48.25	 47.60	 52.86	 51.80	 48.65	 48.25	 51.10	 48.17	 55.95	 43.67	 48.03	 51.53		Cyclura_pinguis 19
																				  0.00	 49.02	 42.16	 48.04	 46.57	 53.43	 51.96	 49.02	 51.47	 48.04	 52.94	 51.23	 54.90	 51.47	 54.41	 44.61	 51.96	 49.51	 48.53	 51.47	 50.49	 54.41	 49.51	 54.41	 49.02	 50.00	 44.12	 52.94	 51.96	 51.47	 50.00	 48.04	 45.78	 55.39	 43.14	 50.49	 49.51		Ctenosaura_bakeri 20
																					  0.00	 49.78	 53.30	 45.61	 57.08	 55.51	 47.98	 40.81	 25.88	 54.87	 56.64	 45.33	 51.10	 38.60	 52.70	 55.07	 46.93	 55.51	 56.39	 61.23	 39.91	 55.07	 47.37	 57.71	 58.15	 52.42	 30.26	 44.39	 52.70	 52.86	 52.86	 59.79	 42.11	 54.19	 55.07	 56.83		Ptyas_mucosa 21
																						  0.00	 42.29	 54.19	 51.33	 43.61	 50.45	 49.55	 51.98	 50.88	 48.67	 56.25	 48.46	 51.10	 43.69	 48.02	 52.86	 51.54	 51.98	 53.30	 55.41	 54.63	 56.39	 49.34	 47.58	 42.73	 50.66	 46.40	 46.40	 42.73	 46.26	 45.50	 53.74	 45.37	 47.14	 47.14		Lerista_edwardsae 22
																							  0.00	 53.74	 53.98	 46.93	 50.00	 55.41	 56.58	 55.75	 52.86	 58.48	 52.19	 52.42	 46.85	 50.44	 50.22	 51.75	 47.37	 53.95	 58.11	 51.32	 53.95	 50.00	 50.88	 51.32	 51.98	 50.00	 51.35	 48.25	 51.54	 50.00	 51.10	 51.32	 51.32	 49.56		Lepidodactylus_listeri 23
																								  0.00	 57.96	 60.35	 45.29	 40.81	 47.81	 54.87	 59.73	 47.56	 57.27	 45.61	 52.70	 60.79	 32.89	 49.34	 56.39	 51.54	 45.74	 59.47	 34.21	 51.98	 60.79	 52.42	 44.30	 44.39	 52.70	 58.15	 56.39	 50.79	 51.75	 51.54	 51.54	 63.00		Bothrops_jararaca 24
																									  0.00	 53.98	 56.31	 57.21	 57.08	 59.29	 52.89	 59.82	 55.31	 59.29	 55.86	 52.65	 59.29	 58.41	 60.18	 58.85	 59.46	 60.18	 56.64	 52.65	 49.12	 52.21	 61.50	 57.21	 58.56	 51.77	 50.00	 56.91	 56.19	 55.31	 41.15	 57.52		Varanus_komodoensis 25
																										  0.00	 51.80	 57.21	 55.90	 55.31	 40.35	 57.14	 51.53	 56.83	 48.20	 39.74	 55.95	 58.08	 55.90	 57.21	 54.05	 53.28	 58.95	 48.68	 38.16	 47.60	 54.19	 58.11	 50.90	 46.49	 49.34	 50.79	 56.39	 47.60	 49.78	 23.58		Podarcis_muralis 26
																											  0.00	 46.64	 43.50	 54.05	 56.56	 45.29	 53.15	 47.98	 51.80	 50.90	 42.15	 49.10	 58.11	 52.25	 49.33	 54.50	 43.95	 46.85	 58.56	 50.45	 42.60	 43.50	 54.05	 51.80	 51.35	 52.17	 46.64	 52.25	 52.70	 52.25		Morelia_viridis 27
																												  0.00	 39.01	 56.31	 58.37	 43.05	 54.50	 41.70	 54.05	 51.35	 43.05	 57.21	 56.31	 58.56	 44.84	 55.86	 46.19	 53.60	 57.21	 54.05	 37.22	 40.36	 56.31	 52.70	 48.20	 55.43	 43.05	 52.25	 55.41	 55.86		Diadophis_punctatus 28
																													  0.00	 55.75	 60.09	 44.89	 54.15	 40.35	 54.05	 54.15	 46.93	 58.08	 58.52	 59.39	 42.60	 55.90	 46.52	 54.39	 58.33	 53.71	 26.75	 39.91	 54.95	 52.19	 55.95	 62.30	 39.04	 56.33	 55.90	 53.28		Pantherophis_guttatus 29
																														  0.00	 56.44	 58.48	 51.33	 55.31	 48.65	 54.42	 56.64	 50.00	 52.65	 60.62	 57.66	 53.54	 54.42	 53.10	 52.65	 51.77	 56.64	 52.25	 46.40	 50.44	 55.31	 56.91	 60.18	 52.65	 52.65	 54.42		Aspidoscelis_marmoratus 30
																															  0.00	 62.33	 52.63	 54.42	 49.32	 28.51	 57.96	 56.58	 54.39	 51.75	 53.39	 55.26	 57.02	 53.30	 40.97	 50.00	 57.08	 57.92	 51.13	 50.66	 45.13	 49.21	 54.87	 51.32	 53.07	 39.04		Lacerta_viridis 31
																																  0.00	 59.82	 46.67	 55.86	 60.27	 48.00	 59.38	 55.36	 55.36	 49.78	 51.79	 52.89	 54.02	 59.38	 57.59	 41.78	 47.09	 55.41	 55.80	 55.36	 55.38	 50.67	 52.68	 55.80	 55.80		Boaedon_fuliginosus 32
																																	  0.00	 57.27	 37.84	 50.22	 60.79	 53.71	 52.84	 54.11	 56.76	 52.84	 60.70	 54.39	 46.05	 31.00	 50.66	 50.00	 54.95	 48.25	 48.46	 60.10	 53.74	 42.36	 55.90	 48.48		Phrynosoma_platyrhinos 33
																																		  0.00	 52.70	 55.51	 39.04	 57.71	 60.35	 50.66	 41.26	 56.83	 42.98	 51.54	 59.03	 55.95	 39.47	 35.87	 47.75	 51.98	 52.86	 53.97	 42.54	 53.30	 55.51	 59.03		Naja_naja 34
																																			  0.00	 48.20	 54.95	 49.55	 50.90	 51.80	 54.95	 50.90	 53.60	 49.55	 51.35	 39.64	 52.25	 50.45	 50.90	 47.75	 48.65	 47.28	 52.25	 31.08	 50.90	 51.80		Sceloporus_tristichus 35
																																				  0.00	 59.47	 55.46	 51.53	 57.21	 56.76	 52.84	 51.09	 48.68	 39.47	 44.98	 51.54	 55.41	 52.70	 45.18	 44.05	 49.74	 48.90	 51.09	 50.66	 36.68		Lacerta_agilis 36
																																					  0.00	 53.74	 55.95	 55.51	 46.19	 55.95	 38.16	 50.22	 59.03	 59.47	 47.37	 43.50	 53.15	 58.15	 54.63	 51.32	 47.81	 54.19	 55.95	 57.71		Protobothrops_mucrosquamatus 37
																																						  0.00	 60.26	 53.71	 55.41	 56.77	 54.15	 49.12	 58.77	 54.59	 56.83	 50.90	 54.05	 54.39	 52.86	 51.31	 55.51	 52.84	 51.53	 55.90		Pogona_vitticeps 38
																																							  0.00	 54.15	 61.26	 58.95	 56.77	 48.68	 51.75	 54.59	 57.71	 56.76	 57.66	 50.44	 50.22	 51.83	 56.39	 52.84	 56.77	 55.90		Gekko_japonicus 39
																																								  0.00	 61.26	 54.15	 59.83	 50.88	 57.02	 53.71	 58.59	 48.65	 49.55	 56.58	 50.66	 47.15	 60.35	 54.59	 50.66	 55.84		Sphaerodactylus_townsendi 40
																																									  0.00	 61.71	 51.57	 53.60	 57.66	 56.76	 37.67	 44.39	 55.86	 51.80	 57.21	 57.07	 37.67	 53.15	 55.86	 54.05		Bungarus_multicintus 41
																																										  0.00	 59.39	 54.82	 53.95	 51.09	 55.51	 54.05	 52.70	 51.32	 46.70	 49.21	 56.39	 51.53	 57.21	 51.53		Paroedura_picta 42
																																											  0.00	 53.95	 59.21	 56.33	 44.74	 47.53	 54.95	 56.14	 52.86	 54.45	 48.25	 54.15	 56.77	 60.70		Crotalus_tigris 43
																																												  0.00	 52.19	 47.37	 55.95	 49.55	 48.20	 51.32	 46.70	 50.53	 53.74	 51.75	 54.82	 50.88		Sphenodon_punctatus 44
																																													  0.00	 47.37	 58.15	 56.31	 52.25	 46.93	 51.54	 49.47	 55.51	 46.93	 54.82	 37.28		Zootoca_vivipara 45
																																														  0.00	 51.98	 48.65	 51.35	 45.61	 45.81	 47.12	 51.98	 38.86	 52.84	 50.66		Phrynosoma_blainvillii 46
																																															  0.00	 36.77	 53.60	 46.70	 53.30	 55.03	 37.28	 50.66	 57.71	 55.51		Pituophis_catenifer 47
																																																  0.00	 47.75	 51.80	 51.35	 53.26	 40.36	 51.35	 52.70	 55.41		Tropidonophis_doriae 48
																																																	  0.00	 49.55	 48.20	 52.72	 55.86	 52.25	 54.50	 48.20		Salvator_merianae 49
																																																		  0.00	 47.14	 53.16	 47.58	 48.68	 47.37	 51.32		Eublepharis_macularius 50
																																																			  0.00	 51.32	 55.51	 46.26	 49.78	 49.34		Hemicordylus_capensis 51
																																																				  0.00	 55.56	 47.64	 54.45	 53.89		Plestiodon_gilberti 52
																																																					  0.00	 51.98	 58.15	 55.51		Laticauda_colubrina 53
																																																						  0.00	 53.28	 49.78		Sceloporus_occidentalis 54
																																																							  0.00	 52.84		Varanus_salvator 55
																																																								  0.00		Podarci_raffonei 56
