Distance Matrix
---------------

Uncorrected for Multiple Substitutions
Using base positions 3 in the codon
Gap weighting is 0.000000

	    1	    2	    3	    4	    5	    6	    7	    8	    9	    10	    11	    12	    13	    14	    15	    16	    17	    18	    19	    20	    21	    22	    23	    24	    25	    26	    27	    28	    29	    30	    31	    32	    33	    34	    35	    36	    37	    38	    39	    40	    41	    42	    43	    44	    45	    46	    47	    48	    49	    50	    51	    52	    53	    54	    55	    56
	  0.00	 41.33	 56.44	 42.67	 56.89	 46.22	 50.22	 53.78	 56.00	 46.22	 58.22	 55.11	 41.78	 56.89	 58.67	 58.22	 60.00	 47.56	 61.78	 60.44	 34.67	 56.89	 62.67	 46.22	 61.36	 59.56	 48.00	 41.33	 29.33	 56.50	 54.67	 43.11	 55.11	 47.56	 61.78	 61.33	 39.11	 57.78	 62.22	 60.44	 46.22	 58.67	 51.11	 59.11	 63.56	 56.44	 31.11	 51.11	 52.89	 52.00	 56.89	 56.89	 48.89	 58.67	 62.67	 60.89		Arizona_elegans 1
		  0.00	 53.54	 44.89	 63.56	 49.56	 52.89	 49.78	 57.96	 45.58	 67.26	 60.62	 38.94	 57.96	 56.19	 56.19	 63.72	 47.79	 56.64	 57.08	 48.67	 56.19	 63.11	 44.25	 61.36	 64.16	 46.22	 39.11	 38.94	 60.71	 60.18	 44.89	 60.18	 44.69	 60.18	 58.85	 42.48	 57.08	 65.04	 58.41	 45.78	 59.29	 46.46	 59.73	 63.27	 58.85	 42.04	 42.22	 58.67	 59.29	 59.56	 53.98	 47.35	 57.08	 55.75	 61.06		Thermophis_baileyi 2
			  0.00	 59.56	 58.22	 58.41	 59.11	 60.89	 50.00	 55.31	 58.59	 57.52	 57.52	 56.83	 53.74	 54.19	 55.95	 55.75	 54.19	 53.74	 57.08	 58.15	 61.33	 56.64	 53.33	 53.54	 53.78	 53.33	 60.18	 57.59	 56.19	 55.11	 52.42	 54.87	 52.42	 56.19	 57.08	 61.23	 59.29	 55.31	 54.67	 59.73	 54.42	 56.83	 54.42	 52.42	 56.64	 55.56	 56.44	 58.41	 50.44	 55.07	 61.06	 54.19	 56.83	 54.42		Elgaria_multicarinata 3
				  0.00	 60.00	 55.11	 49.33	 59.11	 60.00	 47.11	 62.22	 61.33	 44.44	 56.00	 58.22	 59.11	 63.56	 49.33	 60.89	 60.44	 49.33	 65.78	 68.00	 50.67	 59.09	 61.33	 51.56	 43.56	 45.78	 59.19	 60.89	 44.44	 60.89	 48.00	 63.11	 58.67	 44.89	 61.33	 65.33	 58.22	 53.33	 66.67	 48.44	 60.00	 64.00	 58.67	 44.89	 48.44	 62.22	 59.11	 58.22	 60.89	 53.33	 64.44	 60.89	 60.00		Thamnophis_elegans 4
					  0.00	 61.78	 64.00	 63.11	 49.78	 62.22	 55.56	 62.22	 55.11	 57.33	 63.56	 56.00	 55.56	 60.89	 60.00	 57.78	 57.33	 60.00	 64.00	 64.44	 56.82	 54.22	 62.67	 64.44	 61.78	 26.01	 61.33	 62.22	 55.56	 64.00	 59.11	 58.67	 62.22	 59.56	 64.00	 61.78	 59.56	 56.00	 64.89	 60.44	 56.89	 53.78	 57.33	 60.89	 50.67	 56.89	 57.33	 61.78	 57.78	 56.00	 63.11	 55.56		Aspidocelis_tigris 5
						  0.00	 38.67	 48.89	 58.85	 46.46	 65.04	 60.62	 44.69	 61.50	 57.08	 53.10	 66.81	 50.44	 60.18	 54.87	 51.33	 57.52	 59.56	 39.38	 54.55	 60.18	 45.33	 45.33	 46.90	 64.73	 59.29	 52.00	 59.29	 48.23	 66.37	 58.41	 36.28	 57.08	 66.81	 56.64	 52.89	 59.73	 44.25	 58.41	 61.50	 59.29	 44.69	 48.44	 54.67	 59.73	 59.11	 61.95	 52.21	 65.49	 62.39	 63.27		Azemiops_feae 6
							  0.00	 56.00	 59.56	 42.22	 62.67	 60.44	 51.56	 59.11	 60.89	 55.11	 64.89	 52.44	 61.33	 59.11	 50.22	 60.89	 63.56	 48.44	 52.27	 59.11	 50.22	 48.00	 49.33	 68.16	 59.11	 51.56	 61.78	 50.22	 63.56	 57.78	 44.44	 62.67	 64.89	 62.22	 50.22	 64.00	 51.56	 61.33	 60.89	 59.56	 48.44	 52.89	 59.11	 59.56	 56.00	 61.78	 52.00	 66.22	 58.67	 61.33		Daboia_siamensis 7
								  0.00	 61.78	 54.22	 63.11	 63.56	 53.33	 59.11	 57.78	 53.78	 61.33	 52.89	 62.67	 56.00	 52.44	 59.56	 60.00	 52.44	 65.91	 64.89	 45.33	 57.78	 48.89	 62.78	 63.11	 52.00	 57.78	 54.67	 57.33	 62.22	 51.56	 52.89	 67.11	 57.33	 52.89	 61.33	 55.56	 63.56	 62.67	 57.78	 49.33	 51.56	 58.22	 57.78	 60.89	 54.67	 56.00	 57.33	 62.67	 61.33		Charina_bottae 8
									  0.00	 61.95	 51.33	 55.31	 56.19	 51.33	 60.18	 53.98	 51.33	 61.50	 55.31	 53.54	 58.41	 52.65	 56.89	 59.73	 54.55	 55.31	 59.56	 62.67	 58.85	 48.66	 55.31	 57.33	 52.21	 58.41	 46.90	 58.85	 59.73	 58.41	 57.08	 54.87	 50.67	 52.65	 59.73	 52.65	 56.64	 52.21	 56.19	 61.33	 54.67	 52.65	 47.56	 55.31	 56.64	 53.10	 55.31	 53.98		Shinisaurus_crocodilurus 9
										  0.00	 59.29	 59.73	 41.15	 57.96	 58.41	 58.41	 64.16	 50.44	 59.73	 54.87	 49.12	 61.95	 65.33	 42.04	 56.82	 59.29	 49.78	 42.67	 45.13	 62.50	 60.18	 48.00	 59.29	 39.38	 57.52	 59.73	 46.02	 62.39	 65.04	 60.62	 43.56	 62.39	 47.79	 60.62	 58.41	 55.75	 42.48	 44.89	 58.22	 57.08	 48.89	 57.96	 42.04	 61.50	 61.95	 59.73		Ophiophagus_hannah 10
											  0.00	 58.41	 60.18	 52.42	 62.56	 55.95	 41.41	 66.81	 54.19	 55.51	 58.85	 59.91	 60.44	 65.49	 55.56	 52.65	 60.00	 64.44	 59.29	 58.93	 56.19	 57.33	 45.37	 65.93	 44.93	 56.64	 60.62	 58.59	 61.06	 54.87	 54.67	 65.93	 64.60	 61.23	 54.87	 47.14	 57.08	 64.89	 56.44	 47.35	 55.31	 60.79	 60.62	 49.78	 61.67	 50.88		Anolis_sagrei 11
												  0.00	 65.04	 60.62	 57.52	 61.50	 64.60	 61.50	 54.87	 59.29	 57.96	 55.75	 57.33	 58.85	 63.64	 49.56	 60.00	 60.44	 59.73	 62.05	  8.41	 61.33	 53.54	 61.50	 55.75	 38.50	 57.96	 57.52	 65.49	 59.73	 61.33	 61.06	 57.96	 57.96	 45.58	 53.10	 54.87	 64.89	 58.22	 58.41	 53.33	 56.64	 62.83	 62.39	 60.18	 44.25		Lacerta_bilineata 12
													  0.00	 57.96	 57.52	 61.50	 59.29	 44.25	 60.18	 53.98	 45.13	 62.83	 61.33	 47.79	 59.09	 58.85	 44.89	 35.11	 36.73	 54.46	 62.83	 40.44	 56.19	 40.27	 63.72	 57.96	 49.12	 57.52	 68.14	 53.10	 44.89	 58.85	 54.42	 60.62	 58.41	 57.96	 40.71	 41.33	 50.22	 51.33	 53.33	 58.41	 45.13	 58.41	 61.06	 61.95		Imantodes_cenchoa 13
														  0.00	 55.51	 56.83	 52.86	 57.52	 58.15	 58.15	 57.96	 55.95	 57.78	 58.41	 53.33	 55.75	 54.22	 59.11	 57.08	 56.25	 60.18	 53.33	 51.54	 59.73	 56.83	 64.60	 54.42	 56.83	 59.29	 51.77	 52.89	 60.18	 62.83	 59.03	 57.52	 50.66	 53.54	 56.89	 54.22	 53.54	 50.00	 58.59	 61.95	 55.07	 61.23	 56.19		Phrynocephalus_versicolor 14
															  0.00	 55.95	 61.23	 54.87	 55.95	 57.27	 58.85	 51.10	 56.44	 59.29	 57.78	 58.85	 60.00	 56.89	 57.08	 59.38	 56.19	 58.22	 55.07	 57.96	 54.63	 56.64	 58.85	 61.67	 59.29	 50.00	 57.33	 55.75	 55.31	 59.91	 60.62	 53.30	 57.52	 56.44	 49.33	 58.85	 52.65	 53.74	 63.72	 56.39	 59.47	 59.73		Cryptoblepharus_egeriae 15
																  0.00	 57.71	 54.42	 41.41	 37.89	 58.85	 48.02	 61.33	 53.98	 48.89	 53.54	 56.89	 61.78	 55.31	 58.04	 59.73	 60.00	 54.63	 60.18	 55.07	 56.19	 49.12	 52.42	 53.98	 55.75	 58.67	 59.73	 55.75	 60.35	 57.96	 52.86	 55.75	 52.44	 57.33	 51.77	 52.21	 54.19	 59.29	 55.51	 50.22	 53.10		Iguana_delicatissima 16
																	  0.00	 60.62	 53.74	 51.98	 59.29	 63.00	 60.44	 64.60	 51.11	 53.54	 60.44	 62.22	 60.18	 56.25	 61.95	 59.56	 45.81	 67.70	 49.78	 58.41	 66.81	 61.67	 62.39	 57.96	 58.67	 59.73	 66.81	 59.91	 55.31	 48.46	 56.64	 64.44	 55.11	 49.56	 57.08	 59.03	 63.27	 49.34	 65.20	 56.64		Anolis_carolinensis 17
																		  0.00	 56.64	 57.08	 51.33	 57.96	 59.11	 47.79	 50.00	 59.73	 50.22	 44.44	 43.36	 60.27	 60.62	 45.78	 57.96	 46.02	 63.72	 60.18	 44.69	 58.41	 61.95	 61.50	 48.00	 63.72	 50.44	 57.52	 66.37	 58.41	 49.12	 46.22	 57.33	 56.19	 57.33	 57.96	 54.87	 61.95	 57.96	 61.50		Myanophis_thanlyinensis 18
																			  0.00	 47.14	 58.85	 57.27	 58.22	 62.39	 42.22	 55.31	 56.89	 56.89	 56.64	 58.04	 53.98	 56.00	 50.66	 61.95	 51.98	 53.54	 55.31	 56.39	 55.75	 57.52	 59.56	 61.50	 56.19	 61.67	 56.64	 50.66	 57.08	 52.00	 64.89	 50.00	 53.54	 55.95	 61.50	 50.22	 51.98	 58.41		Cyclura_pinguis 19
																				  0.00	 61.95	 54.19	 59.56	 55.31	 64.44	 53.98	 53.78	 57.78	 57.52	 56.25	 57.08	 59.11	 50.22	 59.29	 49.34	 51.77	 53.98	 55.51	 55.75	 58.85	 54.67	 60.18	 55.75	 54.19	 50.44	 48.46	 55.75	 53.78	 59.11	 53.54	 53.98	 56.83	 57.08	 53.30	 52.86	 55.31		Ctenosaura_bakeri 20
																					  0.00	 53.10	 60.44	 50.88	 54.55	 58.41	 46.67	 49.33	 38.94	 55.80	 57.08	 45.33	 50.00	 47.79	 60.18	 61.95	 45.13	 57.08	 61.06	 60.18	 44.00	 60.18	 50.88	 58.85	 59.29	 54.87	 32.30	 52.00	 52.44	 50.00	 53.33	 56.64	 53.98	 57.08	 61.95	 62.83		Ptyas_mucosa 21
																						  0.00	 56.89	 58.85	 53.33	 56.64	 57.33	 64.00	 58.85	 60.27	 55.31	 60.89	 48.46	 59.29	 51.54	 55.75	 52.21	 56.39	 60.18	 53.98	 62.67	 56.64	 57.96	 58.59	 57.52	 53.30	 53.54	 62.67	 52.89	 55.31	 53.98	 51.10	 60.18	 54.19	 52.86	 57.96		Lerista_edwardsae 22
																							  0.00	 58.22	 59.09	 58.22	 59.11	 60.89	 60.44	 65.47	 56.44	 60.89	 60.44	 62.67	 57.78	 52.89	 59.11	 60.89	 53.33	 59.56	 58.67	 57.78	 59.11	 64.44	 57.33	 62.22	 58.22	 59.11	 56.89	 57.33	 58.67	 56.89	 61.33	 55.56	 62.22	 59.56		Lepidodactylus_listeri 23
																								  0.00	 54.55	 65.04	 48.44	 46.67	 46.46	 65.62	 58.85	 49.78	 63.72	 43.36	 64.60	 56.64	 35.84	 58.41	 61.50	 59.29	 51.56	 60.18	 45.13	 61.50	 58.85	 61.50	 43.81	 48.00	 61.78	 57.08	 52.89	 58.41	 50.44	 62.83	 58.85	 61.95		Bothrops_jararaca 24
																									  0.00	 50.00	 52.27	 59.09	 63.64	 71.43	 61.36	 63.64	 55.56	 61.36	 64.44	 56.82	 52.27	 62.22	 63.64	 61.36	 70.45	 65.91	 59.09	 75.56	 54.55	 55.56	 63.64	 45.45	 72.73	 56.82	 46.67	 60.00	 54.55	 57.78	 33.33	 54.55		Varanus_komodoensis 25
																										  0.00	 56.00	 61.33	 59.73	 54.02	 48.67	 60.00	 47.79	 61.95	 57.08	 41.59	 58.85	 63.27	 57.96	 61.50	 55.11	 61.95	 64.16	 55.31	 38.94	 51.33	 55.31	 60.89	 54.67	 48.23	 55.11	 60.18	 59.29	 59.29	 60.62	 23.01		Podarcis_muralis 26
																											  0.00	 47.11	 43.11	 58.30	 59.56	 47.56	 52.89	 44.89	 56.00	 56.44	 41.78	 55.11	 60.89	 57.78	 52.00	 59.56	 51.11	 56.89	 54.22	 53.33	 43.56	 45.33	 54.67	 52.00	 54.67	 52.89	 54.67	 54.22	 59.11	 53.78		Morelia_viridis 27
																												  0.00	 37.78	 66.37	 59.11	 40.89	 61.33	 43.56	 66.67	 59.11	 42.67	 58.67	 65.33	 59.11	 44.44	 60.89	 49.33	 61.33	 64.44	 61.78	 42.22	 41.78	 60.89	 59.11	 57.33	 57.78	 48.00	 60.44	 59.56	 62.67		Diadophis_punctatus 28
																													  0.00	 59.38	 57.52	 41.33	 54.42	 44.25	 59.29	 61.95	 38.94	 55.75	 60.62	 55.75	 43.56	 61.50	 50.44	 58.41	 61.50	 56.19	 29.65	 43.56	 53.78	 52.21	 58.22	 56.19	 49.12	 59.73	 56.64	 58.85		Pantherophis_guttatus 29
																														  0.00	 61.16	 62.78	 50.45	 62.05	 54.02	 58.48	 63.39	 58.93	 61.16	 60.71	 58.74	 59.38	 63.84	 57.59	 56.70	 54.46	 57.59	 61.88	 50.22	 56.25	 55.61	 59.82	 60.27	 55.36	 61.16	 54.46		Aspidoscelis_marmoratus 30
																															  0.00	 60.00	 51.33	 59.29	 56.19	 35.40	 56.19	 57.52	 65.04	 58.41	 58.67	 60.18	 58.85	 58.85	 42.92	 53.10	 53.54	 63.11	 55.56	 56.19	 52.44	 56.64	 62.83	 60.18	 60.18	 44.25		Lacerta_viridis 31
																																  0.00	 52.89	 42.67	 59.11	 58.67	 46.67	 56.89	 67.56	 53.78	 42.67	 63.56	 50.67	 56.89	 57.33	 56.00	 45.33	 43.56	 57.78	 53.78	 55.56	 58.67	 48.44	 56.89	 58.22	 64.00		Boaedon_fuliginosus 32
																																	  0.00	 61.95	 38.77	 50.44	 59.73	 55.95	 59.73	 53.98	 57.78	 57.96	 59.73	 57.27	 47.79	 21.15	 50.88	 62.67	 50.22	 48.23	 51.33	 55.95	 57.52	 42.73	 55.07	 54.42		Phrynosoma_platyrhinos 33
																																		  0.00	 62.39	 63.27	 45.58	 63.72	 64.60	 62.83	 43.56	 68.14	 54.42	 59.73	 60.62	 61.95	 44.25	 45.33	 55.56	 54.87	 60.44	 61.50	 46.46	 62.83	 59.73	 63.72		Naja_naja 34
																																			  0.00	 56.64	 60.62	 53.74	 59.73	 56.64	 56.89	 58.85	 57.08	 58.15	 55.31	 40.09	 56.19	 61.33	 57.33	 48.67	 54.42	 54.63	 64.60	 27.75	 57.71	 53.54		Sceloporus_tristichus 35
																																				  0.00	 60.18	 61.50	 63.27	 57.52	 59.56	 61.50	 57.08	 64.16	 37.61	 53.54	 56.19	 59.56	 58.67	 53.54	 56.44	 53.10	 60.62	 58.41	 60.18	 40.27		Lacerta_agilis 36
																																					  0.00	 53.54	 64.16	 57.08	 50.22	 64.16	 35.40	 57.96	 61.95	 57.96	 39.38	 48.89	 58.22	 55.75	 54.67	 58.85	 47.79	 57.08	 57.52	 59.29		Protobothrops_mucrosquamatus 37
																																						  0.00	 63.72	 58.41	 61.78	 59.29	 53.54	 55.07	 57.52	 52.86	 57.08	 56.44	 60.00	 61.50	 47.35	 58.15	 61.06	 55.07	 51.10	 63.27		Pogona_vitticeps 38
																																							  0.00	 61.50	 60.89	 61.95	 64.60	 60.18	 64.16	 58.85	 58.41	 63.11	 60.44	 56.19	 56.89	 56.64	 64.16	 60.62	 61.50	 57.96		Gekko_japonicus 39
																																								  0.00	 62.22	 56.64	 63.27	 61.50	 61.06	 56.19	 57.96	 58.67	 55.56	 58.85	 57.33	 56.64	 63.27	 56.64	 58.85	 58.85		Sphaerodactylus_townsendi 40
																																									  0.00	 63.56	 53.78	 57.33	 59.11	 55.56	 46.22	 44.89	 57.33	 51.11	 57.78	 64.44	 43.56	 58.67	 63.11	 58.67		Bungarus_multicintus 41
																																										  0.00	 63.72	 66.81	 63.27	 55.75	 59.73	 62.67	 53.33	 59.29	 50.22	 58.41	 61.06	 57.96	 67.26	 62.39		Paroedura_picta 42
																																											  0.00	 59.29	 58.41	 56.64	 53.10	 49.33	 59.11	 65.04	 55.56	 62.39	 53.98	 58.85	 58.85	 61.06		Crotalus_tigris 43
																																												  0.00	 59.73	 55.51	 54.87	 58.22	 54.67	 57.08	 53.98	 59.91	 59.29	 59.47	 57.71	 55.75		Sphenodon_punctatus 44
																																													  0.00	 50.44	 56.19	 61.33	 60.89	 53.10	 54.67	 58.41	 56.64	 55.75	 60.18	 40.71		Zootoca_vivipara 45
																																														  0.00	 53.10	 62.22	 50.67	 50.44	 52.21	 56.83	 58.85	 43.17	 56.83	 53.10		Phrynosoma_blainvillii 46
																																															  0.00	 46.67	 46.67	 49.12	 53.78	 55.31	 46.46	 57.08	 59.73	 60.62		Pituophis_catenifer 47
																																																  0.00	 59.56	 57.33	 55.11	 56.00	 47.11	 59.11	 61.33	 60.89		Tropidonophis_doriae 48
																																																	  0.00	 51.56	 54.22	 63.11	 60.89	 57.78	 63.56	 56.89		Salvator_merianae 49
																																																		  0.00	 52.89	 56.64	 57.08	 48.23	 61.95	 52.65		Eublepharis_macularius 50
																																																			  0.00	 53.98	 53.33	 57.52	 57.96	 53.33		Hemicordylus_capensis 51
																																																				  0.00	 62.39	 53.30	 57.27	 57.96		Plestiodon_gilberti 52
																																																					  0.00	 65.49	 61.06	 59.29		Laticauda_colubrina 53
																																																						  0.00	 59.47	 60.62		Sceloporus_occidentalis 54
																																																							  0.00	 60.62		Varanus_salvator 55
																																																								  0.00		Podarci_raffonei 56
