Distance Matrix
---------------

Uncorrected for Multiple Substitutions
Using base positions 3 in the codon
Gap weighting is 0.000000

	    1	    2	    3	    4	    5	    6	    7	    8	    9	    10	    11	    12	    13	    14	    15	    16	    17	    18	    19	    20	    21	    22	    23	    24	    25	    26	    27	    28	    29	    30	    31	    32	    33	    34	    35	    36	    37	    38	    39	    40	    41	    42	    43	    44	    45	    46	    47	    48	    49	    50	    51	    52	    53	    54	    55	    56
	  0.00	 42.79	 58.24	 44.83	 56.08	 45.27	 50.00	 48.87	 58.33	 46.40	 53.40	 58.56	 43.92	 52.26	 57.88	 58.11	 56.31	 46.85	 52.25	 57.28	 35.36	 52.93	 58.01	 50.68	 64.86	 56.76	 49.55	 42.12	 29.95	 55.18	 58.11	 49.10	 55.18	 45.50	 54.05	 59.91	 45.95	 58.73	 58.11	 61.49	 45.95	 59.77	 60.71	 55.63	 57.43	 56.31	 29.95	 46.62	 54.26	 59.01	 55.45	 58.14	 45.50	 55.86	 62.16	 56.98		Arizona_elegans 1
		  0.00	 53.72	 40.69	 54.16	 43.37	 46.40	 44.14	 53.26	 41.57	 56.31	 58.88	 40.90	 55.98	 55.51	 52.81	 55.41	 39.78	 48.99	 50.00	 40.67	 52.36	 57.56	 46.29	 58.78	 57.08	 45.95	 41.44	 37.98	 56.18	 57.98	 45.72	 55.06	 42.47	 53.93	 57.53	 42.92	 56.11	 56.63	 51.46	 44.82	 56.46	 63.10	 55.73	 58.20	 55.28	 40.22	 45.95	 55.96	 60.36	 52.61	 65.12	 44.49	 54.83	 57.08	 57.30		Thermophis_baileyi 2
			  0.00	 53.00	 55.43	 56.43	 55.08	 57.79	 54.85	 52.14	 58.03	 58.15	 54.63	 60.40	 56.73	 48.24	 57.62	 55.76	 50.44	 51.66	 56.88	 52.86	 55.31	 54.18	 58.28	 55.51	 57.56	 55.53	 55.98	 54.99	 56.83	 58.69	 55.73	 57.34	 53.74	 56.39	 53.05	 54.44	 57.21	 52.32	 57.11	 60.58	 63.22	 57.05	 54.41	 52.42	 55.53	 55.98	 58.71	 58.41	 54.12	 62.92	 55.53	 54.41	 55.63	 59.47		Elgaria_multicarinata 3
				  0.00	 56.78	 45.06	 48.51	 47.36	 53.56	 47.36	 56.91	 58.85	 39.77	 56.12	 56.55	 54.48	 57.47	 47.59	 52.41	 57.04	 44.37	 54.25	 57.37	 46.67	 62.53	 55.63	 43.68	 41.15	 44.14	 59.31	 57.01	 46.67	 55.17	 47.36	 52.64	 59.77	 45.06	 56.25	 59.54	 53.33	 50.11	 57.31	 68.00	 56.09	 60.69	 52.41	 44.83	 45.98	 55.96	 56.32	 52.67	 58.44	 46.44	 54.48	 59.08	 57.47		Thamnophis_elegans 4
					  0.00	 56.85	 55.18	 55.86	 55.41	 51.69	 53.44	 59.60	 55.73	 55.88	 57.96	 51.88	 55.43	 56.63	 53.64	 49.29	 53.26	 53.42	 53.22	 56.63	 56.42	 58.28	 55.18	 56.98	 52.36	 21.63	 56.51	 56.76	 52.32	 57.98	 55.19	 57.62	 54.16	 55.11	 57.52	 58.50	 54.50	 55.90	 67.82	 51.21	 55.85	 52.32	 55.28	 56.98	 47.26	 60.53	 56.12	 66.29	 53.71	 54.53	 59.38	 58.72		Aspidocelis_tigris 5
						  0.00	 44.59	 48.42	 53.26	 44.27	 56.54	 55.73	 44.94	 53.50	 55.51	 50.11	 60.14	 44.04	 49.21	 52.43	 41.80	 48.76	 56.66	 40.00	 60.36	 57.98	 45.95	 45.72	 44.49	 55.96	 55.28	 52.25	 52.81	 46.97	 55.96	 58.20	 37.30	 60.86	 57.53	 51.46	 45.05	 58.73	 61.90	 55.73	 54.83	 55.51	 45.84	 46.85	 54.01	 59.01	 52.38	 65.12	 48.09	 54.38	 58.43	 55.28		Azemiops_feae 6
							  0.00	 51.35	 57.66	 46.62	 53.63	 52.93	 48.65	 54.07	 58.33	 55.63	 54.50	 45.95	 54.05	 55.58	 48.65	 56.08	 55.98	 45.27	 60.81	 54.95	 49.32	 49.32	 45.05	 56.53	 52.25	 52.03	 55.41	 46.85	 53.38	 52.93	 44.37	 59.41	 56.08	 57.43	 48.42	 59.09	 59.52	 54.05	 53.15	 56.08	 47.30	 51.58	 56.20	 57.21	 53.86	 56.98	 46.40	 52.70	 59.46	 54.95		Daboia_siamensis 7
								  0.00	 56.31	 45.95	 58.55	 56.31	 49.10	 56.56	 56.98	 52.70	 58.33	 46.17	 52.03	 50.24	 48.87	 52.93	 55.08	 47.07	 60.14	 60.14	 43.78	 50.90	 46.17	 54.50	 56.08	 51.58	 54.05	 50.45	 52.93	 57.88	 46.40	 55.10	 56.31	 53.38	 53.83	 56.82	 66.67	 57.21	 58.11	 54.95	 50.23	 47.07	 54.26	 59.23	 51.59	 66.28	 47.97	 50.45	 56.98	 57.21		Charina_bottae 8
									  0.00	 57.53	 58.22	 54.39	 54.83	 53.08	 54.51	 53.73	 53.52	 54.16	 56.58	 54.37	 54.61	 50.22	 56.95	 53.71	 59.47	 53.73	 54.95	 55.18	 55.73	 54.53	 54.82	 58.78	 52.85	 56.63	 55.26	 58.55	 50.34	 54.65	 59.38	 56.48	 57.88	 57.87	 64.37	 57.02	 56.14	 53.07	 57.30	 59.91	 56.56	 56.51	 60.09	 60.67	 57.08	 57.46	 59.12	 54.61		Shinisaurus_crocodilurus 9
										  0.00	 55.61	 62.25	 43.82	 58.01	 55.28	 53.03	 58.11	 44.27	 47.87	 52.18	 47.42	 54.38	 55.30	 46.97	 56.98	 56.85	 45.27	 47.52	 43.60	 51.24	 58.65	 51.35	 55.51	 38.88	 55.06	 62.25	 44.49	 56.79	 56.63	 52.81	 40.32	 58.73	 63.10	 56.63	 60.22	 52.13	 47.42	 45.95	 58.15	 54.05	 51.70	 73.26	 41.12	 54.61	 56.40	 55.51		Ophiophagus_hannah 10
											  0.00	 56.79	 57.24	 51.61	 58.22	 54.07	 52.98	 53.97	 52.26	 51.42	 54.91	 51.48	 56.55	 57.24	 60.32	 52.94	 57.14	 56.91	 52.10	 55.05	 57.01	 57.85	 52.26	 56.78	 53.76	 53.62	 55.14	 56.39	 56.55	 58.81	 57.38	 58.20	 72.86	 56.11	 51.58	 52.38	 56.31	 59.25	 55.85	 51.95	 50.23	 59.72	 55.84	 52.94	 56.04	 53.62		Anolis_sagrei 11
												  0.00	 57.30	 55.29	 56.80	 55.43	 55.29	 56.85	 55.65	 54.14	 55.73	 54.27	 56.95	 57.30	 58.59	 43.04	 54.95	 59.01	 56.85	 59.38	 13.04	 60.81	 52.39	 57.53	 53.17	 45.22	 54.83	 57.68	 59.16	 57.14	 57.66	 56.76	 59.77	 58.48	 45.65	 54.25	 59.10	 57.88	 56.80	 58.72	 56.19	 64.04	 56.18	 54.35	 58.86	 42.83		Lacerta_bilineata 12
													  0.00	 56.66	 57.30	 53.03	 52.48	 40.45	 53.48	 50.97	 38.65	 52.13	 55.30	 47.64	 57.66	 55.96	 44.59	 40.77	 40.45	 57.08	 57.08	 47.30	 54.61	 43.82	 52.58	 59.78	 44.04	 59.50	 58.88	 53.93	 43.92	 59.18	 63.10	 54.38	 57.98	 53.26	 41.35	 44.37	 54.74	 55.63	 53.06	 65.12	 44.72	 54.16	 60.90	 55.51		Imantodes_cenchoa 13
														  0.00	 58.50	 57.27	 57.08	 57.34	 55.29	 56.29	 52.60	 50.44	 58.09	 53.05	 64.38	 54.63	 52.04	 56.79	 51.69	 54.10	 54.19	 59.28	 52.64	 53.27	 53.74	 57.27	 53.50	 53.66	 58.31	 59.16	 54.07	 57.68	 60.92	 52.86	 50.22	 55.95	 53.05	 56.11	 57.07	 56.98	 54.34	 59.55	 53.72	 56.17	 62.47	 55.07		Phrynocephalus_versicolor 14
															  0.00	 54.17	 58.06	 54.83	 51.54	 53.55	 57.98	 50.00	 53.76	 53.93	 61.81	 57.02	 58.33	 54.28	 56.85	 55.97	 55.48	 58.78	 57.02	 56.63	 54.82	 58.55	 53.26	 53.76	 58.85	 53.52	 57.66	 57.78	 72.41	 58.11	 57.02	 57.89	 56.63	 55.86	 54.55	 57.52	 58.09	 64.04	 57.75	 53.73	 58.15	 55.92		Cryptoblepharus_egeriae 15
																  0.00	 52.20	 52.58	 37.61	 32.15	 54.38	 45.95	 45.47	 53.03	 52.86	 54.35	 50.90	 55.63	 55.51	 53.42	 54.35	 54.50	 50.22	 54.61	 47.70	 58.04	 49.21	 50.00	 54.75	 53.41	 54.28	 56.54	 58.62	 54.57	 57.61	 50.11	 55.28	 52.25	 52.98	 59.82	 50.66	 67.42	 56.85	 49.57	 52.08	 51.74		Iguana_delicatissima 16
																	  0.00	 54.73	 54.41	 53.55	 54.28	 51.32	 57.08	 54.50	 59.82	 55.29	 58.11	 55.63	 54.95	 55.43	 56.39	 59.46	 50.88	 54.05	 50.22	 59.91	 53.15	 57.33	 58.54	 59.60	 56.31	 57.68	 67.82	 57.27	 59.47	 50.66	 56.76	 52.48	 56.22	 56.86	 57.68	 65.17	 54.05	 49.56	 55.63	 55.95		Anolis_carolinensis 17
																		  0.00	 51.46	 52.18	 44.49	 53.93	 51.92	 44.27	 58.78	 55.06	 45.27	 45.95	 42.92	 56.18	 55.51	 48.42	 56.18	 45.39	 52.81	 59.78	 44.27	 56.79	 59.33	 54.83	 46.85	 56.92	 60.71	 58.43	 58.43	 52.36	 45.62	 44.59	 53.77	 55.86	 52.15	 58.14	 50.56	 53.71	 57.98	 55.51		Myanophis_thanlyinensis 18
																			  0.00	 33.33	 50.56	 48.14	 50.33	 53.26	 52.20	 55.00	 53.38	 54.95	 51.24	 52.98	 53.91	 53.83	 49.35	 53.93	 49.89	 59.78	 48.54	 49.12	 55.19	 51.65	 53.15	 57.43	 55.17	 55.65	 54.57	 47.49	 52.13	 54.28	 53.22	 55.85	 51.55	 53.93	 53.03	 46.96	 50.33	 52.61		Cyclura_pinguis 19
																				  0.00	 51.46	 49.17	 49.17	 53.16	 53.79	 53.66	 54.85	 55.34	 51.46	 52.14	 55.32	 53.64	 43.26	 54.13	 47.28	 57.92	 50.00	 52.51	 55.48	 55.45	 55.34	 58.37	 58.18	 52.72	 53.66	 45.39	 53.40	 54.61	 52.81	 57.72	 50.00	 56.14	 54.13	 43.74	 54.03	 52.25		Ctenosaura_bakeri 20
																					  0.00	 50.11	 58.24	 49.66	 59.68	 56.85	 51.58	 42.57	 31.24	 54.83	 54.16	 50.90	 47.64	 47.64	 51.46	 58.88	 45.84	 59.95	 57.30	 58.20	 46.17	 54.42	 70.24	 56.85	 55.28	 52.36	 33.71	 43.24	 55.96	 57.43	 54.20	 68.60	 44.27	 49.44	 57.98	 55.51		Ptyas_mucosa 21
																						  0.00	 53.42	 54.38	 58.15	 56.24	 51.58	 54.28	 51.24	 52.10	 54.27	 52.25	 45.95	 51.24	 46.17	 56.02	 48.09	 51.43	 57.17	 53.63	 56.53	 53.44	 58.62	 50.33	 52.52	 51.64	 53.26	 53.60	 49.16	 55.85	 52.88	 61.80	 53.71	 47.48	 54.73	 54.49		Lerista_edwardsae 22
																							  0.00	 54.85	 59.16	 58.50	 55.98	 56.21	 54.63	 54.77	 56.07	 59.14	 55.41	 55.30	 54.75	 56.29	 54.85	 55.23	 50.78	 51.88	 58.01	 50.56	 66.67	 55.41	 57.62	 54.30	 54.18	 56.66	 53.35	 53.54	 55.13	 65.17	 56.43	 53.42	 56.73	 55.63		Lepidodactylus_listeri 23
																								  0.00	 59.01	 60.00	 44.14	 44.14	 45.84	 56.18	 55.96	 49.77	 55.96	 44.27	 54.83	 58.65	 27.87	 53.62	 57.08	 54.38	 46.40	 57.60	 55.95	 55.73	 60.00	 55.28	 47.42	 50.68	 55.23	 60.59	 53.29	 63.95	 48.09	 54.16	 55.73	 58.65		Bothrops_jararaca 24
																									  0.00	 57.05	 55.18	 61.49	 60.81	 58.63	 57.27	 59.01	 59.69	 63.51	 52.64	 57.49	 57.43	 59.11	 61.06	 58.81	 60.59	 60.44	 59.77	 62.56	 60.57	 55.73	 61.26	 61.26	 60.14	 62.91	 60.58	 67.42	 61.49	 55.95	 42.29	 58.37		Varanus_komodoensis 25
																										  0.00	 55.41	 57.88	 55.73	 56.95	 40.22	 59.91	 53.04	 56.85	 52.30	 47.17	 58.65	 56.36	 58.50	 60.44	 55.18	 58.09	 58.62	 57.39	 41.74	 50.11	 57.98	 56.53	 57.04	 56.07	 57.08	 64.04	 57.75	 55.87	 57.11	 24.13		Podarcis_muralis 26
																											  0.00	 48.20	 45.72	 55.63	 52.70	 49.55	 58.33	 45.95	 52.03	 57.21	 42.79	 51.47	 60.36	 51.80	 50.68	 58.64	 54.76	 54.05	 57.88	 56.53	 45.72	 46.62	 55.72	 60.81	 49.32	 58.14	 47.30	 55.41	 57.43	 54.73		Morelia_viridis 27
																												  0.00	 40.54	 57.88	 57.43	 51.13	 55.63	 46.62	 55.41	 60.81	 41.89	 58.73	 58.78	 59.23	 46.40	 59.32	 64.29	 55.86	 59.46	 54.73	 41.89	 48.42	 57.91	 60.36	 55.45	 63.95	 48.42	 54.28	 57.43	 57.66		Diadophis_punctatus 28
																													  0.00	 51.24	 55.73	 48.42	 51.24	 41.80	 47.42	 57.30	 43.15	 54.52	 55.96	 59.33	 45.50	 57.14	 63.10	 54.16	 57.30	 50.34	 25.62	 43.69	 54.26	 56.98	 51.93	 59.30	 44.04	 51.69	 57.98	 54.16		Pantherophis_guttatus 29
																														  0.00	 57.40	 56.31	 53.42	 56.40	 53.64	 59.38	 53.03	 54.00	 58.19	 59.82	 52.93	 57.24	 63.22	 52.54	 54.75	 53.64	 55.73	 55.63	 47.73	 58.76	 57.24	 71.91	 53.48	 54.75	 58.72	 56.95		Aspidoscelis_marmoratus 30
																															  0.00	 62.39	 53.04	 57.53	 52.30	 43.26	 55.28	 56.36	 58.50	 55.60	 56.98	 54.99	 57.47	 57.39	 43.70	 52.72	 59.33	 56.08	 56.80	 56.95	 53.98	 64.04	 56.18	 55.43	 57.99	 39.57		Lacerta_viridis 31
																																  0.00	 54.73	 48.87	 52.70	 60.14	 49.10	 55.78	 60.81	 57.88	 53.83	 60.68	 54.76	 57.88	 58.78	 56.31	 45.72	 49.32	 56.69	 60.81	 57.73	 62.79	 51.80	 52.03	 61.49	 63.06		Boaedon_fuliginosus 32
																																	  0.00	 55.73	 42.01	 55.22	 54.16	 55.92	 56.29	 58.46	 52.70	 54.32	 64.37	 55.65	 52.17	 32.03	 53.71	 55.41	 54.18	 54.53	 53.98	 64.04	 53.48	 41.30	 58.64	 53.04		Phrynosoma_platyrhinos 33
																																		  0.00	 52.81	 60.67	 42.02	 56.56	 57.53	 58.43	 39.64	 59.18	 54.76	 55.73	 58.43	 55.28	 44.49	 47.75	 55.47	 61.04	 54.65	 66.28	 41.57	 54.38	 59.10	 58.43		Naja_naja 34
																																			  0.00	 54.49	 50.79	 53.20	 57.62	 55.16	 54.05	 58.31	 59.77	 54.70	 56.89	 45.30	 50.79	 54.50	 54.42	 54.08	 53.32	 61.80	 53.26	 27.79	 54.95	 54.05		Sceloporus_tristichus 35
																																				  0.00	 57.98	 55.92	 63.13	 60.66	 63.74	 57.87	 68.97	 61.09	 46.30	 53.38	 58.43	 60.59	 63.25	 55.85	 57.08	 67.42	 58.88	 56.30	 57.55	 48.48		Lacerta_agilis 36
																																					  0.00	 52.26	 55.28	 50.11	 44.37	 55.56	 57.14	 52.81	 55.51	 53.71	 44.49	 45.05	 51.34	 57.21	 51.02	 63.95	 45.84	 53.03	 56.63	 58.20		Protobothrops_mucrosquamatus 37
																																						  0.00	 58.89	 56.54	 57.37	 58.61	 56.32	 56.36	 59.87	 52.09	 55.43	 55.78	 53.37	 60.36	 59.47	 58.43	 56.11	 52.19	 57.40	 57.68		Pogona_vitticeps 38
																																							  0.00	 52.76	 56.31	 57.24	 72.41	 58.50	 61.37	 54.97	 55.96	 54.28	 55.98	 59.42	 55.90	 73.03	 60.22	 57.17	 59.60	 59.38		Gekko_japonicus 39
																																								  0.00	 54.95	 54.32	 66.67	 58.68	 60.44	 55.16	 56.18	 54.50	 57.04	 60.93	 55.56	 65.17	 57.08	 51.87	 53.85	 60.00		Sphaerodactylus_townsendi 40
																																									  0.00	 58.64	 58.33	 53.60	 56.98	 53.60	 49.10	 45.50	 56.69	 56.31	 57.73	 61.63	 42.79	 55.63	 58.33	 57.21		Bungarus_multicintus 41
																																										  0.00	 67.82	 58.31	 58.98	 57.87	 60.09	 57.95	 53.49	 59.91	 55.33	 69.66	 61.00	 56.10	 61.42	 58.31		Paroedura_picta 42
																																											  0.00	 67.82	 62.07	 57.47	 61.90	 66.67	 52.31	 67.82	 66.67	 54.17	 61.90	 64.37	 65.52	 56.32		Crotalus_tigris 43
																																												  0.00	 53.48	 57.08	 55.06	 53.83	 52.27	 62.03	 56.64	 62.92	 54.16	 55.00	 59.74	 59.35		Sphenodon_punctatus 44
																																													  0.00	 55.56	 58.20	 60.14	 54.65	 55.41	 54.42	 64.04	 55.96	 57.17	 60.39	 41.96		Zootoca_vivipara 45
																																														  0.00	 56.18	 55.86	 55.85	 54.97	 54.87	 65.17	 51.01	 46.41	 54.82	 51.85		Phrynosoma_blainvillii 46
																																															  0.00	 46.62	 58.88	 60.59	 54.42	 60.47	 45.39	 52.81	 59.33	 56.85		Pituophis_catenifer 47
																																																  0.00	 53.77	 60.14	 55.68	 65.12	 47.07	 54.28	 55.63	 56.76		Tropidonophis_doriae 48
																																																	  0.00	 55.74	 55.90	 52.24	 57.91	 52.98	 58.71	 56.09		Salvator_merianae 49
																																																		  0.00	 58.04	 62.92	 55.18	 56.95	 62.25	 56.51		Eublepharis_macularius 50
																																																			  0.00	 66.29	 57.82	 53.10	 54.67	 54.87		Hemicordylus_capensis 51
																																																				  0.00	 67.44	 53.93	 69.66	 60.67		Plestiodon_gilberti 52
																																																					  0.00	 53.48	 60.45	 58.43		Laticauda_colubrina 53
																																																						  0.00	 55.58	 55.22		Sceloporus_occidentalis 54
																																																							  0.00	 55.14		Varanus_salvator 55
																																																								  0.00		Podarci_raffonei 56
