Distance Matrix
---------------

Uncorrected for Multiple Substitutions
Using base positions 3 in the codon
Gap weighting is 0.000000

	    1	    2	    3	    4	    5	    6	    7	    8	    9	    10	    11	    12	    13	    14	    15	    16	    17	    18	    19	    20	    21	    22	    23	    24	    25	    26	    27	    28	    29	    30	    31	    32	    33	    34	    35	    36	    37	    38	    39	    40	    41	    42	    43	    44	    45	    46	    47	    48	    49	    50	    51	    52	    53	    54	    55	    56
	  0.00	 54.90	 72.55	 50.98	 64.00	 60.78	 58.82	 56.86	 68.63	 47.06	 58.82	 51.02	 64.71	 60.00	 62.75	 70.59	 70.59	 56.00	 64.71	 70.59	 40.82	 58.82	 70.00	 50.98	 66.00	 58.00	 54.90	 58.82	 39.22	 60.00	 48.98	 45.10	 64.71	 49.02	 64.71	 64.00	 47.06	 59.18	 60.00	 62.00	 54.90	 58.00	 52.94	 65.31	 60.00	 64.71	 42.00	 70.59	 68.00	 64.71	 60.00	 54.90	 54.00	 64.71	 60.00	 54.00		Arizona_elegans 1
		  0.00	 50.94	 45.28	 51.92	 59.26	 62.96	 55.56	 68.52	 55.56	 57.41	 56.86	 45.28	 57.69	 54.72	 44.44	 59.26	 30.19	 55.56	 48.15	 43.14	 54.72	 63.46	 53.70	 63.46	 60.38	 55.56	 50.00	 30.77	 55.77	 58.82	 51.85	 59.26	 50.00	 57.41	 52.83	 48.15	 56.86	 58.49	 62.26	 55.56	 60.38	 53.70	 66.67	 50.94	 51.85	 33.33	 61.11	 57.69	 61.11	 53.85	 55.56	 45.28	 57.41	 62.26	 64.15		Thermophis_baileyi 2
			  0.00	 60.38	 51.92	 62.26	 56.60	 56.60	 51.85	 58.49	 56.60	 47.06	 53.85	 55.77	 53.70	 50.00	 53.70	 44.23	 42.59	 55.56	 60.00	 46.30	 61.54	 50.94	 62.26	 50.00	 62.26	 60.38	 60.78	 55.77	 47.06	 62.26	 57.41	 64.15	 59.26	 53.85	 60.38	 58.82	 55.77	 60.38	 69.81	 55.77	 64.15	 66.67	 51.92	 53.70	 58.00	 52.83	 63.46	 54.72	 59.62	 59.26	 55.77	 51.85	 62.26	 53.85		Elgaria_multicarinata 3
				  0.00	 51.92	 52.83	 49.06	 47.17	 60.38	 56.60	 52.83	 64.71	 55.77	 59.62	 50.94	 58.49	 64.15	 46.15	 54.72	 60.38	 36.00	 60.38	 69.23	 50.94	 55.77	 61.54	 41.51	 45.28	 39.22	 51.92	 66.67	 52.83	 56.60	 49.06	 58.49	 57.69	 52.83	 56.86	 63.46	 59.62	 43.40	 57.69	 39.62	 58.82	 53.85	 52.83	 38.00	 54.72	 53.85	 66.04	 55.77	 60.38	 44.23	 58.49	 50.00	 59.62		Thamnophis_elegans 4
					  0.00	 51.92	 55.77	 50.00	 53.85	 55.77	 50.00	 52.94	 50.98	 58.82	 57.69	 53.85	 42.31	 54.90	 55.77	 53.85	 61.22	 44.23	 64.71	 46.15	 64.71	 56.86	 55.77	 53.85	 54.00	 13.46	 50.98	 53.85	 46.15	 48.08	 48.08	 64.71	 50.00	 62.00	 54.90	 58.82	 63.46	 60.78	 51.92	 62.00	 56.86	 48.08	 51.02	 69.23	 42.31	 48.08	 58.82	 59.62	 50.98	 55.77	 60.78	 62.75		Aspidocelis_tigris 5
						  0.00	 66.67	 53.70	 70.37	 53.70	 44.44	 54.90	 49.06	 53.85	 62.26	 64.81	 57.41	 58.49	 62.96	 57.41	 43.14	 54.72	 61.54	 42.59	 73.08	 52.83	 55.56	 38.89	 48.08	 50.00	 54.90	 51.85	 55.56	 46.30	 55.56	 60.38	 42.59	 54.90	 64.15	 71.70	 48.15	 64.15	 48.15	 62.75	 62.26	 57.41	 49.02	 51.85	 50.00	 72.22	 67.31	 64.81	 45.28	 57.41	 62.26	 58.49		Azemiops_feae 6
							  0.00	 48.15	 50.00	 51.85	 53.70	 56.86	 50.94	 51.92	 56.60	 68.52	 57.41	 45.28	 61.11	 62.96	 54.90	 52.83	 53.85	 48.15	 57.69	 60.38	 46.30	 53.70	 57.69	 57.69	 58.82	 48.15	 57.41	 51.85	 62.96	 56.60	 46.30	 62.75	 54.72	 56.60	 51.85	 60.38	 44.44	 68.63	 43.40	 57.41	 49.02	 57.41	 55.77	 59.26	 51.92	 53.70	 54.72	 64.81	 66.04	 52.83		Daboia_siamensis 7
								  0.00	 57.41	 55.56	 55.56	 60.78	 52.83	 44.23	 67.92	 59.26	 59.26	 56.60	 66.67	 61.11	 52.94	 54.72	 55.77	 48.15	 65.38	 66.04	 37.04	 59.26	 46.15	 50.00	 54.90	 55.56	 50.00	 50.00	 57.41	 60.38	 46.30	 52.94	 56.60	 49.06	 51.85	 62.26	 46.30	 62.75	 52.83	 51.85	 54.90	 46.30	 59.62	 53.70	 57.69	 48.15	 47.17	 57.41	 60.38	 60.38		Charina_bottae 8
									  0.00	 64.81	 55.56	 62.75	 66.04	 57.69	 57.41	 60.00	 45.45	 62.26	 58.18	 52.73	 66.67	 53.70	 67.31	 55.56	 54.72	 56.60	 57.41	 68.52	 69.23	 55.77	 54.90	 64.81	 61.82	 62.96	 58.18	 52.83	 61.11	 64.71	 54.72	 55.56	 66.67	 50.94	 64.81	 66.67	 54.72	 52.73	 68.63	 53.70	 57.69	 44.44	 59.62	 56.36	 64.15	 47.27	 61.11	 56.60		Shinisaurus_crocodilurus 9
										  0.00	 51.85	 45.10	 52.83	 61.54	 52.83	 59.26	 57.41	 49.06	 53.70	 64.81	 47.06	 54.72	 61.54	 48.15	 69.23	 54.72	 57.41	 46.30	 44.23	 57.69	 45.10	 50.00	 50.00	 37.04	 57.41	 60.38	 48.15	 58.82	 47.17	 49.06	 40.74	 62.26	 42.59	 58.82	 60.38	 51.85	 47.06	 46.30	 57.69	 53.70	 59.62	 44.44	 43.40	 53.70	 56.60	 54.72		Ophiophagus_hannah 10
											  0.00	 43.14	 60.38	 46.15	 43.40	 53.70	 38.89	 50.94	 44.44	 50.00	 50.98	 49.06	 57.69	 50.00	 55.77	 43.40	 51.85	 55.56	 50.00	 50.00	 43.14	 48.15	 38.89	 46.30	 37.04	 52.83	 44.44	 56.86	 56.60	 50.94	 50.00	 54.72	 53.70	 60.78	 52.83	 35.19	 52.94	 55.56	 34.62	 48.15	 61.54	 57.41	 41.51	 50.00	 66.04	 49.06		Anolis_sagrei 11
												  0.00	 62.00	 52.00	 47.06	 56.86	 45.10	 58.00	 56.86	 54.90	 54.17	 45.10	 54.00	 43.14	 70.59	 31.37	 52.94	 49.02	 55.10	 54.90	 11.76	 58.82	 52.94	 54.90	 50.98	 33.33	 50.98	 59.18	 52.00	 52.00	 60.78	 60.00	 56.86	 67.35	 33.33	 52.94	 47.92	 62.75	 60.78	 52.94	 56.00	 52.94	 60.00	 50.98	 56.00	 29.41		Lacerta_bilineata 12
													  0.00	 50.98	 59.62	 62.26	 58.49	 48.08	 66.04	 54.72	 56.86	 57.69	 64.71	 60.38	 66.67	 67.31	 52.83	 45.28	 55.77	 54.90	 62.00	 56.60	 60.38	 52.83	 58.49	 59.62	 60.38	 66.00	 65.38	 69.23	 50.94	 75.00	 56.60	 74.00	 51.92	 58.49	 49.02	 58.49	 58.82	 62.26	 56.86	 62.26	 59.62	 60.38	 65.38	 61.54		Imantodes_cenchoa 13
														  0.00	 59.62	 53.85	 51.92	 54.90	 59.62	 55.77	 57.14	 57.69	 55.77	 57.69	 72.55	 50.98	 46.15	 57.69	 62.00	 56.86	 48.00	 53.85	 55.77	 55.77	 55.77	 47.06	 53.85	 56.00	 61.54	 51.92	 57.69	 57.69	 63.46	 62.75	 45.10	 53.85	 55.10	 55.77	 56.86	 51.92	 52.94	 51.92	 58.82	 57.69	 65.38	 50.98		Phrynocephalus_versicolor 14
															  0.00	 48.15	 44.44	 51.92	 55.56	 50.00	 58.00	 46.30	 63.46	 56.60	 49.06	 38.46	 56.60	 58.49	 56.86	 55.77	 50.98	 56.60	 59.26	 60.38	 51.85	 48.08	 58.49	 64.71	 55.77	 50.94	 62.26	 55.77	 62.26	 54.90	 57.69	 50.00	 50.00	 52.83	 48.08	 45.28	 51.92	 61.11	 51.92	 50.00	 52.83	 48.08		Cryptoblepharus_egeriae 15
																  0.00	 49.09	 50.94	 40.00	 27.27	 64.71	 51.85	 55.77	 62.96	 50.94	 62.26	 62.96	 61.11	 63.46	 57.69	 52.94	 53.70	 47.27	 61.11	 47.27	 54.72	 59.26	 58.82	 50.94	 40.74	 64.81	 54.72	 68.52	 64.71	 62.26	 47.27	 56.86	 68.52	 50.00	 50.00	 55.77	 56.36	 58.49	 43.64	 57.41	 62.26		Iguana_delicatissima 16
																	  0.00	 56.60	 52.73	 50.91	 64.71	 46.30	 63.46	 57.41	 58.49	 43.40	 57.41	 57.41	 63.46	 51.92	 41.18	 59.26	 47.27	 57.41	 38.18	 54.72	 66.67	 64.71	 50.94	 55.56	 62.96	 45.28	 61.11	 64.71	 54.72	 47.27	 64.71	 57.41	 46.15	 46.30	 50.00	 58.18	 60.38	 38.18	 62.96	 52.83		Anolis_carolinensis 17
																		  0.00	 50.94	 54.72	 46.00	 53.85	 60.78	 47.17	 54.90	 59.62	 52.83	 50.94	 45.10	 56.86	 58.00	 45.28	 56.60	 45.28	 62.26	 61.54	 47.17	 52.00	 59.62	 61.54	 47.17	 55.77	 52.83	 60.00	 48.08	 47.17	 48.00	 47.17	 54.90	 62.26	 58.82	 50.94	 50.00	 62.26	 57.69	 59.62		Myanophis_thanlyinensis 18
																			  0.00	 50.91	 58.82	 55.56	 65.38	 62.96	 49.06	 52.83	 59.26	 68.52	 59.62	 57.69	 54.90	 57.41	 50.91	 53.70	 60.00	 58.49	 62.96	 52.94	 56.60	 46.30	 64.81	 54.72	 66.67	 62.75	 62.26	 49.09	 56.86	 66.67	 42.31	 55.56	 59.62	 50.91	 49.06	 56.36	 50.00	 54.72		Cyclura_pinguis 19
																				  0.00	 64.71	 57.41	 48.08	 62.96	 56.60	 56.60	 53.70	 53.70	 63.46	 57.69	 58.82	 59.26	 50.91	 59.26	 43.64	 54.72	 53.70	 58.82	 62.26	 57.41	 68.52	 58.49	 64.81	 66.67	 49.06	 43.64	 52.94	 64.81	 57.69	 59.26	 50.00	 54.55	 62.26	 41.82	 66.67	 56.60		Ctenosaura_bakeri 20
																					  0.00	 54.00	 59.18	 41.18	 63.27	 54.00	 43.14	 39.22	 26.00	 65.31	 56.25	 43.14	 60.78	 47.06	 58.82	 58.00	 47.06	 60.00	 62.00	 60.00	 43.14	 52.00	 39.22	 60.42	 64.00	 50.98	 26.00	 52.94	 55.10	 66.67	 61.22	 54.90	 44.00	 56.86	 54.00	 56.00		Ptyas_mucosa 21
																						  0.00	 53.85	 45.28	 56.60	 51.92	 56.60	 60.38	 52.94	 51.92	 37.25	 54.72	 46.30	 52.83	 44.44	 48.08	 47.17	 56.86	 53.85	 52.83	 64.15	 51.92	 58.49	 68.63	 53.85	 50.00	 48.00	 60.38	 53.85	 50.94	 50.00	 50.00	 55.77	 50.00	 58.49	 50.00		Lerista_edwardsae 22
																							  0.00	 53.85	 74.51	 50.98	 50.00	 57.69	 62.00	 68.63	 60.00	 53.85	 55.77	 67.31	 57.69	 54.90	 50.00	 68.00	 61.54	 50.00	 67.31	 65.38	 59.62	 64.71	 49.02	 55.77	 63.27	 65.38	 60.78	 61.54	 50.98	 46.15	 68.63	 48.08	 61.54	 62.75		Lepidodactylus_listeri 23
																								  0.00	 63.46	 50.94	 46.30	 44.44	 42.31	 48.08	 43.14	 55.56	 53.70	 46.30	 62.96	 54.72	 27.78	 54.90	 60.38	 60.38	 55.56	 56.60	 42.59	 70.59	 54.72	 55.56	 43.14	 59.26	 65.38	 59.26	 55.77	 55.56	 50.94	 61.11	 52.83	 54.72		Bothrops_jararaca 24
																									  0.00	 63.46	 59.62	 69.23	 66.00	 58.82	 68.63	 71.15	 62.26	 69.23	 66.04	 65.38	 75.00	 50.00	 58.82	 53.85	 67.31	 70.59	 69.23	 60.00	 61.54	 60.38	 65.31	 63.46	 58.82	 53.85	 62.75	 64.15	 58.82	 67.92	 42.31	 61.54		Varanus_komodoensis 25
																										  0.00	 52.83	 56.60	 56.86	 56.86	 35.29	 64.15	 50.94	 62.26	 52.83	 41.51	 50.94	 58.00	 50.00	 55.77	 60.38	 57.69	 60.38	 60.00	 43.40	 43.40	 62.00	 60.38	 52.94	 52.83	 54.90	 54.72	 57.69	 54.72	 53.85	 22.64		Podarcis_muralis 26
																											  0.00	 51.85	 46.15	 53.85	 52.94	 57.41	 53.70	 53.70	 57.41	 49.06	 44.44	 52.94	 64.15	 54.72	 66.67	 60.38	 53.70	 58.82	 47.17	 48.15	 45.10	 57.41	 63.46	 62.96	 53.85	 57.41	 52.83	 51.85	 54.72	 58.49		Morelia_viridis 27
																												  0.00	 44.23	 51.92	 56.86	 48.15	 57.41	 51.85	 46.30	 56.60	 50.00	 58.82	 62.26	 67.92	 42.59	 54.72	 44.44	 68.63	 50.94	 55.56	 41.18	 57.41	 53.85	 68.52	 53.85	 61.11	 49.06	 51.85	 60.38	 52.83		Diadophis_punctatus 28
																													  0.00	 60.00	 53.06	 36.54	 55.77	 42.31	 55.77	 60.78	 46.15	 55.10	 54.90	 54.90	 42.31	 52.94	 40.38	 59.18	 60.78	 48.08	 23.53	 50.00	 54.00	 61.54	 56.00	 50.00	 27.45	 59.62	 50.98	 60.78		Pantherophis_guttatus 29
																														  0.00	 52.94	 57.69	 51.92	 48.08	 51.92	 62.75	 48.08	 60.00	 60.78	 62.75	 65.38	 66.67	 53.85	 60.00	 56.86	 53.85	 55.10	 69.23	 46.15	 51.92	 58.82	 63.46	 56.86	 57.69	 58.82	 64.71		Aspidoscelis_marmoratus 30
																															  0.00	 56.86	 50.98	 56.86	 52.94	 33.33	 50.98	 57.14	 50.00	 52.00	 60.78	 56.00	 56.86	 65.31	 43.14	 52.94	 56.25	 60.78	 58.82	 45.10	 52.00	 52.94	 54.00	 50.98	 62.00	 33.33		Lacerta_viridis 31
																																  0.00	 53.70	 38.89	 50.00	 71.70	 48.15	 66.67	 50.94	 50.94	 38.89	 56.60	 57.41	 66.67	 62.26	 51.85	 39.22	 59.26	 51.92	 62.96	 61.54	 48.15	 49.06	 55.56	 64.15	 60.38		Boaedon_fuliginosus 32
																																	  0.00	 51.85	 36.36	 66.04	 53.70	 58.82	 54.72	 62.96	 61.11	 64.15	 55.56	 58.82	 62.26	 20.00	 52.94	 53.70	 51.92	 53.70	 61.54	 43.64	 47.17	 38.18	 68.52	 60.38		Phrynosoma_platyrhinos 33
																																		  0.00	 53.70	 58.49	 38.89	 54.90	 56.60	 50.94	 37.04	 50.94	 48.15	 66.67	 58.49	 48.15	 45.10	 48.15	 48.08	 59.26	 55.77	 46.30	 43.40	 57.41	 52.83	 60.38		Naja_naja 34
																																			  0.00	 62.26	 59.26	 60.78	 52.83	 55.56	 61.11	 50.94	 62.96	 62.75	 54.72	 38.18	 54.90	 66.67	 44.23	 51.85	 53.85	 50.91	 50.94	 20.00	 61.11	 54.72		Sceloporus_tristichus 35
																																				  0.00	 50.94	 58.00	 67.31	 53.85	 60.38	 57.69	 54.72	 64.00	 30.19	 58.49	 54.00	 62.26	 62.75	 62.26	 49.02	 50.94	 57.69	 62.26	 57.69	 39.62		Lacerta_agilis 36
																																					  0.00	 56.86	 64.15	 58.49	 48.15	 56.60	 44.44	 72.55	 49.06	 51.85	 45.10	 62.96	 59.62	 62.96	 51.92	 51.85	 47.17	 62.96	 62.26	 54.72		Protobothrops_mucrosquamatus 37
																																						  0.00	 54.00	 50.00	 58.82	 54.00	 62.75	 55.10	 50.00	 64.71	 67.35	 60.78	 58.00	 54.90	 58.00	 58.82	 50.00	 66.67	 48.00	 58.00		Pogona_vitticeps 38
																																							  0.00	 47.17	 54.72	 66.04	 64.15	 64.71	 59.62	 60.38	 62.00	 56.60	 56.86	 58.49	 58.82	 58.49	 59.62	 50.94	 52.83	 50.00		Gekko_japonicus 39
																																								  0.00	 60.38	 52.83	 69.81	 64.71	 55.77	 62.96	 64.00	 67.92	 50.98	 49.06	 47.06	 46.30	 53.85	 55.56	 46.30	 59.62		Sphaerodactylus_townsendi 40
																																									  0.00	 62.26	 48.15	 56.86	 56.60	 57.41	 49.02	 44.44	 53.85	 68.52	 63.46	 50.00	 49.06	 70.37	 54.72	 49.06		Bungarus_multicintus 41
																																										  0.00	 58.49	 72.55	 63.46	 58.49	 56.00	 67.92	 54.90	 54.72	 54.90	 54.72	 50.00	 52.83	 66.04	 53.85		Paroedura_picta 42
																																											  0.00	 66.67	 54.72	 57.41	 41.18	 53.70	 59.62	 59.26	 59.62	 51.85	 43.40	 61.11	 66.04	 60.38		Crotalus_tigris 43
																																												  0.00	 70.00	 64.71	 64.58	 52.94	 52.00	 62.75	 64.00	 62.75	 58.00	 64.71	 54.90	 62.00		Sphenodon_punctatus 44
																																													  0.00	 54.72	 56.00	 66.04	 62.75	 62.26	 50.98	 50.94	 69.23	 64.15	 57.69	 33.96		Zootoca_vivipara 45
																																														  0.00	 47.06	 46.30	 51.92	 48.15	 63.46	 41.82	 45.28	 38.18	 64.81	 54.72		Phrynosoma_blainvillii 46
																																															  0.00	 54.90	 61.22	 68.63	 59.18	 54.90	 38.00	 56.86	 62.00	 54.00		Pituophis_catenifer 47
																																																  0.00	 63.46	 61.11	 71.15	 57.41	 47.17	 59.26	 66.04	 64.15		Tropidonophis_doriae 48
																																																	  0.00	 50.00	 58.82	 57.69	 41.18	 53.85	 54.90	 52.94		Salvator_merianae 49
																																																		  0.00	 55.77	 57.41	 54.72	 51.85	 56.60	 54.72		Eublepharis_macularius 50
																																																			  0.00	 51.92	 56.86	 57.69	 50.98	 56.86		Hemicordylus_capensis 51
																																																				  0.00	 50.94	 47.27	 50.00	 54.72		Plestiodon_gilberti 52
																																																					  0.00	 54.72	 59.62	 61.54		Laticauda_colubrina 53
																																																						  0.00	 59.26	 62.26		Sceloporus_occidentalis 54
																																																							  0.00	 51.92		Varanus_salvator 55
																																																								  0.00		Podarci_raffonei 56
