Distance Matrix
---------------

Uncorrected for Multiple Substitutions
Using base positions 3 in the codon
Gap weighting is 0.000000

	    1	    2	    3	    4	    5	    6	    7	    8	    9	    10	    11	    12	    13	    14	    15	    16	    17	    18	    19	    20	    21	    22	    23	    24	    25	    26	    27	    28	    29	    30	    31	    32	    33	    34	    35	    36	    37	    38	    39	    40	    41	    42	    43	    44	    45	    46	    47	    48	    49	    50	    51	    52	    53	    54
	  0.00	 41.59	 57.32	 48.23	 46.03	 43.13	 57.46	 46.35	 51.11	 50.16	 44.13	 53.65	 52.55	 48.89	 53.02	 45.71	 51.43	 58.27	 32.06	 46.35	 55.41	 50.79	 59.06	 54.92	 46.35	 44.44	 33.97	 52.06	 53.02	 49.84	 51.11	 46.35	 48.89	 54.29	 47.30	 51.43	 51.91	 49.52	 40.32	 54.46	 46.03	 49.21	 53.33	 46.35	 37.78	 46.18	 49.20	 52.38	 49.52	 55.87	 46.67	 47.94	 53.97	 52.06		Arizona_elegans 1
		  0.00	 54.29	 54.34	 48.12	 46.65	 60.82	 49.84	 60.94	 59.06	 44.55	 63.52	 52.05	 53.12	 60.31	 44.55	 55.31	 52.03	 39.94	 52.50	 55.66	 45.62	 58.86	 59.69	 46.88	 40.31	 42.45	 56.33	 58.12	 47.48	 55.62	 45.91	 52.85	 58.12	 46.25	 55.94	 54.86	 52.81	 45.91	 56.83	 42.50	 58.12	 59.69	 49.06	 47.48	 43.53	 56.27	 61.25	 56.96	 60.62	 45.94	 48.12	 54.55	 55.31		Thermophis_baileyi 2
			  0.00	 49.84	 53.97	 52.56	 51.90	 51.11	 56.51	 53.80	 51.11	 54.92	 50.48	 50.16	 53.33	 50.48	 50.16	 53.38	 55.24	 49.21	 50.79	 49.52	 57.86	 54.43	 51.27	 58.73	 53.02	 49.52	 50.00	 56.83	 50.95	 49.21	 48.73	 51.27	 50.48	 50.95	 54.14	 52.06	 54.92	 52.40	 50.48	 51.90	 57.28	 48.42	 53.02	 48.09	 49.84	 53.33	 51.27	 52.22	 56.19	 43.99	 53.02	 51.58		Elgaria_multicarinata 3
				  0.00	 54.98	 46.62	 51.45	 49.20	 48.87	 47.91	 46.95	 49.84	 43.73	 45.98	 47.91	 50.16	 49.20	 47.33	 47.91	 46.62	 50.16	 51.77	 57.97	 47.91	 47.91	 52.73	 46.62	 23.79	 47.91	 49.20	 47.27	 48.23	 47.27	 44.69	 47.27	 49.52	 52.26	 52.73	 48.87	 50.97	 51.77	 48.55	 48.87	 47.27	 50.16	 48.55	 42.77	 48.87	 45.02	 53.38	 51.45	 44.69	 50.80	 45.98		Aspidocelis_tigris 4
					  0.00	 47.92	 54.23	 50.63	 55.62	 55.94	 42.50	 60.06	 52.37	 52.81	 57.50	 43.75	 52.50	 54.24	 46.86	 51.88	 53.46	 40.62	 56.19	 55.62	 47.50	 43.12	 46.23	 57.59	 58.12	 46.23	 54.38	 47.48	 50.63	 55.62	 39.38	 55.94	 57.05	 56.88	 44.97	 59.05	 40.94	 54.69	 56.56	 50.94	 47.17	 45.43	 52.09	 55.31	 54.43	 56.25	 47.19	 45.62	 57.68	 54.69		Azemiops_feae 5
						  0.00	 53.99	 51.12	 51.12	 52.40	 43.13	 53.67	 51.28	 48.24	 51.76	 44.73	 48.24	 47.73	 46.01	 48.56	 53.53	 50.80	 57.43	 50.80	 41.53	 46.96	 46.01	 48.24	 49.84	 47.60	 45.69	 46.96	 46.33	 51.12	 42.81	 51.12	 53.53	 51.44	 49.84	 55.13	 44.73	 48.56	 50.80	 43.13	 45.37	 43.59	 51.13	 51.76	 47.92	 46.96	 50.16	 45.69	 54.31	 47.92		Charina_bottae 6
							  0.00	 52.04	 54.23	 53.44	 50.47	 55.21	 53.14	 45.77	 53.61	 54.55	 52.66	 52.59	 55.66	 50.47	 53.14	 54.23	 52.84	 50.94	 52.81	 56.43	 52.20	 51.27	 56.56	 57.86	 50.31	 53.77	 52.05	 50.94	 53.29	 56.25	 54.72	 58.62	 55.03	 57.96	 51.10	 55.00	 50.63	 50.00	 54.40	 54.57	 53.70	 53.29	 52.38	 52.50	 53.92	 48.75	 53.61	 49.06		Shinisaurus_crocodilurus 7
								  0.00	 58.12	 52.50	 47.35	 52.52	 50.47	 49.37	 54.69	 47.35	 52.50	 50.92	 46.23	 50.63	 52.83	 43.75	 55.85	 54.69	 48.44	 49.06	 41.82	 51.90	 55.00	 46.86	 53.44	 42.45	 52.22	 51.56	 46.25	 54.06	 60.50	 53.75	 43.08	 60.00	 43.75	 55.94	 55.31	 51.25	 47.80	 43.85	 50.80	 54.06	 45.89	 55.00	 41.25	 49.69	 50.16	 54.69		Ophiophagus_hannah 8
									  0.00	 50.31	 53.75	 54.09	 52.68	 48.75	 40.62	 52.19	 51.25	 53.51	 50.94	 47.81	 55.03	 54.69	 59.53	 50.63	 50.94	 54.38	 52.83	 47.47	 50.94	 57.23	 45.00	 54.09	 48.10	 52.81	 50.00	 51.25	 52.04	 54.06	 51.57	 49.21	 56.25	 49.37	 51.25	 48.75	 51.89	 53.00	 50.16	 50.31	 48.73	 53.12	 50.31	 48.44	 56.11	 49.06		Anolis_sagrei 9
										  0.00	 51.88	 56.74	 55.03	 53.58	 53.75	 51.88	 55.76	 54.41	 53.77	 50.94	 55.03	 56.56	 58.00	 42.24	 51.71	 55.94	 50.94	 50.63	 16.77	 57.23	 46.89	 54.40	 51.42	 30.12	 52.81	 54.35	 54.38	 50.78	 53.14	 53.48	 53.75	 53.11	 38.20	 50.31	 55.97	 57.10	 47.27	 52.02	 52.22	 57.63	 56.25	 50.62	 57.01	 44.41		Lacerta_bilineata 10
											  0.00	 56.29	 51.74	 49.06	 52.81	 45.48	 51.88	 53.87	 43.08	 51.25	 51.57	 47.50	 57.19	 50.94	 45.00	 42.19	 40.25	 47.78	 50.31	 46.54	 52.19	 44.03	 48.42	 49.37	 41.88	 54.06	 54.86	 51.56	 46.54	 56.83	 42.81	 50.63	 50.63	 45.62	 42.77	 42.90	 49.52	 54.38	 53.48	 55.94	 47.19	 45.31	 55.17	 47.19		Imantodes_cenchoa 11
												  0.00	 52.53	 52.04	 53.46	 58.81	 50.47	 54.81	 55.21	 49.37	 51.90	 55.66	 58.53	 54.23	 52.52	 59.12	 56.15	 53.80	 57.37	 54.89	 49.53	 56.15	 53.80	 54.23	 55.35	 49.06	 57.23	 55.49	 53.31	 58.54	 55.03	 53.61	 57.99	 49.84	 55.21	 58.54	 51.13	 52.66	 46.84	 54.72	 60.38	 53.61	 59.12	 52.04		Phrynocephalus_versicolor 12
													  0.00	 47.00	 53.31	 49.84	 47.95	 50.75	 51.10	 45.11	 52.22	 52.37	 55.03	 53.77	 51.26	 51.74	 44.79	 44.76	 54.72	 51.42	 50.94	 52.68	 47.78	 55.35	 47.63	 53.77	 54.75	 47.63	 53.00	 53.67	 52.37	 51.57	 58.18	 47.48	 51.42	 47.63	 49.84	 55.52	 50.64	 50.00	 53.63	 44.34	 53.31	 51.89		Cryptoblepharus_egeriae 13
														  0.00	 57.19	 47.81	 32.09	 32.35	 47.48	 46.56	 46.23	 50.00	 50.84	 53.89	 47.19	 53.12	 44.97	 50.63	 54.52	 52.83	 46.11	 51.89	 44.94	 52.02	 49.37	 46.73	 55.31	 52.02	 55.35	 52.53	 48.12	 47.98	 54.21	 47.98	 47.17	 45.74	 50.48	 51.09	 50.63	 48.12	 50.94	 45.17	 49.69	 52.65		Iguana_delicatissima 14
															  0.00	 53.44	 52.50	 58.30	 55.66	 52.81	 60.38	 59.69	 60.20	 48.75	 50.94	 57.50	 55.66	 49.68	 54.06	 53.14	 44.69	 55.97	 50.00	 50.94	 55.00	 55.62	 54.86	 55.00	 52.52	 52.38	 56.25	 53.44	 55.94	 50.31	 57.55	 56.78	 50.16	 49.69	 49.05	 53.75	 52.19	 48.44	 54.55	 46.56		Anolis_carolinensis 15
																  0.00	 54.38	 52.77	 40.88	 49.06	 53.14	 44.06	 53.85	 53.44	 46.25	 44.38	 42.45	 50.95	 50.31	 49.06	 55.31	 49.37	 48.73	 50.63	 44.38	 50.31	 52.04	 50.00	 48.74	 56.83	 42.19	 49.69	 55.62	 52.50	 44.65	 44.79	 48.23	 54.06	 52.53	 55.94	 48.75	 46.88	 51.41	 51.25		Myanophis_thanlyinensis 16
																	  0.00	 33.46	 50.63	 47.50	 48.11	 54.69	 54.52	 52.34	 47.81	 57.81	 48.74	 50.95	 56.07	 55.03	 46.42	 49.37	 45.25	 54.21	 51.88	 47.98	 54.06	 53.89	 53.14	 55.70	 50.31	 50.47	 54.52	 43.93	 48.43	 50.16	 48.87	 47.35	 50.95	 52.50	 50.94	 46.42	 53.12	 48.60		Cyclura_pinguis 17
																		  0.00	 51.67	 49.45	 47.58	 52.40	 51.20	 58.46	 49.45	 60.15	 50.93	 48.69	 52.21	 53.16	 50.00	 45.72	 50.19	 52.57	 50.55	 51.10	 56.25	 52.94	 54.65	 51.87	 48.71	 54.04	 57.35	 50.37	 50.56	 49.63	 54.20	 53.31	 55.43	 50.55	 53.51	 49.26	 49.82	 53.31		Ctenosaura_bakeri 18
																			  0.00	 48.43	 55.84	 49.69	 56.04	 57.55	 46.54	 41.82	 34.59	 48.42	 52.20	 46.23	 49.37	 43.71	 46.84	 53.14	 42.77	 53.77	 52.05	 55.03	 40.88	 55.73	 43.71	 50.31	 56.92	 47.80	 35.85	 43.53	 52.73	 53.14	 51.11	 56.92	 47.48	 48.11	 52.37	 53.46		Ptyas_mucosa 19
																				  0.00	 51.57	 53.44	 57.86	 48.12	 44.69	 48.75	 44.03	 48.73	 47.50	 53.46	 47.19	 49.37	 47.78	 48.75	 46.88	 47.50	 52.35	 50.00	 49.06	 52.06	 47.81	 48.12	 52.81	 45.31	 45.91	 44.48	 47.27	 48.44	 46.20	 47.81	 55.00	 45.31	 52.98	 47.19		Lerista_edwardsae 20
																					  0.00	 49.06	 54.03	 58.81	 49.69	 54.40	 52.05	 51.75	 54.40	 56.47	 52.20	 54.89	 54.92	 55.66	 49.69	 56.60	 47.95	 54.09	 56.47	 59.11	 53.46	 53.14	 58.81	 53.46	 56.15	 53.48	 53.70	 52.20	 50.96	 55.66	 54.40	 55.66	 49.84	 57.86		Lepidodactylus_listeri 21
																						  0.00	 54.52	 58.75	 45.00	 46.88	 46.23	 56.33	 58.12	 46.54	 58.44	 47.48	 56.33	 57.50	 37.81	 52.19	 60.50	 51.88	 47.80	 57.78	 35.00	 52.19	 60.00	 55.62	 50.63	 47.63	 51.45	 53.44	 53.48	 55.31	 49.69	 55.31	 55.49	 56.25		Bothrops_jararaca 22
																							  0.00	 56.33	 56.00	 59.20	 57.38	 59.40	 59.00	 56.38	 56.00	 60.74	 59.20	 55.33	 53.18	 58.00	 56.71	 59.53	 60.74	 64.43	 55.85	 56.00	 58.33	 59.67	 60.74	 54.55	 58.31	 56.52	 53.18	 59.67	 56.19	 56.33	 42.33	 54.00		Varanus_komodoensis 23
																								  0.00	 52.65	 56.88	 50.63	 47.47	 41.30	 52.20	 46.89	 54.09	 52.37	 38.20	 55.62	 52.80	 57.50	 55.76	 54.72	 54.75	 54.38	 48.14	 40.68	 48.76	 54.40	 50.16	 46.95	 50.47	 49.05	 55.76	 51.56	 48.45	 57.63	 24.22		Podarcis_muralis 24
																									  0.00	 44.69	 44.03	 51.27	 51.71	 46.54	 48.60	 49.69	 50.79	 52.65	 43.44	 49.84	 54.55	 46.56	 45.91	 55.24	 40.62	 52.02	 53.27	 47.98	 48.74	 43.53	 47.91	 52.19	 49.37	 53.27	 49.37	 50.16	 55.00	 54.83		Morelia_viridis 25
																										  0.00	 40.88	 56.65	 52.81	 50.00	 54.06	 49.37	 52.22	 59.38	 42.50	 56.25	 55.49	 53.44	 48.43	 61.90	 43.75	 54.06	 56.88	 52.81	 47.48	 43.53	 53.70	 59.06	 55.70	 60.94	 46.88	 53.12	 58.31	 53.12		Diadophis_punctatus 26
																											  0.00	 47.47	 51.89	 48.11	 52.20	 41.82	 48.42	 51.57	 45.60	 51.57	 52.05	 50.31	 40.88	 57.96	 43.40	 49.06	 54.09	 47.17	 26.73	 39.75	 48.23	 54.40	 46.98	 54.40	 40.25	 44.65	 51.74	 50.63		Pantherophis_guttatus 27
																												  0.00	 49.37	 50.63	 47.78	 49.05	 49.68	 48.42	 49.68	 51.58	 53.65	 53.48	 51.27	 50.96	 53.16	 48.42	 49.37	 48.10	 52.22	 51.43	 41.48	 49.37	 46.03	 52.22	 54.75	 45.25	 50.79	 43.04		Aspidoscelis_marmoratus 28
																													  0.00	 59.75	 46.27	 53.14	 51.10	 26.71	 50.31	 53.73	 53.75	 54.21	 55.66	 53.16	 53.12	 53.73	 39.13	 49.38	 54.40	 57.10	 49.52	 51.09	 53.48	 57.94	 55.00	 52.80	 54.21	 42.55		Lacerta_viridis 29
																														  0.00	 56.29	 43.71	 53.16	 55.35	 47.80	 55.03	 58.99	 53.46	 45.91	 52.23	 48.43	 52.83	 58.18	 52.83	 51.26	 46.37	 52.73	 54.09	 51.75	 56.60	 50.31	 51.57	 55.21	 50.94		Boaedon_fuliginosus 30
																															  0.00	 53.14	 41.96	 46.27	 48.12	 52.17	 49.37	 54.21	 54.40	 53.48	 53.44	 50.00	 50.62	 29.50	 53.46	 52.37	 49.84	 49.22	 47.47	 50.16	 51.88	 44.41	 57.63	 48.76		Phrynosoma_platyrhinos 31
																																  0.00	 52.85	 52.20	 45.60	 54.09	 58.68	 55.97	 44.03	 55.41	 42.14	 52.83	 57.55	 47.17	 46.86	 45.74	 51.13	 54.40	 52.06	 57.23	 45.28	 50.31	 56.15	 52.20		Naja_naja 32
																																	  0.00	 52.68	 48.73	 50.79	 52.38	 54.11	 54.43	 55.73	 52.85	 49.53	 53.63	 41.64	 49.05	 50.16	 51.13	 53.80	 49.21	 50.47	 53.80	 28.71	 53.80	 47.32		Sceloporus_tristichus 33
																																		  0.00	 51.25	 51.24	 55.62	 58.26	 53.46	 50.32	 50.31	 50.62	 38.51	 47.83	 54.40	 55.21	 52.09	 49.53	 47.47	 54.83	 55.31	 50.31	 55.45	 38.20		Lacerta_agilis 34
																																			  0.00	 50.94	 54.55	 51.25	 43.71	 52.70	 37.19	 52.19	 54.06	 48.75	 48.11	 38.17	 52.73	 54.06	 49.37	 56.56	 49.37	 51.25	 51.41	 56.25		Protobothrops_mucrosquamatus 35
																																				  0.00	 54.38	 50.78	 53.14	 51.58	 44.69	 53.42	 55.59	 51.55	 53.77	 49.84	 46.95	 53.89	 49.68	 56.70	 55.94	 52.48	 52.96	 52.17		Pogona_vitticeps 36
																																					  0.00	 55.62	 52.68	 54.75	 56.11	 55.31	 56.56	 50.00	 53.63	 54.11	 50.32	 53.75	 50.48	 55.17	 57.05	 54.69	 56.43	 52.81		Gekko_japonicus 37
																																						  0.00	 56.92	 53.80	 54.38	 50.78	 57.63	 50.47	 54.72	 52.05	 50.80	 49.84	 54.11	 55.94	 57.81	 50.47	 57.19	 57.01		Sphaerodactylus_townsendi 38
																																							  0.00	 57.64	 46.54	 51.89	 53.77	 50.31	 43.08	 47.95	 50.48	 54.72	 49.21	 54.09	 45.60	 51.26	 58.68	 52.52		Bungarus_multicintus 39
																																								  0.00	 58.73	 50.00	 55.38	 53.16	 59.87	 55.27	 56.45	 54.43	 55.56	 53.97	 59.05	 54.75	 57.91	 52.22		Paroedura_picta 40
																																									  0.00	 51.56	 57.19	 49.06	 47.17	 41.01	 50.48	 55.00	 49.68	 57.19	 48.44	 48.75	 51.10	 52.50		Crotalus_tigris 41
																																										  0.00	 57.76	 49.69	 50.00	 51.42	 49.84	 50.16	 48.73	 55.76	 56.56	 46.27	 57.01	 49.38		Sphenodon_punctatus 42
																																											  0.00	 50.93	 53.77	 57.10	 53.70	 51.71	 49.05	 57.32	 56.56	 51.55	 58.88	 40.37		Zootoca_vivipara 43
																																												  0.00	 50.63	 47.95	 45.66	 53.89	 48.10	 49.84	 51.56	 39.75	 55.14	 48.45		Phrynosoma_blainvillii 44
																																													  0.00	 47.00	 54.34	 55.03	 52.38	 52.52	 46.54	 46.54	 58.68	 53.77		Pituophis_catenifer 45
																																														  0.00	 53.38	 53.31	 50.64	 56.15	 47.63	 46.06	 49.37	 53.00		Tropidonophis_doriae 46
																																															  0.00	 47.91	 47.91	 54.02	 52.41	 48.23	 55.31	 45.98		Salvator_merianae 47
																																																  0.00	 48.10	 57.50	 56.25	 50.16	 56.25	 49.22		Eublepharis_macularius 48
																																																	  0.00	 53.16	 55.38	 50.32	 54.11	 47.47		Hemicordylus_capensis 49
																																																		  0.00	 58.44	 47.98	 59.38	 52.34		Plestiodon_gilberti 50
																																																			  0.00	 49.37	 56.74	 50.94		Laticauda_colubrina 51
																																																				  0.00	 54.52	 44.10		Sceloporus_occidentalis 52
																																																					  0.00	 56.39		Varanus_salvator 53
																																																						  0.00		Podarci_raffonei 54
