Distance Matrix
---------------

Uncorrected for Multiple Substitutions
Using base positions 3 in the codon
Gap weighting is 0.000000

	    1	    2	    3	    4	    5	    6	    7	    8	    9	    10	    11	    12	    13	    14	    15	    16	    17	    18	    19	    20	    21	    22	    23	    24	    25	    26	    27	    28	    29	    30	    31	    32	    33	    34	    35	    36	    37	    38	    39	    40	    41	    42	    43	    44	    45	    46	    47	    48
	  0.00	 56.25	 57.29	 50.00	 46.07	 65.62	 40.62	 60.42	 61.46	 41.67	 67.02	 55.21	 59.38	 59.38	 42.71	 59.38	 63.24	 47.92	 58.33	 65.62	 52.08	 76.04	 69.79	 44.79	 60.42	 64.58	 61.46	 47.92	 63.54	 65.62	 41.67	 60.64	 52.08	 59.38	 59.38	 44.79	 61.46	 54.17	 60.42	 42.71	 59.38	 67.71	 59.38	 64.58	 42.71	 60.42	 67.71	 61.46		Thermophis_baileyi 1
		  0.00	 57.14	 54.17	 55.06	 64.29	 53.12	 63.27	 59.18	 61.46	 63.54	 57.14	 53.06	 52.04	 60.42	 57.14	 73.53	 57.29	 58.16	 57.14	 61.46	 53.06	 60.20	 53.12	 63.27	 54.64	 59.18	 54.17	 53.06	 62.24	 57.29	 58.33	 61.22	 66.33	 60.20	 53.12	 64.29	 57.14	 60.20	 47.92	 63.27	 62.24	 55.10	 60.20	 58.33	 60.20	 47.96	 59.18		Elgaria_multicarinata 2
			  0.00	 58.33	 57.30	 63.27	 55.21	 62.24	 57.14	 52.08	 57.29	 56.12	 48.98	 55.10	 60.42	 45.92	 61.76	 61.46	 51.02	 56.12	 65.62	 56.12	 65.31	 61.46	 22.45	 58.76	 60.20	 56.25	 54.08	 60.20	 55.21	 60.42	 53.06	 53.06	 56.12	 52.08	 60.20	 57.14	 63.27	 57.29	 44.90	 52.04	 52.04	 59.18	 60.42	 55.10	 64.29	 63.27		Aspidocelis_tigris 3
				  0.00	 58.43	 68.75	 41.67	 57.29	 53.12	 45.83	 61.70	 51.04	 48.96	 51.04	 50.00	 46.88	 57.35	 48.96	 50.00	 57.29	 39.58	 64.58	 58.33	 45.83	 60.42	 48.96	 53.12	 53.12	 47.92	 56.25	 35.42	 59.57	 63.54	 59.38	 61.46	 43.75	 62.50	 51.04	 51.04	 46.88	 60.42	 57.29	 51.04	 56.25	 55.21	 54.17	 60.42	 58.33		Azemiops_feae 4
					  0.00	 68.54	 42.70	 59.55	 61.80	 47.19	 60.92	 69.66	 47.19	 66.29	 53.93	 49.44	 68.85	 52.81	 57.30	 65.17	 57.30	 57.30	 65.17	 53.93	 58.43	 59.55	 62.92	 53.93	 64.04	 67.42	 51.69	 64.37	 55.06	 68.54	 60.67	 42.70	 57.30	 60.67	 53.93	 52.81	 65.17	 61.80	 55.06	 65.17	 48.31	 64.04	 58.43	 65.17		Daboia_siamensis 5
						  0.00	 66.67	 59.18	 55.10	 63.54	 59.38	 65.31	 60.20	 54.08	 62.50	 57.14	 54.41	 57.29	 65.31	 64.29	 66.67	 58.16	 54.08	 58.33	 62.24	 56.70	 66.33	 60.42	 60.20	 55.10	 64.58	 67.71	 66.33	 63.27	 67.35	 69.79	 62.24	 57.14	 63.27	 59.38	 63.27	 68.37	 58.16	 62.24	 56.25	 63.27	 56.12	 47.96		Shinisaurus_crocodilurus 6
							  0.00	 54.17	 60.42	 41.67	 55.32	 56.25	 48.96	 58.33	 47.92	 53.12	 58.82	 44.79	 50.00	 59.38	 44.79	 66.67	 58.33	 41.67	 58.33	 59.38	 54.17	 45.83	 52.08	 60.42	 38.54	 60.64	 48.96	 52.08	 60.42	 38.54	 54.17	 54.17	 51.04	 41.67	 56.25	 65.62	 55.21	 57.29	 38.54	 55.21	 66.67	 58.33		Ophiophagus_hannah 7
								  0.00	 53.06	 53.12	 51.04	 56.12	 60.20	 44.90	 57.29	 60.20	 60.29	 55.21	 58.16	 61.22	 61.46	 56.12	 50.00	 54.17	 59.18	 57.73	 47.96	 58.33	 54.08	 65.31	 58.33	 64.58	 57.14	 58.16	 58.16	 61.46	 67.35	 50.00	 44.90	 55.21	 57.14	 66.33	 51.02	 59.18	 54.17	 60.20	 59.18	 52.04		Anolis_sagrei 8
									  0.00	 50.00	 51.04	 57.14	 48.98	 56.12	 64.58	 51.02	 60.29	 57.29	 53.06	 62.24	 68.75	 61.22	 34.69	 58.33	 60.20	 10.31	 59.18	 59.38	 54.08	 33.67	 60.42	 57.29	 62.24	 57.14	 58.16	 63.54	 54.08	 30.61	 61.22	 54.17	 55.10	 61.22	 54.08	 57.14	 62.50	 51.02	 58.16	 34.69		Lacerta_bilineata 9
										  0.00	 59.57	 59.38	 56.25	 54.17	 45.83	 52.08	 58.82	 43.75	 51.04	 64.58	 43.75	 59.38	 55.21	 40.62	 59.38	 51.04	 54.17	 43.75	 50.00	 57.29	 46.88	 55.32	 58.33	 53.12	 62.50	 44.79	 64.58	 50.00	 53.12	 40.62	 51.04	 58.33	 57.29	 57.29	 37.50	 53.12	 60.42	 51.04		Imantodes_cenchoa 10
											  0.00	 62.50	 47.92	 55.21	 69.15	 64.58	 60.61	 60.64	 58.33	 57.29	 63.83	 61.46	 55.21	 58.51	 55.21	 53.68	 58.33	 60.64	 53.12	 60.42	 65.96	 55.21	 59.38	 58.33	 61.46	 63.83	 60.42	 56.25	 62.50	 56.38	 58.33	 58.33	 51.04	 59.38	 58.51	 57.29	 61.46	 52.08		Phrynocephalus_versicolor 11
												  0.00	 53.06	 56.12	 61.46	 56.12	 60.29	 61.46	 45.92	 52.04	 56.25	 66.33	 63.27	 56.25	 53.06	 60.82	 59.18	 59.38	 46.94	 60.20	 59.38	 61.46	 58.16	 54.08	 52.04	 56.25	 60.20	 56.12	 55.10	 55.21	 58.16	 58.16	 56.12	 51.02	 63.54	 47.96	 58.16	 63.27		Cryptoblepharus_egeriae 12
													  0.00	 55.10	 64.58	 36.73	 38.24	 51.04	 44.90	 61.22	 58.33	 50.00	 56.12	 53.12	 53.06	 50.52	 52.04	 55.21	 47.96	 55.10	 52.08	 56.25	 59.18	 51.02	 50.00	 47.92	 47.96	 52.04	 58.16	 50.00	 58.16	 55.10	 54.08	 57.14	 60.42	 47.96	 51.02	 51.02		Iguana_delicatissima 13
														  0.00	 58.33	 51.02	 60.29	 51.04	 58.16	 63.27	 58.33	 65.31	 60.20	 53.12	 57.14	 59.79	 58.16	 47.92	 55.10	 59.18	 53.12	 59.38	 58.16	 59.18	 61.22	 54.17	 60.20	 52.04	 52.04	 55.21	 56.12	 59.18	 55.10	 55.10	 52.08	 58.16	 67.35	 60.20		Anolis_carolinensis 14
															  0.00	 54.17	 60.29	 45.83	 57.29	 61.46	 55.21	 66.67	 61.46	 48.96	 60.42	 63.54	 59.38	 56.25	 57.29	 68.75	 52.08	 59.57	 60.42	 60.42	 61.46	 50.00	 66.67	 63.54	 52.08	 46.88	 57.29	 58.33	 60.42	 62.50	 47.92	 58.33	 56.25	 54.17		Myanophis_thanlyinensis 15
																  0.00	 42.65	 54.17	 53.06	 64.29	 57.29	 57.14	 54.08	 54.17	 55.10	 51.55	 59.18	 53.12	 51.02	 58.16	 50.00	 60.42	 58.16	 54.08	 58.16	 46.88	 55.10	 54.08	 47.96	 55.21	 58.16	 55.10	 47.96	 57.14	 64.58	 50.00	 60.20	 51.02		Cyclura_pinguis 16
																	  0.00	 61.76	 66.18	 60.29	 61.76	 64.71	 58.82	 64.71	 58.82	 60.29	 52.94	 69.12	 55.88	 60.29	 60.29	 62.12	 66.18	 57.35	 63.24	 58.82	 66.18	 66.18	 50.00	 61.76	 61.76	 58.82	 58.82	 57.35	 64.71	 51.47	 51.47	 61.76		Ctenosaura_bakeri 17
																		  0.00	 55.21	 65.62	 48.96	 63.54	 52.08	 30.21	 58.33	 51.04	 52.08	 46.88	 54.17	 60.42	 45.83	 62.77	 58.33	 57.29	 65.62	 50.00	 61.46	 55.21	 51.04	 29.17	 58.33	 62.50	 59.38	 57.29	 48.96	 54.17	 60.42	 45.83		Ptyas_mucosa 18
																			  0.00	 52.04	 57.29	 56.12	 52.04	 53.12	 42.86	 55.67	 60.20	 60.42	 46.94	 55.10	 53.12	 60.42	 61.22	 45.92	 55.10	 55.21	 59.18	 51.02	 55.10	 54.17	 57.14	 51.02	 53.06	 47.96	 56.25	 44.90	 60.20	 51.02		Lerista_edwardsae 19
																				  0.00	 66.67	 56.12	 62.24	 56.25	 52.04	 60.82	 62.24	 71.88	 50.00	 66.33	 62.50	 55.21	 47.96	 52.04	 58.16	 65.62	 67.35	 63.27	 55.10	 58.33	 62.24	 58.16	 62.24	 61.22	 64.58	 62.24	 53.06	 63.27		Lepidodactylus_listeri 20
																					  0.00	 63.54	 68.75	 45.83	 65.62	 64.58	 60.42	 43.75	 59.38	 69.79	 35.42	 62.77	 66.67	 61.46	 64.58	 33.33	 65.62	 63.54	 61.46	 44.79	 57.29	 67.71	 58.33	 62.50	 53.12	 63.54	 64.58	 59.38		Bothrops_jararaca 21
																						  0.00	 60.20	 60.42	 58.16	 62.89	 59.18	 64.58	 51.02	 63.27	 65.62	 61.46	 65.31	 57.14	 56.12	 64.58	 66.33	 62.24	 59.18	 60.42	 65.31	 64.29	 61.22	 58.16	 64.58	 56.12	 36.73	 57.14		Varanus_komodoensis 22
																							  0.00	 51.04	 60.20	 35.05	 59.18	 68.75	 55.10	 44.90	 59.38	 59.38	 65.31	 65.31	 57.14	 66.67	 54.08	 43.88	 54.08	 54.17	 55.10	 60.20	 60.20	 58.16	 57.29	 51.02	 63.27	 26.53		Podarcis_muralis 23
																								  0.00	 57.29	 54.17	 56.25	 46.88	 50.00	 60.42	 42.71	 60.64	 53.12	 59.38	 60.42	 50.00	 56.25	 60.42	 54.17	 16.67	 57.29	 65.62	 55.21	 55.21	 43.75	 52.08	 57.29	 51.04		Pantherophis_guttatus 24
																									  0.00	 58.76	 63.27	 65.62	 55.10	 61.22	 59.38	 61.46	 53.06	 55.10	 57.14	 59.38	 59.18	 65.31	 60.20	 56.25	 50.00	 51.02	 52.04	 57.14	 59.38	 55.10	 61.22	 60.20		Aspidoscelis_marmoratus 25
																										  0.00	 60.82	 62.50	 51.55	 36.08	 59.38	 56.84	 61.86	 61.86	 61.86	 64.58	 56.70	 35.05	 60.82	 50.00	 55.67	 59.79	 51.55	 57.73	 61.46	 52.58	 55.67	 35.05		Lacerta_viridis 26
																											  0.00	 57.29	 45.92	 60.20	 56.25	 57.29	 62.24	 56.12	 54.08	 57.29	 63.27	 57.14	 34.69	 56.25	 51.02	 53.06	 48.98	 57.14	 60.42	 44.90	 59.18	 61.22		Phrynosoma_platyrhinos 27
																												  0.00	 63.54	 67.71	 38.54	 59.57	 56.25	 57.29	 65.62	 43.75	 63.54	 53.12	 54.17	 43.75	 60.42	 59.38	 63.54	 62.50	 50.00	 60.42	 68.75	 61.46		Naja_naja 28
																													  0.00	 60.20	 60.42	 58.33	 54.08	 47.96	 60.20	 61.46	 66.33	 56.12	 44.90	 51.04	 53.06	 57.14	 50.00	 52.04	 58.33	 22.45	 47.96	 56.12		Sceloporus_tristichus 29
																														  0.00	 61.46	 63.54	 61.22	 63.27	 62.24	 65.62	 60.20	 43.88	 63.27	 57.29	 66.33	 66.33	 58.16	 63.27	 62.50	 61.22	 67.35	 50.00		Lacerta_agilis 30
																															  0.00	 62.77	 62.50	 58.33	 59.38	 28.12	 56.25	 55.21	 56.25	 42.71	 62.50	 67.71	 55.21	 54.17	 48.96	 60.42	 67.71	 55.21		Protobothrops_mucrosquamatus 31
																																  0.00	 55.21	 57.29	 52.08	 62.77	 65.62	 52.08	 55.21	 58.51	 55.21	 59.38	 58.33	 76.04	 58.51	 57.29	 65.62	 56.25		Pogona_vitticeps 32
																																	  0.00	 45.92	 64.29	 61.46	 54.08	 58.16	 56.12	 52.08	 58.16	 63.27	 61.22	 60.20	 62.50	 56.12	 60.20	 60.20		Gekko_japonicus 33
																																		  0.00	 60.20	 58.33	 63.27	 58.16	 57.14	 57.29	 56.12	 58.16	 56.12	 57.14	 61.46	 50.00	 59.18	 57.14		Sphaerodactylus_townsendi 34
																																			  0.00	 56.25	 65.31	 54.08	 63.27	 59.38	 59.18	 63.27	 58.16	 63.27	 60.42	 58.16	 64.29	 51.02		Paroedura_picta 35
																																				  0.00	 59.38	 60.42	 58.33	 48.96	 61.46	 62.50	 63.54	 54.17	 46.88	 63.54	 64.58	 59.38		Crotalus_tigris 36
																																					  0.00	 60.20	 58.16	 57.29	 55.10	 60.20	 57.14	 63.27	 59.38	 61.22	 62.24	 57.14		Sphenodon_punctatus 37
																																						  0.00	 53.06	 54.17	 58.16	 60.20	 54.08	 60.20	 56.25	 59.18	 65.31	 40.82		Zootoca_vivipara 38
																																							  0.00	 56.25	 56.12	 58.16	 53.06	 58.16	 63.54	 50.00	 50.00	 57.14		Phrynosoma_blainvillii 39
																																								  0.00	 53.12	 63.54	 54.17	 59.38	 51.04	 52.08	 53.12	 50.00		Pituophis_catenifer 40
																																									  0.00	 60.20	 48.98	 62.24	 61.46	 48.98	 55.10	 59.18		Salvator_merianae 41
																																										  0.00	 56.12	 60.20	 60.42	 58.16	 65.31	 63.27		Eublepharis_macularius 42
																																											  0.00	 57.14	 61.46	 54.08	 57.14	 56.12		Hemicordylus_capensis 43
																																												  0.00	 61.46	 50.00	 58.16	 58.16		Plestiodon_gilberti 44
																																													  0.00	 62.50	 70.83	 57.29		Laticauda_colubrina 45
																																														  0.00	 50.00	 53.06		Sceloporus_occidentalis 46
																																															  0.00	 60.20		Varanus_salvator 47
																																																  0.00		Podarci_raffonei 48
