Distance Matrix
---------------

Uncorrected for Multiple Substitutions
Using base positions 3 in the codon
Gap weighting is 0.000000

	    1	    2	    3	    4	    5	    6	    7	    8	    9	    10	    11	    12	    13	    14	    15	    16	    17	    18	    19	    20	    21	    22	    23	    24	    25	    26	    27	    28	    29	    30	    31	    32	    33	    34	    35	    36	    37	    38	    39	    40	    41	    42	    43	    44	    45	    46	    47	    48	    49	    50	    51	    52	    53	    54	    55
	  0.00	 48.25	 56.14	 54.39	 48.65	 46.49	 49.12	 57.02	 58.77	 48.25	 64.04	 60.53	 51.75	 53.57	 58.72	 55.26	 59.65	 53.51	 55.26	 54.39	 35.96	 52.68	 54.87	 55.26	 61.40	 50.88	 37.72	 31.58	 49.11	 57.89	 50.00	 61.40	 46.49	 58.77	 57.02	 49.12	 53.98	 57.14	 67.54	 47.32	 62.28	 50.00	 50.00	 57.02	 55.26	 42.11	 51.75	 55.56	 50.00	 55.36	 60.53	 45.61	 56.14	 60.53	 59.65		Arizona_elegans 1
		  0.00	 59.65	 43.86	 54.95	 42.98	 49.12	 59.65	 62.28	 46.49	 64.04	 65.79	 41.23	 63.39	 55.05	 54.39	 63.16	 43.86	 50.00	 52.63	 45.61	 54.46	 65.49	 47.37	 66.67	 54.39	 36.84	 44.74	 54.46	 60.53	 52.63	 62.28	 42.11	 59.65	 61.40	 50.88	 60.18	 58.93	 49.12	 50.89	 60.53	 44.74	 61.40	 67.54	 60.53	 39.47	 53.51	 54.44	 62.28	 58.04	 61.40	 45.61	 59.65	 61.40	 62.28		Thermophis_baileyi 2
			  0.00	 60.53	 52.68	 53.51	 53.51	 63.16	 53.04	 57.02	 54.78	 56.52	 55.26	 50.44	 56.36	 53.91	 53.91	 56.14	 48.70	 48.70	 60.53	 59.29	 49.12	 54.39	 52.17	 61.40	 57.02	 56.14	 55.75	 54.78	 61.40	 55.65	 49.12	 60.87	 60.87	 48.25	 55.26	 53.10	 64.35	 57.14	 62.61	 59.65	 59.13	 62.61	 53.04	 58.77	 57.89	 50.55	 52.17	 51.33	 60.00	 56.14	 57.39	 60.00	 61.74		Elgaria_multicarinata 3
				  0.00	 52.25	 50.00	 48.25	 51.75	 58.77	 51.75	 66.67	 54.39	 49.12	 64.29	 63.30	 60.53	 62.28	 48.25	 56.14	 60.53	 57.89	 58.93	 58.41	 47.37	 57.89	 50.00	 46.49	 48.25	 52.68	 50.00	 55.26	 63.16	 45.61	 58.77	 54.39	 47.37	 51.33	 62.50	 57.02	 49.11	 58.77	 47.37	 57.02	 57.02	 63.16	 50.00	 48.25	 55.56	 57.89	 51.79	 64.04	 49.12	 57.02	 64.91	 58.77		Thamnophis_elegans 4
					  0.00	 51.35	 50.45	 52.25	 51.79	 59.46	 54.46	 51.79	 49.55	 54.55	 55.96	 57.14	 50.00	 60.36	 47.32	 53.57	 51.35	 45.05	 46.43	 51.35	 54.46	 55.86	 59.46	 54.95	 21.43	 50.00	 54.05	 51.79	 54.95	 48.21	 50.89	 49.55	 51.35	 54.05	 60.71	 53.21	 55.36	 50.45	 54.46	 54.46	 54.46	 60.36	 50.45	 38.46	 51.79	 47.27	 54.46	 56.76	 47.32	 58.93	 56.25		Aspidocelis_tigris 5
						  0.00	 35.96	 49.12	 50.88	 35.96	 62.28	 62.28	 43.86	 56.25	 56.88	 51.75	 60.53	 48.25	 48.25	 46.49	 50.00	 55.36	 49.56	 33.33	 62.28	 57.02	 40.35	 51.75	 49.11	 58.77	 52.63	 53.51	 39.47	 55.26	 64.04	 29.82	 50.44	 56.25	 60.53	 52.68	 59.65	 35.09	 52.63	 50.88	 48.25	 48.25	 49.12	 47.78	 54.39	 60.71	 57.89	 47.37	 58.77	 51.75	 64.91		Azemiops_feae 6
							  0.00	 42.98	 55.26	 47.37	 63.16	 53.51	 50.88	 58.04	 58.72	 61.40	 59.65	 46.49	 57.89	 57.02	 54.39	 50.00	 56.64	 42.11	 65.79	 50.00	 47.37	 50.00	 53.57	 55.26	 50.00	 63.16	 49.12	 62.28	 57.89	 35.09	 46.02	 56.25	 64.91	 42.86	 54.39	 42.98	 50.88	 53.51	 55.26	 49.12	 51.75	 50.00	 57.02	 62.50	 61.40	 47.37	 63.16	 64.04	 61.40		Daboia_siamensis 7
								  0.00	 56.14	 51.75	 66.67	 60.53	 51.75	 52.68	 60.55	 56.14	 57.89	 46.49	 50.00	 52.63	 56.14	 52.68	 60.18	 51.75	 61.40	 43.86	 53.51	 57.89	 55.36	 58.77	 50.88	 57.89	 49.12	 56.14	 58.77	 56.14	 54.87	 57.14	 59.65	 51.79	 59.65	 51.75	 59.65	 53.51	 50.00	 56.14	 58.77	 47.78	 64.04	 57.14	 54.39	 50.00	 53.51	 57.02	 64.91		Charina_bottae 8
									  0.00	 56.14	 49.57	 57.39	 55.26	 55.75	 54.55	 52.17	 56.52	 58.77	 43.48	 46.96	 63.16	 49.56	 47.37	 52.63	 51.30	 60.53	 57.89	 61.40	 51.33	 53.04	 61.40	 53.91	 58.77	 53.91	 58.26	 52.63	 47.37	 53.98	 62.61	 58.04	 63.48	 56.14	 52.17	 50.43	 53.04	 59.65	 57.02	 42.86	 53.91	 54.87	 55.65	 57.89	 52.17	 56.52	 53.04		Shinisaurus_crocodilurus 9
										  0.00	 64.04	 58.77	 50.88	 57.14	 57.80	 48.25	 59.65	 50.88	 50.00	 45.61	 52.63	 59.82	 56.64	 45.61	 57.02	 51.75	 44.74	 50.00	 57.14	 55.26	 56.14	 63.16	 40.35	 57.02	 60.53	 42.11	 50.44	 58.93	 62.28	 52.68	 57.89	 48.25	 54.39	 56.14	 57.02	 52.63	 46.49	 51.11	 56.14	 60.71	 62.28	 46.49	 52.63	 58.77	 53.51		Ophiophagus_hannah 10
											  0.00	 61.74	 65.79	 45.13	 56.36	 53.91	 50.43	 62.28	 47.83	 54.78	 66.67	 49.56	 53.51	 63.16	 53.91	 67.54	 67.54	 66.67	 56.64	 54.78	 65.79	 54.78	 57.89	 52.17	 55.65	 62.28	 56.14	 51.33	 70.43	 59.82	 66.96	 63.16	 60.87	 60.87	 48.70	 63.16	 62.28	 49.45	 58.26	 57.52	 47.83	 65.79	 53.04	 68.70	 60.00		Anolis_sagrei 11
												  0.00	 68.42	 56.64	 51.82	 56.52	 57.39	 62.28	 58.26	 61.74	 63.16	 57.52	 50.88	 57.89	 45.22	 57.02	 62.28	 61.40	 55.75	 16.52	 57.02	 62.61	 61.40	 54.78	 29.57	 59.65	 59.65	 60.18	 65.22	 56.25	 53.04	 56.14	 55.65	 40.00	 54.78	 67.54	 67.54	 49.45	 57.39	 56.64	 55.65	 60.53	 52.17	 61.74	 48.70		Lacerta_bilineata 12
													  0.00	 59.82	 61.47	 51.75	 57.89	 49.12	 50.88	 50.00	 48.25	 50.89	 65.49	 41.23	 60.53	 53.51	 44.74	 55.26	 55.36	 64.04	 50.88	 59.65	 46.49	 56.14	 59.65	 50.88	 53.98	 54.46	 50.88	 49.11	 58.77	 45.61	 61.40	 58.77	 58.77	 55.26	 43.86	 55.56	 57.89	 62.50	 66.67	 49.12	 57.02	 60.53	 64.04		Imantodes_cenchoa 13
														  0.00	 51.85	 54.87	 51.33	 60.71	 49.56	 53.10	 56.25	 48.65	 52.68	 58.04	 51.33	 58.93	 64.29	 59.82	 59.46	 54.87	 63.39	 53.10	 48.21	 50.44	 53.98	 59.82	 52.68	 50.45	 62.83	 55.45	 65.49	 65.18	 60.18	 57.52	 46.02	 61.61	 64.29	 46.07	 54.87	 51.35	 52.21	 59.82	 46.90	 54.87	 61.95		Phrynocephalus_versicolor 14
															  0.00	 46.36	 60.91	 56.88	 43.64	 46.36	 54.13	 50.00	 52.73	 56.88	 58.18	 63.30	 61.47	 56.88	 57.80	 56.36	 63.30	 54.55	 54.13	 50.00	 50.91	 62.39	 52.29	 58.72	 60.00	 63.30	 58.18	 63.30	 64.55	 58.18	 50.00	 58.72	 68.81	 51.65	 58.18	 54.55	 51.82	 58.72	 53.64	 52.73	 55.45		Cryptoblepharus_egeriae 15
																  0.00	 52.17	 57.02	 36.52	 22.61	 54.39	 52.21	 56.14	 52.63	 51.30	 57.02	 56.14	 55.26	 57.52	 53.91	 58.77	 52.17	 48.25	 52.17	 55.65	 63.16	 47.37	 53.98	 64.35	 59.82	 59.13	 54.39	 58.26	 57.39	 45.22	 58.77	 57.89	 49.45	 55.65	 52.21	 52.17	 52.63	 50.43	 47.83	 58.26		Iguana_delicatissima 16
																	  0.00	 63.16	 52.17	 53.91	 63.16	 53.98	 57.02	 57.02	 54.78	 54.39	 62.28	 64.91	 57.52	 56.52	 53.51	 47.83	 54.39	 53.91	 52.17	 62.28	 49.12	 58.41	 65.22	 54.46	 60.00	 57.02	 52.17	 56.52	 46.96	 64.04	 62.28	 41.76	 52.17	 53.10	 49.57	 60.53	 49.57	 61.74	 54.78		Anolis_carolinensis 17
																		  0.00	 50.00	 49.12	 57.89	 65.18	 57.52	 39.47	 59.65	 53.51	 48.25	 55.26	 62.50	 59.65	 58.77	 65.79	 46.49	 57.89	 60.53	 45.61	 50.44	 57.14	 55.26	 58.04	 63.16	 42.98	 57.89	 51.75	 64.04	 50.88	 49.12	 56.67	 65.79	 58.04	 61.40	 49.12	 61.40	 62.28	 57.89		Myanophis_thanlyinensis 18
																			  0.00	 38.26	 56.14	 46.02	 51.75	 53.51	 53.04	 61.40	 57.02	 55.26	 47.79	 52.17	 61.40	 50.43	 51.75	 44.35	 54.78	 51.75	 50.00	 47.79	 62.61	 53.57	 57.39	 53.51	 56.52	 60.87	 44.35	 49.12	 60.53	 45.05	 51.30	 50.44	 47.83	 55.26	 44.35	 49.57	 60.00		Cyclura_pinguis 19
																				  0.00	 54.39	 53.98	 52.63	 46.49	 51.30	 57.02	 53.51	 58.77	 54.87	 56.52	 64.04	 48.70	 44.74	 43.48	 59.13	 55.26	 48.25	 52.21	 59.13	 58.04	 60.00	 52.63	 51.30	 55.65	 43.48	 53.51	 54.39	 46.15	 55.65	 53.98	 56.52	 48.25	 50.43	 47.83	 55.65		Ctenosaura_bakeri 20
																					  0.00	 54.46	 60.18	 58.77	 57.02	 55.26	 37.72	 38.60	 56.25	 59.65	 40.35	 64.04	 48.25	 52.63	 62.28	 51.75	 57.52	 55.36	 60.53	 50.89	 62.28	 56.14	 57.02	 53.51	 57.02	 43.86	 57.89	 57.78	 58.77	 56.25	 67.54	 45.61	 53.51	 61.40	 62.28		Ptyas_mucosa 21
																						  0.00	 53.98	 58.93	 58.41	 57.14	 57.14	 60.71	 48.21	 51.33	 58.04	 50.44	 57.14	 46.02	 51.33	 56.25	 46.43	 53.57	 60.18	 52.73	 56.64	 58.04	 59.29	 61.95	 38.94	 66.96	 59.82	 49.45	 46.90	 52.25	 53.98	 56.25	 43.36	 53.10	 61.06		Lerista_edwardsae 22
																							  0.00	 55.75	 51.75	 60.18	 59.29	 55.75	 51.33	 46.49	 55.75	 58.77	 48.67	 61.40	 55.26	 53.10	 48.67	 50.44	 62.28	 54.95	 62.28	 53.98	 52.63	 56.14	 60.53	 65.49	 58.41	 46.15	 42.98	 44.64	 51.75	 64.60	 59.65	 50.00	 57.89		Lepidodactylus_listeri 23
																								  0.00	 54.39	 60.53	 47.37	 62.28	 52.68	 51.75	 57.89	 57.02	 43.86	 56.14	 60.53	 39.47	 47.79	 58.04	 54.39	 56.25	 66.67	 35.09	 58.77	 52.63	 53.51	 57.02	 42.98	 57.78	 64.91	 57.14	 63.16	 47.37	 57.89	 59.65	 56.14		Bothrops_jararaca 24
																									  0.00	 63.16	 57.89	 66.67	 60.18	 38.26	 67.54	 51.30	 54.39	 53.04	 46.96	 63.16	 55.26	 60.18	 62.61	 58.04	 53.04	 51.75	 63.48	 49.57	 53.04	 63.16	 63.16	 56.04	 57.39	 51.33	 60.00	 60.53	 53.91	 54.78	 36.52		Podarcis_muralis 25
																										  0.00	 47.37	 51.75	 61.61	 55.26	 54.39	 59.65	 50.00	 63.16	 53.51	 53.51	 58.41	 62.50	 60.53	 52.68	 56.14	 54.39	 57.89	 61.40	 55.26	 57.89	 59.65	 52.22	 59.65	 63.39	 66.67	 56.14	 58.77	 58.77	 58.77		Morelia_viridis 26
																											  0.00	 45.61	 55.36	 55.26	 46.49	 61.40	 45.61	 56.14	 64.91	 46.49	 54.87	 55.36	 52.63	 55.36	 61.40	 47.37	 54.39	 59.65	 55.26	 44.74	 54.39	 55.56	 59.65	 57.14	 66.67	 40.35	 58.77	 57.89	 60.53		Diadophis_punctatus 27
																												  0.00	 53.57	 58.77	 50.88	 64.04	 49.12	 59.65	 57.89	 45.61	 57.52	 58.04	 71.05	 44.64	 65.79	 57.02	 52.63	 65.79	 64.91	 29.82	 55.26	 58.89	 57.89	 57.14	 67.54	 45.61	 62.28	 63.16	 60.53		Pantherophis_guttatus 28
																													  0.00	 49.56	 64.29	 51.33	 58.04	 52.21	 52.21	 51.79	 56.25	 54.46	 59.29	 54.55	 64.60	 50.00	 52.21	 53.98	 53.10	 59.82	 58.04	 50.55	 54.87	 49.55	 61.06	 55.36	 54.87	 58.41	 53.98		Aspidoscelis_marmoratus 29
																														  0.00	 57.89	 57.39	 56.14	 52.17	 23.48	 55.26	 57.89	 54.87	 61.74	 57.14	 54.78	 50.88	 49.57	 41.74	 49.57	 63.16	 64.04	 51.65	 57.39	 51.33	 52.17	 58.77	 49.57	 51.30	 47.83		Lacerta_viridis 30
																															  0.00	 69.30	 51.75	 57.02	 57.89	 54.39	 61.06	 61.61	 67.54	 49.11	 58.77	 55.26	 57.89	 57.02	 62.28	 58.77	 55.26	 51.11	 56.14	 63.39	 61.40	 51.75	 58.77	 60.53	 63.16		Boaedon_fuliginosus 31
																																  0.00	 52.63	 42.61	 60.87	 61.40	 50.88	 49.56	 66.96	 60.71	 61.74	 62.28	 56.52	 58.26	 25.22	 64.04	 64.91	 52.75	 51.30	 53.98	 55.65	 56.14	 48.70	 55.65	 58.26		Phrynosoma_platyrhinos 32
																																	  0.00	 51.75	 58.77	 48.25	 44.25	 50.89	 57.89	 42.86	 56.14	 46.49	 54.39	 59.65	 48.25	 49.12	 51.75	 45.56	 52.63	 50.89	 56.14	 37.72	 56.14	 52.63	 58.77		Naja_naja 33
																																		  0.00	 56.52	 57.02	 47.37	 56.64	 64.35	 62.50	 58.26	 60.53	 61.74	 52.17	 39.13	 64.04	 60.53	 48.35	 58.26	 50.44	 53.91	 58.77	 27.83	 53.04	 57.39		Sceloporus_tristichus 34
																																			  0.00	 64.91	 57.89	 58.41	 60.00	 60.71	 60.87	 56.14	 52.17	 47.83	 51.30	 65.79	 64.91	 54.95	 57.39	 54.87	 50.43	 59.65	 51.30	 51.30	 49.57		Lacerta_agilis 35
																																				  0.00	 52.21	 50.00	 63.16	 53.57	 60.53	 36.84	 59.65	 60.53	 60.53	 51.75	 50.88	 54.44	 61.40	 60.71	 58.77	 48.25	 57.02	 62.28	 60.53		Protobothrops_mucrosquamatus 36
																																					  0.00	 53.57	 59.65	 55.86	 55.26	 54.87	 46.49	 60.53	 49.12	 54.87	 53.98	 43.33	 48.25	 45.54	 56.14	 50.44	 47.37	 54.39	 58.77		Pogona_vitticeps 37
																																						  0.00	 62.83	 60.00	 61.95	 61.61	 58.41	 61.95	 48.67	 59.82	 58.04	 43.33	 54.87	 52.25	 49.56	 52.68	 53.10	 61.06	 58.41		Gekko_japonicus 38
																																							  0.00	 72.32	 60.00	 55.26	 64.35	 60.00	 68.70	 68.42	 58.77	 58.24	 70.43	 62.83	 61.74	 67.54	 60.87	 57.39	 64.35		Sphaerodactylus_townsendi 39
																																								  0.00	 66.07	 48.21	 49.11	 57.14	 54.46	 47.32	 48.21	 54.44	 41.96	 58.93	 58.04	 38.39	 63.39	 62.50	 60.71		Bungarus_multicintus 40
																																									  0.00	 55.26	 66.96	 56.52	 59.13	 67.54	 61.40	 51.65	 58.26	 68.14	 60.87	 63.16	 60.87	 61.74	 56.52		Paroedura_picta 41
																																										  0.00	 56.14	 53.51	 60.53	 57.89	 49.12	 51.11	 60.53	 61.61	 57.02	 50.88	 65.79	 61.40	 51.75		Crotalus_tigris 42
																																											  0.00	 53.91	 50.43	 51.75	 56.14	 51.65	 55.65	 57.52	 57.39	 56.14	 60.00	 61.74	 61.74		Sphenodon_punctatus 43
																																												  0.00	 52.17	 67.54	 57.02	 53.85	 62.61	 61.95	 60.00	 60.53	 59.13	 59.13	 44.35		Zootoca_vivipara 44
																																													  0.00	 59.65	 61.40	 48.35	 50.43	 55.75	 52.17	 51.75	 39.13	 54.78	 60.00		Phrynosoma_blainvillii 45
																																														  0.00	 53.51	 56.67	 60.53	 60.71	 67.54	 45.61	 64.91	 57.89	 68.42		Pituophis_catenifer 46
																																															  0.00	 57.78	 59.65	 58.93	 60.53	 48.25	 63.16	 64.91	 62.28		Tropidonophis_doriae 47
																																																  0.00	 49.45	 53.85	 41.76	 51.11	 49.45	 53.85	 59.34		Salvator_merianae 48
																																																	  0.00	 49.56	 51.30	 49.12	 55.65	 59.13	 60.00		Eublepharis_macularius 49
																																																		  0.00	 51.33	 57.14	 53.10	 53.10	 60.18		Hemicordylus_capensis 50
																																																			  0.00	 61.40	 51.30	 61.74	 61.74		Plestiodon_gilberti 51
																																																				  0.00	 61.40	 59.65	 55.26		Laticauda_colubrina 52
																																																					  0.00	 55.65	 60.87		Sceloporus_occidentalis 53
																																																						  0.00	 64.35		Varanus_salvator 54
																																																							  0.00		Podarci_raffonei 55
