Distance Matrix
---------------

Uncorrected for Multiple Substitutions
Using base positions 3 in the codon
Gap weighting is 0.000000

	    1	    2	    3	    4	    5	    6	    7	    8	    9	    10	    11	    12	    13	    14	    15	    16	    17	    18	    19	    20	    21	    22	    23	    24	    25	    26	    27	    28	    29	    30	    31	    32	    33	    34	    35	    36	    37	    38	    39	    40	    41	    42	    43	    44	    45	    46	    47	    48	    49	    50	    51	    52	    53	    54	    55
	  0.00	 43.03	 53.05	 43.42	 52.26	 48.33	 48.82	 51.08	 54.62	 45.19	 53.24	 54.22	 42.44	 53.74	 57.96	 56.58	 55.60	 46.37	 51.87	 35.95	 49.71	 51.47	 49.71	 55.99	 53.63	 47.35	 43.81	 31.24	 51.87	 52.85	 43.61	 50.29	 49.31	 54.81	 53.83	 45.78	 52.06	 56.39	 54.33	 47.35	 60.31	 49.31	 48.53	 55.01	 51.87	 33.01	 45.19	 54.03	 52.06	 53.24	 54.03	 47.54	 52.85	 54.33	 52.85		Arizona_elegans 1
		  0.00	 57.23	 42.04	 56.56	 47.47	 51.77	 44.40	 59.11	 42.40	 55.56	 59.14	 42.21	 57.98	 60.39	 53.98	 60.89	 48.03	 48.93	 44.84	 55.10	 56.16	 46.15	 55.66	 62.65	 46.76	 41.45	 47.96	 57.70	 58.17	 46.37	 59.22	 43.34	 58.64	 59.14	 45.03	 56.23	 57.09	 52.62	 48.72	 60.70	 48.97	 53.49	 59.03	 57.48	 46.15	 45.97	 57.53	 60.31	 56.86	 56.25	 49.34	 54.56	 57.01	 58.37		Thermophis_baileyi 2
			  0.00	 57.37	 53.82	 52.73	 55.31	 53.63	 51.37	 56.45	 53.53	 52.34	 53.71	 54.79	 55.88	 56.64	 52.34	 56.84	 52.54	 55.86	 48.43	 50.29	 54.10	 56.05	 51.95	 54.22	 55.40	 51.76	 52.93	 50.78	 56.39	 51.95	 57.62	 56.45	 52.15	 54.30	 54.30	 57.93	 55.58	 55.40	 57.53	 60.35	 53.32	 54.49	 53.91	 54.69	 53.44	 53.62	 49.61	 53.53	 54.44	 54.30	 53.91	 55.88	 51.17		Elgaria_multicarinata 3
				  0.00	 51.28	 47.35	 47.64	 45.38	 57.37	 44.40	 53.63	 57.56	 41.65	 52.95	 55.60	 51.67	 59.92	 44.40	 50.29	 45.19	 53.63	 54.42	 48.72	 54.81	 60.71	 46.56	 46.76	 43.03	 54.42	 58.15	 41.45	 54.81	 48.13	 55.40	 58.94	 46.17	 52.06	 55.99	 51.57	 47.35	 58.94	 49.51	 51.28	 55.80	 55.99	 42.44	 42.63	 55.21	 57.96	 52.85	 59.68	 48.13	 52.85	 53.15	 59.33		Thamnophis_elegans 4
					  0.00	 55.38	 53.54	 53.44	 54.99	 54.01	 49.71	 55.58	 54.60	 55.29	 55.80	 55.38	 51.47	 52.05	 50.68	 53.42	 51.47	 54.12	 56.95	 54.21	 54.99	 53.24	 54.03	 50.88	 23.68	 57.93	 54.62	 51.08	 54.21	 57.73	 52.05	 54.21	 56.16	 57.45	 54.90	 58.55	 56.08	 57.34	 50.88	 52.25	 49.71	 50.88	 53.05	 46.38	 57.73	 54.03	 57.66	 57.73	 57.34	 57.17	 54.79		Aspidocelis_tigris 5
						  0.00	 45.67	 48.92	 58.91	 42.78	 55.75	 56.42	 47.47	 56.81	 57.45	 52.82	 57.00	 47.84	 51.07	 47.47	 53.73	 56.56	 40.90	 56.45	 57.39	 46.76	 49.31	 44.85	 54.78	 54.28	 46.95	 53.40	 49.72	 55.73	 55.84	 38.84	 53.70	 57.09	 53.59	 52.06	 62.65	 43.53	 52.71	 54.56	 53.01	 46.72	 49.51	 56.36	 54.58	 55.49	 59.88	 48.78	 52.23	 55.87	 55.45		Azemiops_feae 6
							  0.00	 52.76	 58.66	 48.62	 55.71	 58.66	 47.24	 59.57	 58.86	 54.72	 59.25	 52.56	 53.54	 47.24	 54.53	 55.12	 45.67	 54.92	 56.89	 49.61	 48.23	 47.24	 55.31	 58.86	 47.83	 53.35	 51.18	 55.51	 59.84	 45.08	 59.06	 60.43	 59.96	 48.23	 62.99	 52.36	 55.31	 55.51	 53.15	 46.46	 47.44	 55.31	 58.07	 55.12	 57.26	 48.82	 55.12	 56.21	 58.27		Daboia_siamensis 7
								  0.00	 57.96	 47.94	 56.58	 56.78	 49.12	 55.51	 54.62	 51.67	 59.33	 47.74	 52.65	 50.88	 55.60	 52.65	 48.72	 59.33	 60.90	 44.99	 50.49	 49.90	 55.21	 56.97	 45.58	 57.37	 50.69	 58.55	 56.97	 47.94	 54.42	 57.37	 56.10	 51.08	 57.56	 51.87	 55.40	 56.19	 54.81	 49.90	 50.49	 56.97	 57.96	 56.97	 59.48	 51.28	 54.81	 57.28	 58.94		Charina_bottae 8
									  0.00	 56.40	 53.22	 56.61	 55.81	 62.65	 51.96	 56.50	 55.84	 58.53	 54.95	 57.56	 53.14	 54.60	 61.05	 56.84	 56.42	 59.92	 57.96	 55.53	 57.12	 56.03	 55.80	 53.59	 56.98	 59.03	 53.89	 59.88	 56.03	 58.83	 57.48	 57.17	 61.09	 62.40	 52.91	 56.31	 53.98	 58.53	 59.92	 54.01	 56.20	 51.96	 53.23	 56.78	 58.64	 53.70	 55.06		Shinisaurus_crocodilurus 9
										  0.00	 53.22	 57.00	 44.47	 54.09	 56.27	 50.10	 53.89	 44.28	 48.74	 46.34	 54.51	 53.42	 44.65	 54.49	 59.34	 47.74	 48.92	 47.18	 55.56	 55.64	 45.78	 53.79	 40.34	 54.17	 53.11	 40.90	 52.72	 56.31	 53.79	 43.81	 62.65	 48.41	 49.22	 53.01	 55.53	 44.28	 40.86	 54.21	 57.63	 52.16	 59.27	 44.28	 53.40	 53.41	 57.20		Ophiophagus_hannah 10
											  0.00	 52.54	 54.00	 53.12	 54.12	 51.46	 43.36	 57.70	 49.71	 52.44	 51.57	 56.86	 56.34	 56.27	 50.98	 54.03	 53.05	 54.78	 48.63	 51.17	 52.65	 45.61	 54.97	 50.88	 51.17	 56.14	 56.64	 56.92	 56.73	 54.22	 56.34	 58.09	 48.54	 48.34	 45.22	 52.24	 55.80	 50.29	 50.49	 52.75	 52.62	 53.80	 47.95	 56.14	 50.00		Anolis_sagrei 11
												  0.00	 57.59	 54.78	 55.69	 52.53	 52.92	 58.56	 52.53	 55.25	 51.57	 55.77	 57.39	 58.79	 42.22	 58.55	 58.35	 55.45	 54.58	 12.84	 52.65	 48.05	 57.98	 54.09	 38.33	 56.03	 54.67	 57.89	 59.45	 56.19	 59.26	 58.17	 55.25	 45.14	 52.72	 56.23	 52.85	 55.58	 53.89	 55.88	 55.44	 53.50	 54.67	 61.13	 40.47		Lacerta_bilineata 12
													  0.00	 55.06	 58.82	 57.28	 56.61	 47.47	 52.23	 43.34	 51.76	 54.99	 48.97	 53.91	 57.20	 48.33	 45.38	 42.52	 54.39	 57.39	 43.42	 54.76	 48.78	 56.12	 57.00	 46.72	 54.47	 56.50	 57.86	 45.58	 62.45	 51.78	 51.55	 55.15	 54.37	 43.34	 47.54	 54.40	 54.96	 52.94	 56.05	 46.90	 54.76	 53.41	 55.84		Imantodes_cenchoa 13
														  0.00	 61.49	 54.67	 55.56	 56.61	 50.97	 53.11	 53.24	 57.45	 56.81	 58.90	 53.80	 52.76	 53.35	 52.53	 53.52	 53.80	 52.17	 55.84	 57.00	 58.95	 55.75	 56.81	 48.83	 59.65	 56.92	 60.24	 59.06	 57.78	 52.04	 54.28	 56.23	 52.33	 55.51	 52.75	 53.70	 54.62	 56.16	 55.84	 58.17	 56.84	 55.75		Phrynocephalus_versicolor 14
															  0.00	 51.57	 58.43	 60.20	 53.33	 60.59	 52.75	 56.08	 54.12	 59.41	 59.61	 58.55	 60.31	 60.78	 58.82	 54.90	 57.76	 56.47	 57.65	 52.55	 55.88	 57.06	 53.73	 59.61	 52.06	 62.48	 58.82	 57.45	 53.73	 55.88	 54.31	 62.35	 58.35	 59.72	 58.82	 53.53	 54.64	 60.00	 50.20	 58.55	 55.69		Cryptoblepharus_egeriae 15
																  0.00	 54.67	 53.79	 37.28	 53.79	 54.31	 52.84	 52.82	 52.73	 53.31	 55.60	 53.24	 56.70	 55.36	 51.36	 52.46	 51.26	 53.59	 51.46	 51.75	 51.26	 54.86	 57.59	 51.17	 53.44	 57.98	 54.95	 53.59	 51.65	 50.10	 54.37	 53.83	 54.60	 53.01	 51.57	 55.85	 53.40	 50.10	 55.95	 50.58		Iguana_delicatissima 16
																	  0.00	 60.12	 53.31	 57.78	 53.14	 58.90	 60.70	 57.62	 49.61	 58.74	 57.37	 54.86	 48.73	 50.39	 55.40	 49.42	 59.73	 52.14	 50.00	 58.95	 59.34	 55.75	 59.26	 57.37	 56.53	 59.53	 55.45	 48.64	 48.83	 54.86	 56.78	 49.32	 54.28	 54.12	 54.84	 55.45	 50.97	 57.62	 48.25		Anolis_carolinensis 17
																		  0.00	 53.01	 49.16	 57.25	 55.19	 51.97	 59.38	 59.34	 50.88	 48.33	 48.16	 54.97	 57.20	 46.95	 54.95	 48.22	 58.06	 55.25	 45.78	 53.89	 60.39	 54.95	 51.08	 61.48	 52.35	 51.74	 56.12	 58.83	 48.22	 43.42	 56.16	 57.82	 53.92	 56.45	 48.78	 53.79	 56.82	 59.34		Myanophis_thanlyinensis 18
																			  0.00	 52.43	 50.39	 51.08	 53.40	 51.95	 52.53	 53.63	 54.42	 52.04	 51.07	 51.56	 50.10	 48.93	 52.62	 48.93	 53.31	 51.07	 51.56	 57.59	 51.75	 55.40	 58.17	 55.73	 46.80	 48.54	 46.21	 52.04	 52.06	 52.45	 52.04	 47.65	 52.82	 51.65	 46.60	 49.90	 50.19		Cyclura_pinguis 19
																				  0.00	 51.76	 51.86	 50.09	 58.98	 55.25	 48.53	 44.99	 36.89	 54.19	 53.70	 44.20	 53.01	 49.91	 55.34	 57.59	 48.41	 54.67	 58.25	 57.09	 46.56	 62.26	 51.22	 52.91	 52.23	 55.53	 34.15	 49.31	 54.01	 52.86	 55.10	 57.26	 45.78	 54.37	 60.04	 53.11		Ptyas_mucosa 20
																					  0.00	 53.73	 52.35	 57.06	 52.55	 54.62	 54.22	 51.57	 50.00	 51.57	 51.47	 49.80	 53.73	 52.94	 52.55	 55.88	 56.47	 55.10	 56.78	 54.22	 59.80	 57.65	 50.59	 49.41	 48.63	 52.35	 54.03	 55.40	 48.43	 52.55	 50.40	 55.10	 55.49	 56.58	 50.59		Lerista_edwardsae 21
																						  0.00	 51.47	 61.25	 52.84	 54.81	 55.40	 53.23	 53.82	 55.77	 52.06	 53.03	 55.77	 56.16	 54.21	 51.86	 54.99	 52.05	 54.90	 52.46	 59.88	 56.95	 51.47	 51.66	 53.23	 55.97	 54.03	 53.14	 54.40	 53.33	 55.65	 55.19	 53.62	 56.86	 53.23		Lepidodactylus_listeri 22
																							  0.00	 56.84	 59.73	 50.88	 47.94	 51.65	 56.92	 57.00	 46.17	 57.86	 45.59	 55.15	 57.59	 36.40	 54.67	 58.25	 53.40	 52.46	 62.84	 42.03	 53.29	 57.09	 54.17	 50.28	 50.29	 56.56	 59.73	 55.69	 57.26	 50.28	 52.82	 54.92	 56.81		Bothrops_jararaca 23
																								  0.00	 59.96	 57.17	 55.01	 57.81	 55.66	 57.81	 58.35	 55.86	 57.23	 55.27	 58.40	 55.86	 56.84	 59.30	 56.75	 58.55	 62.04	 56.25	 55.27	 58.98	 56.05	 56.25	 57.96	 55.38	 54.88	 54.71	 55.85	 58.59	 57.03	 43.92	 57.42		Varanus_komodoensis 24
																									  0.00	 55.99	 57.17	 56.23	 51.27	 43.77	 56.19	 46.30	 59.34	 53.31	 42.02	 59.14	 57.20	 58.09	 60.43	 56.19	 58.09	 58.75	 57.20	 38.33	 50.97	 55.64	 61.30	 53.62	 48.83	 53.73	 51.81	 53.89	 54.47	 60.16	 25.49		Podarcis_muralis 25
																										  0.00	 52.46	 47.94	 55.21	 56.78	 47.74	 57.96	 47.54	 57.56	 55.21	 48.92	 54.81	 59.14	 55.12	 51.08	 59.33	 52.06	 53.83	 55.01	 56.58	 46.37	 47.94	 56.78	 55.40	 54.42	 56.85	 46.37	 56.58	 57.09	 57.76		Morelia_viridis 26
																											  0.00	 45.19	 53.44	 57.37	 47.35	 53.05	 48.13	 55.80	 58.94	 46.37	 55.60	 59.14	 53.74	 46.17	 62.28	 49.31	 51.67	 56.19	 53.63	 44.99	 44.79	 52.06	 54.42	 56.39	 58.27	 52.06	 56.19	 57.48	 55.80		Diadophis_punctatus 27
																												  0.00	 51.66	 57.20	 41.65	 49.90	 50.10	 55.15	 55.84	 47.57	 52.92	 58.17	 57.20	 46.17	 59.34	 52.62	 51.07	 55.53	 52.82	 28.35	 46.56	 51.86	 51.65	 58.04	 55.85	 46.80	 55.53	 54.39	 56.81		Pantherophis_guttatus 28
																													  0.00	 55.17	 51.87	 49.90	 53.61	 56.34	 51.46	 57.70	 58.67	 58.01	 56.92	 59.14	 58.20	 58.67	 51.46	 50.68	 52.63	 53.02	 52.26	 47.55	 58.48	 53.33	 53.83	 56.14	 55.36	 58.59	 51.46		Aspidoscelis_marmoratus 29
																														  0.00	 52.85	 46.89	 57.78	 52.14	 38.72	 53.11	 55.06	 55.56	 57.12	 57.37	 59.84	 56.03	 53.70	 43.58	 51.56	 54.47	 54.22	 55.38	 52.92	 55.10	 54.23	 53.70	 53.11	 59.96	 39.11		Lacerta_viridis 30
																															  0.00	 51.87	 47.94	 55.40	 55.40	 50.29	 54.42	 57.96	 57.28	 48.33	 60.71	 51.08	 52.85	 55.01	 55.40	 43.81	 45.58	 51.67	 51.67	 57.37	 56.85	 49.71	 55.80	 56.10	 55.60		Boaedon_fuliginosus 31
																																  0.00	 55.73	 47.96	 48.83	 52.04	 57.78	 57.20	 58.37	 54.22	 57.98	 55.53	 52.62	 46.41	 32.23	 50.87	 53.05	 50.88	 51.65	 53.33	 52.42	 50.87	 48.54	 56.73	 47.08		Phrynosoma_platyrhinos 32
																																	  0.00	 57.09	 56.03	 48.22	 56.23	 57.48	 53.20	 45.19	 63.23	 49.72	 52.13	 57.09	 55.92	 50.28	 42.83	 56.95	 58.59	 52.75	 54.64	 43.71	 55.53	 55.30	 57.59		Naja_naja 33
																																		  0.00	 53.31	 53.20	 53.70	 57.59	 55.64	 56.97	 56.61	 57.48	 54.17	 52.23	 49.71	 56.31	 52.85	 55.19	 58.64	 54.51	 54.03	 56.70	 29.90	 55.95	 48.64		Sceloporus_tristichus 34
																																			  0.00	 54.47	 57.39	 54.78	 58.09	 57.96	 59.06	 61.48	 55.64	 44.94	 51.36	 56.81	 53.63	 52.05	 53.50	 54.71	 56.85	 54.86	 55.64	 58.79	 44.55		Lacerta_agilis 35
																																				  0.00	 52.72	 56.50	 52.62	 48.53	 59.34	 41.84	 48.84	 55.92	 52.43	 46.34	 47.15	 53.23	 57.25	 54.51	 56.05	 49.34	 53.01	 48.11	 57.78		Protobothrops_mucrosquamatus 36
																																					  0.00	 62.18	 54.78	 55.40	 60.23	 53.31	 50.10	 57.20	 54.67	 55.45	 51.67	 54.99	 57.39	 53.53	 58.47	 55.06	 50.19	 52.93	 55.84		Pogona_vitticeps 37
																																						  0.00	 55.25	 60.51	 55.25	 58.25	 58.06	 54.28	 57.20	 58.25	 57.96	 57.45	 56.70	 52.75	 54.44	 59.22	 57.20	 57.59	 55.95		Gekko_japonicus 38
																																							  0.00	 59.25	 57.31	 58.06	 52.43	 59.53	 59.14	 57.28	 52.95	 55.49	 58.64	 57.96	 56.36	 58.25	 54.09	 52.92	 59.06		Sphaerodactylus_townsendi 39
																																								  0.00	 60.31	 53.05	 53.83	 53.44	 55.60	 45.38	 48.13	 57.56	 55.80	 55.40	 61.49	 39.88	 54.22	 58.27	 56.97		Bungarus_multicintus 40
																																									  0.00	 64.20	 61.09	 59.34	 55.84	 58.75	 61.30	 57.65	 58.75	 58.63	 58.47	 60.51	 57.78	 61.21	 56.92		Paroedura_picta 41
																																										  0.00	 54.84	 60.39	 56.70	 52.16	 48.72	 60.47	 58.97	 55.10	 58.06	 50.47	 56.89	 57.01	 59.34		Crotalus_tigris 42
																																											  0.00	 53.40	 51.26	 51.16	 53.63	 50.88	 52.13	 45.10	 57.46	 55.23	 49.90	 51.75	 54.47		Sphenodon_punctatus 43
																																												  0.00	 47.77	 54.95	 55.80	 53.82	 50.10	 49.80	 54.84	 53.20	 51.84	 59.06	 36.38		Zootoca_vivipara 44
																																													  0.00	 53.40	 54.62	 48.14	 52.23	 51.76	 54.03	 52.04	 46.80	 54.97	 47.86		Phrynosoma_blainvillii 45
																																														  0.00	 47.35	 56.95	 52.67	 56.47	 57.66	 47.09	 54.95	 57.01	 57.39		Pituophis_catenifer 46
																																															  0.00	 53.63	 56.39	 53.83	 56.85	 47.15	 53.24	 53.54	 56.58		Tropidonophis_doriae 47
																																																  0.00	 53.82	 53.05	 57.46	 53.62	 55.58	 57.56	 52.84		Salvator_merianae 48
																																																	  0.00	 52.75	 54.23	 54.01	 56.12	 57.88	 49.42		Eublepharis_macularius 49
																																																		  0.00	 51.21	 53.33	 51.76	 54.42	 54.90		Hemicordylus_capensis 50
																																																			  0.00	 55.04	 53.43	 57.37	 54.03		Plestiodon_gilberti 51
																																																				  0.00	 52.62	 59.66	 54.09		Laticauda_colubrina 52
																																																					  0.00	 53.61	 52.33		Sceloporus_occidentalis 53
																																																						  0.00	 57.62		Varanus_salvator 54
																																																							  0.00		Podarci_raffonei 55
