Distance Matrix
---------------

Uncorrected for Multiple Substitutions
Using base positions 3 in the codon
Gap weighting is 0.000000

	    1	    2	    3	    4	    5	    6	    7	    8	    9	    10	    11	    12	    13	    14	    15	    16	    17	    18	    19	    20	    21	    22	    23	    24	    25	    26	    27	    28	    29	    30	    31	    32	    33	    34	    35	    36	    37	    38	    39	    40	    41	    42	    43	    44	    45	    46	    47	    48	    49	    50	    51	    52	    53	    54	    55	    56
	  0.00	 43.08	 56.77	 46.68	 59.72	 47.14	 51.38	 54.67	 59.45	 46.02	 56.57	 54.92	 43.87	 56.94	 56.92	 54.84	 59.86	 45.77	 55.38	 52.51	 39.55	 53.99	 60.11	 48.88	 58.61	 53.54	 50.09	 45.16	 31.09	 59.48	 57.86	 48.35	 53.35	 51.30	 55.15	 56.82	 47.67	 60.21	 57.99	 61.35	 46.26	 58.09	 49.83	 61.46	 54.58	 53.55	 32.12	 47.49	 55.94	 57.77	 56.06	 54.23	 49.05	 54.84	 58.61	 53.71		Arizona_elegans 1
		  0.00	 57.24	 39.03	 59.23	 42.61	 49.57	 52.23	 58.94	 41.60	 59.83	 54.15	 40.07	 59.62	 54.34	 54.33	 59.49	 48.31	 54.00	 52.83	 42.59	 53.10	 56.90	 47.21	 58.35	 56.68	 49.83	 37.22	 40.03	 57.07	 54.65	 47.95	 55.44	 45.41	 52.40	 57.19	 49.41	 58.53	 57.14	 57.22	 49.91	 56.83	 48.14	 58.50	 57.02	 54.50	 41.91	 47.43	 57.99	 55.82	 56.12	 55.69	 47.28	 54.24	 55.63	 56.51		Thermophis_baileyi 2
			  0.00	 55.56	 55.03	 55.50	 56.21	 55.12	 51.52	 55.17	 54.58	 52.11	 54.75	 56.10	 51.18	 49.32	 56.44	 54.79	 49.15	 49.16	 56.33	 50.76	 55.88	 58.39	 55.29	 54.64	 56.43	 57.34	 53.21	 55.08	 53.46	 61.27	 48.54	 59.76	 52.99	 55.14	 56.34	 60.82	 55.04	 52.99	 61.15	 60.03	 56.60	 58.43	 55.31	 48.22	 59.62	 56.19	 51.73	 51.28	 53.70	 54.88	 59.59	 53.65	 54.44	 55.14		Elgaria_multicarinata 3
				  0.00	 61.62	 42.31	 47.92	 49.48	 57.69	 41.62	 60.34	 53.87	 42.04	 55.44	 56.80	 51.90	 57.41	 48.02	 54.67	 53.46	 45.31	 52.60	 58.01	 51.29	 56.77	 54.56	 50.69	 43.77	 41.15	 57.99	 54.56	 44.23	 55.67	 44.46	 55.88	 54.04	 50.77	 55.65	 56.08	 55.09	 46.76	 56.85	 49.31	 57.96	 57.83	 52.68	 43.23	 42.39	 56.89	 56.85	 56.28	 56.63	 50.35	 58.10	 53.55	 53.53		Thamnophis_elegans 4
					  0.00	 58.81	 59.06	 61.15	 59.27	 58.64	 56.40	 60.17	 56.72	 55.54	 58.28	 53.29	 57.96	 56.00	 54.86	 52.34	 60.60	 56.90	 56.57	 63.30	 57.04	 56.72	 55.69	 60.66	 56.39	 24.27	 60.34	 59.86	 53.35	 57.34	 57.59	 58.62	 59.65	 56.37	 57.54	 60.45	 60.88	 61.01	 60.98	 59.69	 58.79	 52.51	 60.42	 60.56	 49.48	 54.09	 55.34	 59.90	 62.41	 55.88	 56.35	 57.76		Aspidocelis_tigris 5
						  0.00	 41.55	 49.66	 58.40	 46.52	 58.54	 55.82	 44.56	 55.42	 57.39	 51.69	 55.67	 45.78	 54.42	 54.62	 45.05	 56.87	 58.97	 42.83	 56.19	 52.78	 47.09	 44.85	 43.86	 57.00	 57.67	 49.14	 54.83	 47.62	 53.08	 55.48	 38.11	 55.63	 55.71	 55.69	 48.44	 58.36	 42.40	 56.20	 53.79	 55.25	 45.73	 47.01	 53.91	 60.85	 56.78	 55.50	 49.15	 54.92	 53.49	 54.81		Azemiops_feae 6
							  0.00	 52.58	 58.79	 48.10	 58.35	 56.53	 47.24	 59.09	 58.08	 55.77	 56.97	 50.34	 58.03	 56.97	 48.44	 56.21	 58.12	 46.39	 59.86	 55.15	 50.09	 50.69	 47.58	 56.75	 57.73	 49.91	 56.12	 50.78	 53.21	 57.22	 43.64	 60.24	 57.09	 58.45	 51.74	 59.34	 45.27	 57.34	 54.64	 55.17	 47.06	 50.69	 53.82	 59.10	 58.59	 57.90	 52.33	 54.39	 57.44	 58.25		Daboia_siamensis 7
								  0.00	 58.84	 50.34	 53.99	 54.92	 46.66	 56.70	 53.73	 53.82	 55.18	 52.04	 53.15	 51.87	 52.50	 54.27	 56.40	 52.55	 57.12	 57.46	 44.12	 52.83	 51.81	 57.49	 54.92	 53.33	 53.62	 52.49	 50.68	 57.12	 51.53	 55.33	 56.51	 55.04	 50.43	 59.69	 52.13	 58.60	 55.42	 54.42	 52.32	 48.98	 57.54	 56.58	 54.07	 57.12	 56.78	 54.93	 55.40	 57.80		Charina_bottae 8
									  0.00	 57.75	 54.35	 54.74	 59.22	 62.20	 54.50	 52.92	 52.68	 57.87	 53.43	 54.47	 57.19	 55.57	 59.66	 61.93	 59.42	 55.57	 58.53	 59.28	 57.71	 60.88	 54.41	 59.93	 53.06	 60.24	 54.90	 52.41	 55.33	 57.89	 58.35	 58.61	 59.38	 58.38	 59.32	 56.81	 58.40	 52.09	 58.22	 58.12	 56.82	 57.07	 51.58	 53.58	 61.09	 55.11	 55.22	 57.40		Shinisaurus_crocodilurus 9
										  0.00	 56.71	 54.65	 42.78	 56.21	 54.68	 49.49	 55.18	 41.36	 50.34	 48.80	 44.46	 52.07	 57.69	 48.22	 57.14	 52.79	 46.91	 45.97	 42.25	 55.29	 55.67	 49.83	 53.29	 38.64	 54.55	 52.96	 47.55	 55.90	 56.66	 55.78	 42.04	 59.32	 46.95	 58.77	 56.85	 55.44	 43.78	 44.43	 53.91	 55.06	 54.25	 58.23	 43.39	 52.97	 54.27	 51.95		Ophiophagus_hannah 10
											  0.00	 58.00	 56.97	 56.75	 57.36	 54.83	 45.09	 56.66	 53.68	 52.95	 55.63	 53.90	 58.60	 61.05	 57.99	 51.00	 57.24	 59.01	 55.46	 55.42	 58.33	 59.83	 47.29	 60.54	 50.34	 54.17	 58.85	 61.25	 58.99	 60.00	 58.41	 58.35	 61.15	 60.37	 54.67	 45.83	 54.78	 60.65	 56.03	 52.86	 53.59	 56.43	 58.16	 52.33	 57.07	 56.33		Anolis_sagrei 11
												  0.00	 52.20	 59.15	 53.73	 53.08	 57.83	 52.86	 54.26	 52.53	 54.25	 52.10	 56.29	 53.95	 55.44	 41.68	 56.46	 57.19	 51.53	 56.66	 15.16	 59.73	 52.46	 54.58	 53.12	 36.57	 56.30	 57.60	 53.60	 56.78	 51.73	 56.90	 57.58	 56.59	 42.01	 52.59	 56.29	 57.58	 53.26	 58.29	 53.97	 54.05	 57.12	 52.59	 53.20	 44.65		Lacerta_bilineata 12
													  0.00	 57.41	 53.24	 53.15	 57.48	 44.82	 54.87	 53.18	 43.54	 51.30	 57.09	 49.66	 54.83	 56.61	 46.47	 40.24	 41.67	 55.29	 54.75	 49.06	 50.78	 45.58	 55.67	 56.61	 48.64	 54.97	 54.34	 53.32	 44.12	 55.14	 51.10	 56.83	 54.24	 49.57	 42.35	 44.50	 53.39	 57.22	 54.51	 53.91	 47.96	 53.91	 53.33	 56.27		Imantodes_cenchoa 13
														  0.00	 59.62	 56.16	 60.17	 56.80	 57.98	 56.50	 58.48	 57.32	 58.43	 57.73	 60.52	 57.09	 57.42	 60.98	 57.09	 57.46	 59.66	 61.04	 54.88	 58.03	 57.17	 57.26	 57.73	 58.32	 59.69	 61.50	 59.75	 57.66	 57.83	 61.23	 57.78	 55.48	 57.69	 59.13	 54.64	 55.52	 57.12	 62.16	 57.69	 57.26	 59.69	 56.92		Phrynocephalus_versicolor 14
															  0.00	 48.33	 58.36	 53.64	 50.17	 49.08	 58.90	 48.83	 54.25	 58.04	 58.84	 55.56	 52.04	 56.51	 56.34	 56.27	 56.72	 55.80	 52.29	 58.19	 52.95	 54.73	 57.36	 57.89	 55.22	 54.12	 59.97	 56.49	 56.44	 57.12	 57.71	 53.43	 57.53	 58.36	 53.00	 56.62	 48.84	 52.65	 60.07	 51.26	 54.73	 55.06		Cryptoblepharus_egeriae 15
																  0.00	 55.00	 52.36	 31.50	 31.09	 55.38	 49.16	 52.73	 55.07	 53.57	 53.41	 48.89	 55.57	 53.33	 51.61	 55.74	 57.26	 48.56	 52.98	 48.06	 52.58	 54.39	 54.41	 55.22	 50.42	 57.37	 55.91	 52.28	 54.77	 57.07	 47.25	 55.38	 53.49	 52.76	 54.96	 51.00	 52.58	 58.77	 48.25	 50.76	 54.08		Iguana_delicatissima 16
																	  0.00	 57.67	 52.17	 53.29	 54.95	 55.59	 57.58	 62.39	 57.65	 54.67	 55.54	 58.83	 55.80	 58.81	 59.83	 56.92	 48.14	 57.48	 55.56	 59.00	 55.48	 60.24	 55.46	 57.48	 56.33	 56.83	 58.28	 57.86	 55.67	 48.00	 55.12	 57.07	 59.31	 56.90	 53.26	 55.93	 58.16	 58.00	 57.58	 58.17		Anolis_carolinensis 17
																		  0.00	 54.75	 54.44	 45.66	 55.31	 59.11	 49.66	 57.88	 54.38	 47.10	 47.60	 42.59	 54.17	 56.73	 51.37	 53.78	 46.01	 53.92	 54.04	 46.97	 57.58	 56.63	 57.46	 45.67	 57.99	 50.25	 59.39	 56.57	 54.05	 46.85	 49.74	 57.02	 56.05	 55.07	 57.26	 48.90	 54.39	 55.18	 54.38		Myanophis_thanlyinensis 18
																			  0.00	 36.26	 55.40	 49.66	 55.14	 53.56	 57.00	 54.09	 50.26	 56.11	 53.17	 52.30	 56.59	 61.06	 48.04	 54.19	 48.22	 53.59	 53.56	 56.97	 54.05	 52.45	 58.09	 56.85	 55.01	 55.80	 57.60	 47.40	 55.75	 51.79	 52.94	 52.94	 52.84	 53.59	 58.80	 47.91	 52.62	 55.43		Cyclura_pinguis 19
																				  0.00	 54.92	 47.64	 54.04	 55.12	 54.78	 51.35	 51.97	 55.59	 55.27	 50.26	 54.55	 58.15	 48.80	 53.36	 49.49	 52.36	 56.14	 55.14	 55.88	 54.76	 54.51	 57.68	 52.65	 57.63	 54.55	 47.64	 56.13	 51.79	 53.45	 56.10	 51.43	 54.96	 58.52	 46.62	 51.71	 53.54		Ctenosaura_bakeri 20
																					  0.00	 55.11	 57.47	 50.85	 61.42	 54.42	 50.60	 44.85	 35.54	 58.39	 54.25	 48.36	 50.61	 47.78	 52.76	 55.44	 47.45	 56.70	 57.78	 58.12	 45.49	 56.87	 47.87	 61.13	 55.95	 51.79	 35.37	 46.38	 56.54	 57.24	 55.73	 58.70	 46.93	 54.27	 57.29	 55.10		Ptyas_mucosa 21
																						  0.00	 55.00	 59.59	 55.99	 52.10	 54.89	 53.20	 51.47	 57.29	 54.79	 56.45	 52.32	 56.82	 50.43	 53.11	 56.85	 59.97	 57.85	 56.39	 56.94	 55.90	 55.57	 57.22	 54.79	 52.29	 54.59	 52.23	 52.32	 49.58	 50.50	 48.99	 56.99	 51.78	 54.62	 52.61		Lerista_edwardsae 22
																							  0.00	 59.79	 58.48	 59.01	 57.51	 59.30	 57.99	 57.39	 58.33	 59.69	 55.65	 59.00	 56.22	 57.82	 59.11	 60.07	 50.09	 54.17	 59.68	 57.75	 59.55	 54.34	 59.18	 57.34	 60.42	 59.62	 56.94	 56.48	 51.27	 54.08	 63.15	 54.00	 57.98	 59.69		Lepidodactylus_listeri 23
																								  0.00	 58.05	 54.29	 51.37	 50.00	 48.30	 59.86	 57.31	 52.39	 59.45	 49.83	 56.31	 56.13	 35.29	 58.67	 54.84	 54.65	 54.33	 59.86	 39.73	 56.85	 55.46	 56.76	 51.19	 50.77	 57.89	 59.45	 55.41	 57.50	 53.39	 55.74	 59.42	 56.81		Bothrops_jararaca 24
																									  0.00	 56.80	 54.31	 60.62	 61.42	 56.36	 58.50	 58.86	 54.84	 58.45	 59.01	 55.61	 59.76	 58.49	 57.63	 62.63	 59.93	 60.62	 58.49	 59.22	 54.42	 56.39	 61.25	 58.93	 54.59	 61.68	 56.29	 55.69	 62.93	 56.80	 40.75	 54.76		Varanus_komodoensis 25
																										  0.00	 54.93	 55.48	 53.57	 57.34	 40.53	 57.68	 51.61	 53.90	 54.64	 40.86	 54.45	 60.98	 57.62	 61.31	 54.33	 58.92	 58.08	 56.93	 37.23	 51.25	 55.27	 55.88	 55.15	 53.94	 54.14	 55.21	 57.63	 53.76	 55.22	 24.71		Podarcis_muralis 26
																											  0.00	 49.74	 44.91	 54.40	 59.52	 52.57	 52.50	 48.71	 53.68	 52.89	 50.34	 55.34	 55.33	 55.75	 53.83	 58.35	 51.45	 60.34	 56.12	 52.73	 48.36	 51.11	 55.21	 57.53	 54.76	 55.10	 52.50	 52.39	 54.56	 54.59		Morelia_viridis 27
																												  0.00	 41.24	 60.17	 58.05	 48.03	 56.27	 48.63	 51.64	 56.85	 49.14	 56.92	 56.97	 54.30	 49.91	 60.17	 49.91	 61.27	 58.05	 54.30	 45.02	 47.50	 58.43	 58.20	 56.68	 53.08	 46.91	 55.40	 57.41	 56.16		Diadophis_punctatus 28
																													  0.00	 55.31	 54.42	 45.96	 53.57	 46.59	 53.62	 54.42	 47.11	 57.56	 53.68	 55.38	 50.00	 58.08	 47.87	 58.05	 57.14	 51.45	 28.57	 45.69	 56.02	 53.97	 55.38	 55.80	 49.32	 53.92	 55.57	 54.76		Pantherophis_guttatus 29
																														  0.00	 58.35	 59.55	 49.40	 53.85	 55.65	 58.18	 57.31	 55.44	 56.95	 59.12	 59.23	 59.86	 58.09	 60.34	 57.67	 51.78	 60.34	 59.66	 47.17	 52.90	 54.99	 58.18	 59.66	 53.90	 55.54	 58.35		Aspidoscelis_marmoratus 30
																															  0.00	 58.53	 54.50	 55.76	 54.13	 39.54	 59.33	 59.63	 55.44	 58.96	 53.11	 58.92	 59.60	 58.26	 42.83	 53.76	 58.33	 57.41	 54.81	 57.79	 55.63	 53.88	 58.47	 53.09	 54.55	 42.34		Lacerta_viridis 31
																																  0.00	 56.85	 52.32	 57.22	 58.53	 53.58	 57.59	 55.59	 59.42	 51.74	 60.82	 51.11	 59.35	 57.51	 57.02	 44.23	 47.00	 54.59	 58.25	 56.66	 58.87	 48.20	 59.32	 53.61	 58.02		Boaedon_fuliginosus 32
																																	  0.00	 55.11	 45.84	 52.46	 56.19	 55.17	 54.45	 55.48	 55.20	 56.60	 57.83	 56.56	 51.61	 26.15	 54.09	 54.07	 50.96	 52.56	 53.22	 51.10	 56.67	 43.97	 52.14	 53.48		Phrynosoma_platyrhinos 33
																																		  0.00	 54.81	 55.08	 48.81	 57.36	 58.97	 59.45	 45.23	 55.99	 51.10	 59.90	 57.29	 56.56	 50.85	 48.11	 57.84	 58.08	 53.83	 58.16	 44.07	 55.10	 55.04	 55.76		Naja_naja 34
																																			  0.00	 53.63	 57.34	 60.34	 56.12	 54.50	 59.09	 57.99	 55.38	 56.68	 57.17	 45.36	 55.00	 54.04	 56.06	 53.22	 55.72	 54.47	 55.15	 28.45	 52.72	 54.47		Sceloporus_tristichus 35
																																				  0.00	 55.80	 57.94	 55.78	 58.12	 55.02	 60.10	 57.58	 57.60	 42.50	 54.59	 57.99	 55.54	 54.81	 57.45	 54.47	 55.70	 54.58	 54.26	 53.70	 42.83		Lacerta_agilis 36
																																					  0.00	 59.18	 56.88	 55.67	 51.56	 60.37	 39.23	 57.87	 57.14	 57.60	 48.64	 47.87	 58.41	 57.41	 55.07	 54.64	 52.20	 56.08	 55.01	 56.81		Protobothrops_mucrosquamatus 37
																																						  0.00	 61.29	 58.52	 58.57	 60.14	 56.73	 59.22	 59.80	 58.64	 59.35	 55.42	 59.13	 60.58	 57.12	 61.15	 61.64	 57.19	 57.63	 60.30		Pogona_vitticeps 38
																																							  0.00	 55.14	 60.87	 59.90	 59.86	 60.17	 58.46	 54.21	 58.29	 56.53	 57.17	 59.05	 54.29	 54.70	 60.85	 56.23	 58.23	 59.13		Gekko_japonicus 39
																																								  0.00	 59.72	 60.71	 55.42	 60.50	 61.31	 58.59	 60.41	 56.92	 59.04	 54.90	 53.11	 53.60	 61.84	 55.97	 55.14	 60.47		Sphaerodactylus_townsendi 40
																																									  0.00	 59.93	 53.03	 60.87	 56.06	 56.60	 47.05	 47.74	 58.49	 56.64	 56.67	 59.34	 42.81	 56.50	 60.98	 54.33		Bungarus_multicintus 41
																																										  0.00	 59.97	 61.72	 58.42	 58.11	 57.22	 59.69	 59.93	 61.93	 55.56	 59.60	 59.42	 58.35	 60.95	 59.76		Paroedura_picta 42
																																											  0.00	 58.81	 58.92	 57.02	 50.77	 52.73	 58.33	 60.58	 57.19	 57.77	 54.67	 54.99	 54.08	 58.25		Crotalus_tigris 43
																																												  0.00	 58.76	 57.29	 60.45	 57.61	 56.21	 55.39	 56.69	 59.03	 62.97	 53.94	 56.93	 57.10		Sphenodon_punctatus 44
																																													  0.00	 54.42	 55.44	 58.77	 56.87	 55.44	 53.48	 59.83	 59.66	 54.26	 54.21	 36.24		Zootoca_vivipara 45
																																														  0.00	 51.45	 55.97	 53.89	 51.60	 55.69	 53.68	 57.07	 45.58	 51.94	 55.09		Phrynosoma_blainvillii 46
																																															  0.00	 46.38	 55.15	 55.17	 57.26	 56.48	 50.85	 55.97	 58.66	 55.44		Pituophis_catenifer 47
																																																  0.00	 58.78	 57.90	 53.75	 57.75	 48.63	 57.00	 56.87	 55.71		Tropidonophis_doriae 48
																																																	  0.00	 52.85	 54.20	 55.92	 61.50	 55.00	 53.03	 55.84		Salvator_merianae 49
																																																		  0.00	 52.51	 55.11	 59.62	 53.96	 59.63	 56.62		Eublepharis_macularius 50
																																																			  0.00	 50.83	 57.92	 54.35	 56.83	 53.31		Hemicordylus_capensis 51
																																																				  0.00	 61.22	 54.35	 56.49	 56.20		Plestiodon_gilberti 52
																																																					  0.00	 60.37	 60.51	 57.46		Laticauda_colubrina 53
																																																						  0.00	 53.70	 55.26		Sceloporus_occidentalis 54
																																																							  0.00	 53.03		Varanus_salvator 55
																																																								  0.00		Podarci_raffonei 56
